NMF_Replicate	L1	L1 %	L2	L2 %	KL Divergence	Correlation	Convergence Iterations
1	10.922	160.733	3.224	89.512	2.214	0.377	40000.0
2	10.976	161.984	3.227	89.851	2.172	0.372	40000.0
3	10.819	160.475	3.201	89.081	2.165	0.383	40000.0
4	11.051	162.531	3.259	90.047	2.184	0.37	30000.0
5	10.874	160.211	3.233	89.337	2.161	0.38	20000.0
6	10.864	161.026	3.212	89.653	2.157	0.378	40000.0
7	10.86	160.984	3.185	89.22	2.189	0.371	20000.0
8	10.6	158.007	3.103	88.399	2.138	0.395	40000.0
9	11.292	161.525	3.307	89.56	2.129	0.384	30000.0
10	10.833	162.389	3.186	90.083	2.185	0.364	20000.0
11	10.825	160.035	3.171	89.066	2.16	0.379	20000.0
12	10.936	159.989	3.233	89.277	2.139	0.38	40000.0
13	11.085	160.938	3.269	90.007	2.188	0.365	30000.0
14	10.89	160.836	3.227	89.459	2.131	0.385	20000.0
15	10.726	159.354	3.147	89.016	2.124	0.394	30000.0
16	10.816	160.401	3.178	89.099	2.155	0.392	30000.0
17	10.938	159.646	3.234	89.196	2.143	0.385	40000.0
18	10.932	162.051	3.231	89.679	2.149	0.373	20000.0
19	11.224	161.683	3.281	89.746	2.13	0.379	60000.0
20	11.043	163.081	3.242	90.26	2.174	0.363	40000.0
21	11.008	162.9	3.246	90.251	2.157	0.36	40000.0
22	10.837	159.433	3.212	88.775	2.176	0.389	30000.0
23	10.975	163.506	3.189	90.336	2.192	0.36	20000.0
24	10.851	158.611	3.188	88.616	2.204	0.385	30000.0
25	10.761	160.008	3.167	88.785	2.158	0.382	20000.0
26	11.157	160.549	3.315	89.403	2.121	0.386	30000.0
27	10.958	159.79	3.242	89.171	2.142	0.389	40000.0
28	10.763	162.116	3.177	89.778	2.178	0.373	20000.0
29	11.037	160.145	3.218	89.192	2.147	0.383	20000.0
30	10.792	160.606	3.17	89.405	2.176	0.382	20000.0
31	10.772	158.795	3.184	88.925	2.14	0.386	30000.0
32	11.129	160.334	3.252	89.349	2.134	0.381	20000.0
33	11.036	159.82	3.235	89.394	2.169	0.383	30000.0
34	11.038	161.56	3.226	89.54	2.176	0.377	20000.0
35	10.698	161.262	3.13	89.36	2.157	0.379	30000.0
36	10.866	160.607	3.23	89.209	2.146	0.386	20000.0
37	10.846	160.66	3.191	89.317	2.178	0.382	30000.0
38	10.811	159.495	3.144	88.997	2.181	0.387	30000.0
39	11.14	160.383	3.298	89.42	2.117	0.384	20000.0
40	10.754	160.577	3.15	89.154	2.167	0.386	20000.0
41	10.811	161.864	3.185	89.53	2.177	0.377	30000.0
42	11.145	160.321	3.291	89.447	2.133	0.386	40000.0
43	10.992	161.019	3.232	89.798	2.142	0.377	30000.0
44	10.831	162.276	3.173	89.897	2.17	0.373	30000.0
45	10.85	161.332	3.194	89.405	2.204	0.369	30000.0
46	10.887	159.793	3.223	89.4	2.18	0.372	40000.0
47	10.769	161.687	3.145	89.433	2.178	0.372	20000.0
48	10.974	160.77	3.194	89.552	2.187	0.372	20000.0
49	10.843	160.047	3.195	89.092	2.257	0.382	20000.0
50	11.153	161.095	3.291	89.836	2.145	0.373	20000.0
51	10.646	158.245	3.133	88.293	2.129	0.404	20000.0
52	11.043	162.579	3.245	90.065	2.164	0.37	30000.0
53	10.817	161.845	3.208	89.623	2.174	0.382	30000.0
54	11.038	160.85	3.282	89.656	2.136	0.381	30000.0
55	10.74	160.777	3.163	89.413	2.171	0.384	30000.0
56	10.807	158.589	3.18	88.417	2.125	0.396	30000.0
57	10.785	160.115	3.157	88.907	2.151	0.389	20000.0
58	11.11	160.886	3.301	89.622	2.114	0.385	20000.0
59	10.918	160.864	3.233	89.453	2.124	0.385	20000.0
60	10.829	160.242	3.19	89.09	2.153	0.385	20000.0
61	10.749	159.062	3.167	88.407	2.131	0.401	20000.0
62	10.853	160.458	3.205	89.076	2.134	0.387	30000.0
63	10.732	158.418	3.162	88.261	2.177	0.384	30000.0
64	10.704	160.206	3.135	88.913	2.166	0.392	30000.0
65	10.788	160.598	3.181	88.973	2.144	0.39	20000.0
66	10.8	159.372	3.18	89.175	2.149	0.381	20000.0
67	10.784	161.732	3.149	89.717	2.177	0.375	40000.0
68	11.033	161.524	3.268	89.853	2.174	0.375	20000.0
69	10.775	160.453	3.187	89.277	2.146	0.377	20000.0
70	10.937	162.962	3.208	89.913	2.2	0.372	60000.0
71	10.833	160.359	3.2	89.253	2.16	0.386	70000.0
72	10.856	161.179	3.18	89.507	2.14	0.384	40000.0
73	11.021	162.083	3.242	90.078	2.171	0.365	20000.0
74	10.879	161.632	3.216	89.945	2.183	0.373	30000.0
75	10.812	158.993	3.177	88.389	2.183	0.387	20000.0
76	10.87	160.185	3.182	89.266	2.158	0.383	30000.0
77	10.753	161.572	3.169	89.57	2.196	0.378	20000.0
78	11.112	160.519	3.276	89.31	2.107	0.386	30000.0
79	10.741	161.339	3.185	89.618	2.239	0.378	20000.0
80	10.831	158.425	3.185	88.638	2.143	0.395	20000.0
81	10.926	160.807	3.228	89.556	2.122	0.375	30000.0
82	10.854	162.278	3.2	89.815	2.174	0.368	40000.0
83	10.769	158.613	3.179	88.569	2.115	0.398	20000.0
84	10.724	159.966	3.161	89.431	2.16	0.385	20000.0
85	11.127	162.569	3.285	89.881	2.161	0.377	20000.0
86	10.791	159.999	3.185	88.898	2.113	0.396	20000.0
87	11.119	160.86	3.288	89.702	2.158	0.38	20000.0
88	10.812	160.376	3.187	89.011	2.234	0.381	30000.0
89	10.939	161.514	3.212	89.659	2.164	0.378	30000.0
90	10.719	159.887	3.161	89.035	2.129	0.388	30000.0
91	10.713	160.081	3.171	88.86	2.161	0.387	20000.0
92	10.648	159.502	3.127	88.73	2.152	0.394	20000.0
93	10.878	160.277	3.209	89.26	2.128	0.392	80000.0
94	10.8	159.951	3.191	88.92	2.154	0.39	30000.0
95	10.831	159.918	3.186	89.065	2.174	0.389	20000.0
96	10.942	159.894	3.24	89.174	2.154	0.376	30000.0
97	10.859	160.051	3.161	89.105	2.169	0.386	20000.0
98	10.79	158.409	3.185	88.489	2.145	0.4	20000.0
99	10.852	160.866	3.196	89.328	2.151	0.38	20000.0
100	10.745	159.531	3.16	89.052	2.151	0.389	20000.0
101	11.041	161.529	3.245	89.944	2.159	0.368	20000.0
102	10.962	161.126	3.232	89.757	2.169	0.376	20000.0
103	11.01	160.646	3.243	89.52	2.146	0.381	20000.0
104	11.069	162.049	3.26	89.673	2.128	0.37	30000.0
105	10.803	159.734	3.144	88.763	2.176	0.388	30000.0
106	10.909	160.68	3.212	89.768	2.191	0.369	30000.0
107	10.872	161.288	3.194	89.365	2.152	0.387	30000.0
108	11.142	161.799	3.266	89.955	2.16	0.371	40000.0
109	10.938	162.216	3.223	90.172	2.189	0.368	30000.0
110	10.716	159.586	3.173	88.902	2.15	0.389	20000.0
111	10.807	159.519	3.15	88.63	2.164	0.392	50000.0
112	10.706	158.976	3.154	88.725	2.149	0.394	30000.0
113	10.802	161.685	3.187	89.895	2.175	0.374	30000.0
114	10.84	161.088	3.198	89.437	2.16	0.382	20000.0
115	10.979	161.98	3.205	89.777	2.169	0.377	40000.0
116	10.735	158.033	3.16	88.274	2.137	0.403	30000.0
117	10.684	158.338	3.125	88.252	2.14	0.395	20000.0
118	10.894	160.931	3.175	89.54	2.14	0.383	30000.0
119	10.847	160.309	3.231	89.296	2.149	0.386	30000.0
120	10.865	160.127	3.216	89.349	2.137	0.384	20000.0
121	10.83	158.145	3.211	88.656	2.142	0.398	40000.0
122	11.033	161.168	3.231	89.652	2.131	0.383	40000.0
123	10.871	159.356	3.191	88.922	2.157	0.388	30000.0
124	10.948	161.716	3.211	89.633	2.161	0.377	20000.0
125	10.861	160.567	3.193	89.693	2.202	0.374	20000.0
126	10.722	158.916	3.179	88.577	2.155	0.382	20000.0
127	10.878	160.819	3.189	89.467	2.146	0.383	20000.0
128	11.031	159.875	3.219	89.07	2.174	0.379	20000.0
129	11.06	161.558	3.269	89.557	2.15	0.381	50000.0
130	10.791	162.064	3.168	89.893	2.181	0.369	30000.0
131	10.677	159.649	3.144	88.666	2.164	0.393	40000.0
132	10.846	158.783	3.199	88.616	2.131	0.394	30000.0
133	10.737	160.722	3.171	89.16	2.145	0.385	20000.0
134	10.701	159.672	3.155	89.098	2.138	0.389	20000.0
135	10.71	159.042	3.167	88.994	2.135	0.393	20000.0
136	10.826	161.592	3.2	89.505	2.178	0.375	20000.0
137	10.796	159.105	3.175	88.409	2.148	0.399	50000.0
138	10.907	157.625	3.226	88.112	2.088	0.405	30000.0
139	10.797	161.386	3.153	89.404	2.179	0.379	30000.0
140	10.968	160.7	3.209	89.74	2.137	0.374	30000.0
141	10.767	161.801	3.194	89.652	2.175	0.377	20000.0
142	10.914	160.764	3.221	89.476	2.133	0.383	40000.0
143	10.738	158.875	3.17	88.707	2.133	0.396	20000.0
144	10.848	159.747	3.199	89.088	2.144	0.383	40000.0
145	10.91	159.745	3.193	89.001	2.182	0.377	30000.0
146	10.836	161.922	3.207	89.723	2.209	0.37	20000.0
147	10.979	160.277	3.217	89.426	2.211	0.373	20000.0
148	10.912	161.051	3.27	89.552	2.158	0.374	30000.0
149	10.715	159.929	3.17	89.231	2.127	0.392	20000.0
150	10.88	161.04	3.187	89.333	2.144	0.383	30000.0
151	11.015	161.166	3.292	89.575	2.158	0.375	20000.0
152	10.827	160.423	3.184	89.345	2.16	0.379	20000.0
153	10.863	159.217	3.19	88.857	2.154	0.386	20000.0
154	11.175	160.791	3.302	89.306	2.115	0.388	20000.0
155	10.979	160.971	3.215	89.415	2.15	0.38	40000.0
156	11.064	161.792	3.27	89.641	2.151	0.376	20000.0
157	10.974	161.486	3.227	89.786	2.169	0.376	30000.0
158	10.873	160.154	3.188	89.231	2.115	0.383	20000.0
159	10.582	157.617	3.13	88.155	2.157	0.398	40000.0
160	10.918	161.157	3.227	89.53	2.151	0.375	20000.0
161	10.946	160.371	3.213	90.043	2.206	0.374	20000.0
162	11.055	162.555	3.266	90.173	2.149	0.368	30000.0
163	10.771	159.18	3.157	88.778	2.158	0.385	20000.0
164	10.893	161.163	3.237	89.462	2.17	0.382	30000.0
165	11.087	160.269	3.277	89.009	2.136	0.388	40000.0
166	10.674	157.608	3.135	88.185	2.156	0.399	40000.0
167	10.717	159.66	3.139	88.587	2.156	0.394	20000.0
168	10.813	160.696	3.239	89.414	2.138	0.381	20000.0
169	10.755	158.507	3.178	88.912	2.179	0.388	30000.0
170	10.76	160.456	3.159	89.305	2.223	0.383	30000.0
171	10.915	162.499	3.213	89.826	2.209	0.374	20000.0
172	10.867	160.423	3.181	89.509	2.202	0.379	30000.0
173	10.567	158.412	3.121	88.176	2.131	0.395	20000.0
174	10.953	160.018	3.209	89.554	2.228	0.373	30000.0
175	10.902	159.613	3.191	88.826	2.164	0.393	40000.0
176	10.841	160.677	3.185	89.529	2.159	0.375	50000.0
177	11.297	161.57	3.297	89.725	2.126	0.377	50000.0
178	10.704	158.73	3.172	88.236	2.148	0.398	30000.0
179	11.022	162.347	3.244	89.977	2.156	0.362	20000.0
180	10.718	159.673	3.139	88.419	2.183	0.39	20000.0
181	10.79	161.463	3.154	89.569	2.166	0.379	20000.0
182	10.857	160.515	3.179	89.519	2.147	0.376	40000.0
183	10.672	158.937	3.151	88.425	2.165	0.396	30000.0
184	10.986	161.239	3.247	89.584	2.147	0.38	20000.0
185	10.921	160.847	3.208	89.449	2.15	0.38	20000.0
186	10.755	161.511	3.186	89.354	2.182	0.381	20000.0
187	11.064	161.997	3.257	90.018	2.156	0.367	30000.0
188	10.854	160.791	3.204	89.278	2.183	0.385	20000.0
189	10.644	160.058	3.167	89.164	2.145	0.384	40000.0
190	10.903	162.467	3.214	89.84	2.176	0.374	20000.0
191	10.749	159.025	3.179	88.698	2.155	0.391	20000.0
192	10.994	161.973	3.257	90.086	2.156	0.368	30000.0
193	11.016	161.838	3.28	89.957	2.173	0.369	20000.0
194	10.857	161.815	3.192	89.684	2.179	0.377	30000.0
195	10.708	157.625	3.126	88.302	2.126	0.405	20000.0
196	10.774	159.157	3.163	88.663	2.131	0.39	40000.0
197	10.754	158.721	3.17	88.361	2.147	0.396	40000.0
198	10.9	161.524	3.207	89.818	2.147	0.373	20000.0
199	11.226	162.27	3.277	90.121	2.138	0.372	30000.0
200	11.067	161.49	3.266	89.888	2.162	0.372	30000.0
201	10.842	158.818	3.191	88.717	2.155	0.391	20000.0
202	11.21	161.424	3.264	89.624	2.139	0.377	30000.0
203	10.992	162.227	3.225	89.923	2.182	0.374	20000.0
204	10.784	159.077	3.162	88.62	2.147	0.397	40000.0
205	10.943	161.055	3.236	89.804	2.17	0.376	30000.0
206	10.844	160.07	3.147	88.953	2.153	0.393	40000.0
207	10.742	160.382	3.2	88.886	2.177	0.379	20000.0
208	11.111	161.843	3.268	89.938	2.152	0.368	50000.0
209	10.935	161.106	3.226	89.47	2.159	0.378	30000.0
210	10.77	160.427	3.172	89.262	2.187	0.375	30000.0
211	10.733	161.605	3.177	89.468	2.192	0.377	20000.0
212	10.866	161.163	3.234	89.547	2.161	0.386	30000.0
213	11.103	161.294	3.261	89.441	2.134	0.384	30000.0
214	10.899	161.475	3.216	89.653	2.153	0.38	20000.0
215	11.086	162.255	3.279	89.93	2.163	0.367	40000.0
216	10.724	158.955	3.176	88.639	2.127	0.396	30000.0
217	10.839	160.999	3.191	89.184	2.146	0.39	30000.0
218	10.727	160.149	3.145	88.952	2.156	0.386	20000.0
219	10.85	159.878	3.198	89.015	2.179	0.38	30000.0
220	10.94	160.488	3.213	89.357	2.146	0.379	20000.0
221	10.607	158.143	3.139	88.595	2.166	0.396	50000.0
222	10.915	160.524	3.177	89.078	2.162	0.385	30000.0
223	10.816	161.297	3.17	89.417	2.165	0.385	30000.0
224	10.893	160.35	3.204	89.267	2.139	0.39	40000.0
225	10.754	159.634	3.146	88.799	2.167	0.393	20000.0
226	10.702	159.599	3.144	88.84	2.15	0.389	30000.0
227	10.875	160.919	3.218	89.52	2.151	0.386	30000.0
228	10.785	160.097	3.147	88.967	2.169	0.387	30000.0
229	10.708	160.074	3.173	88.82	2.162	0.395	20000.0
230	11.038	160.275	3.259	89.325	2.165	0.382	20000.0
231	10.888	161.837	3.2	90.039	2.238	0.365	20000.0
232	10.926	160.704	3.251	89.53	2.155	0.379	30000.0
233	10.866	160.731	3.202	89.59	2.14	0.381	20000.0
234	10.692	158.217	3.147	88.278	2.132	0.397	40000.0
235	10.947	160.944	3.195	89.736	2.144	0.382	20000.0
236	10.786	159.621	3.163	88.77	2.138	0.394	20000.0
237	10.989	162.732	3.231	90.089	2.18	0.369	20000.0
238	11.04	161.244	3.253	89.615	2.15	0.382	20000.0
239	10.748	161.896	3.168	89.634	2.187	0.376	20000.0
240	10.84	159.29	3.183	89.22	2.141	0.384	30000.0
241	10.698	160.113	3.14	88.563	2.155	0.398	20000.0
242	10.728	159.182	3.141	88.669	2.155	0.398	30000.0
243	10.895	161.969	3.212	89.742	2.194	0.372	20000.0
244	10.805	162.235	3.177	89.798	2.168	0.372	40000.0
245	10.594	159.75	3.133	88.716	2.133	0.399	20000.0
246	10.769	161.154	3.174	89.456	2.163	0.382	30000.0
247	11.083	162.025	3.288	90.038	2.162	0.364	30000.0
248	11.007	161.709	3.243	89.848	2.155	0.372	30000.0
249	10.763	160.595	3.18	89.373	2.175	0.382	20000.0
250	10.654	158.264	3.146	88.216	2.142	0.397	20000.0
251	10.788	161.871	3.18	89.997	2.194	0.369	20000.0
252	10.99	160.967	3.235	89.542	2.134	0.385	20000.0
253	10.879	161.08	3.219	89.327	2.164	0.386	40000.0
254	10.919	160.711	3.229	89.558	2.149	0.383	20000.0
255	10.908	161.907	3.222	89.897	2.169	0.375	20000.0
256	10.742	160.279	3.157	89.044	2.176	0.39	30000.0
257	11.015	161.268	3.24	89.472	2.201	0.377	30000.0
258	10.708	161.32	3.16	89.464	2.168	0.381	30000.0
259	10.81	160.504	3.171	89.215	2.161	0.387	20000.0
260	10.972	160.646	3.269	89.675	2.157	0.371	20000.0
261	10.799	158.296	3.171	88.366	2.151	0.396	20000.0
262	10.85	159.979	3.223	89.15	2.144	0.386	30000.0
263	11.191	161.259	3.269	89.578	2.118	0.37	20000.0
264	10.693	159.42	3.157	88.985	2.138	0.395	30000.0
265	10.977	161.684	3.263	89.733	2.167	0.378	30000.0
266	10.874	160.77	3.194	89.342	2.146	0.388	30000.0
267	10.762	159.768	3.157	89.101	2.146	0.387	30000.0
268	10.894	160.039	3.256	89.327	2.125	0.385	50000.0
269	10.821	160.131	3.199	89.196	2.172	0.391	20000.0
270	11.015	162.59	3.24	90.14	2.175	0.372	30000.0
271	10.827	159.594	3.184	88.545	2.163	0.392	20000.0
272	10.845	160.127	3.176	89.073	2.161	0.384	20000.0
273	10.902	160.973	3.226	89.632	2.153	0.378	40000.0
274	10.876	160.123	3.175	89.157	2.141	0.386	40000.0
275	11.137	161.057	3.257	89.495	2.121	0.375	20000.0
276	10.788	158.693	3.179	88.738	2.149	0.392	50000.0
277	10.768	160.478	3.165	89.231	2.137	0.389	50000.0
278	10.903	161.458	3.211	89.904	2.157	0.379	20000.0
279	10.853	161.537	3.187	89.724	2.154	0.373	30000.0
280	10.836	162.212	3.193	90.155	2.167	0.364	30000.0
281	10.81	161.461	3.197	89.535	2.164	0.382	20000.0
282	10.886	159.76	3.222	88.645	2.176	0.391	30000.0
283	10.997	161.885	3.235	90.133	2.167	0.362	20000.0
284	11.05	160.995	3.232	89.433	2.123	0.384	20000.0
285	11.0	161.268	3.24	89.548	2.134	0.38	30000.0
286	10.875	159.035	3.183	89.207	2.133	0.385	20000.0
287	10.703	158.219	3.181	88.612	2.158	0.38	20000.0
288	10.797	160.275	3.161	88.934	2.152	0.397	20000.0
289	10.759	159.412	3.182	88.879	2.142	0.39	30000.0
290	10.986	160.416	3.264	89.486	2.172	0.38	50000.0
291	10.92	161.406	3.219	89.821	2.161	0.377	30000.0
292	10.989	159.57	3.22	89.17	2.144	0.384	20000.0
293	11.107	160.4	3.248	89.612	2.127	0.382	30000.0
294	11.035	161.654	3.245	89.38	2.164	0.381	40000.0
295	10.868	161.111	3.205	89.426	2.152	0.386	20000.0
296	10.817	161.708	3.205	89.79	2.159	0.374	40000.0
297	10.861	161.669	3.231	89.729	2.172	0.368	30000.0
298	10.916	161.699	3.191	89.702	2.163	0.371	20000.0
299	10.959	161.095	3.247	89.72	2.165	0.376	20000.0
300	10.626	158.196	3.136	88.23	2.143	0.4	30000.0
301	10.726	160.128	3.164	89.198	2.16	0.388	20000.0
302	10.918	158.966	3.197	88.869	2.165	0.388	30000.0
303	10.832	158.654	3.217	88.627	2.158	0.39	20000.0
304	11.048	161.022	3.262	89.642	2.13	0.382	30000.0
305	10.731	159.823	3.149	89.098	2.149	0.376	20000.0
306	10.965	160.55	3.228	89.378	2.169	0.376	20000.0
307	10.824	158.689	3.217	88.836	2.126	0.393	30000.0
308	10.729	159.436	3.171	88.646	2.169	0.393	20000.0
309	10.757	159.735	3.153	88.717	2.164	0.385	20000.0
310	10.895	161.017	3.211	89.708	2.147	0.379	50000.0
311	10.715	159.289	3.165	89.036	2.135	0.391	20000.0
312	10.786	159.755	3.16	89.075	2.158	0.387	20000.0
313	10.862	161.786	3.167	90.044	2.17	0.371	40000.0
314	10.911	161.238	3.23	89.866	2.162	0.37	20000.0
315	10.64	158.201	3.16	88.083	2.131	0.4	20000.0
316	10.858	160.103	3.224	89.41	2.164	0.375	50000.0
317	10.918	161.637	3.213	89.779	2.168	0.375	30000.0
318	11.035	160.576	3.258	89.761	2.154	0.377	30000.0
319	10.908	160.483	3.208	89.574	2.142	0.387	40000.0
320	10.959	159.094	3.202	89.368	2.207	0.382	20000.0
321	10.778	160.544	3.182	89.359	2.215	0.379	40000.0
322	10.821	160.286	3.17	89.376	2.151	0.386	40000.0
323	10.696	160.495	3.15	89.275	2.139	0.385	20000.0
324	10.775	160.598	3.152	89.287	2.208	0.378	40000.0
325	10.674	158.618	3.133	88.407	2.15	0.4	40000.0
326	10.78	160.19	3.145	88.985	2.144	0.391	20000.0
327	10.711	159.208	3.167	88.527	2.136	0.39	50000.0
328	10.773	159.259	3.165	88.552	2.169	0.389	20000.0
329	10.754	159.413	3.167	89.184	2.244	0.376	20000.0
330	10.776	161.151	3.221	89.749	2.183	0.378	30000.0
331	11.04	160.893	3.246	89.611	2.136	0.378	40000.0
332	10.839	159.674	3.181	88.765	2.198	0.382	30000.0
333	10.821	160.968	3.182	89.287	2.16	0.386	40000.0
334	10.771	158.946	3.197	89.313	2.149	0.378	40000.0
335	10.684	158.95	3.124	88.619	2.126	0.388	40000.0
336	11.112	162.334	3.262	90.041	2.147	0.367	20000.0
337	10.875	160.753	3.221	89.633	2.159	0.379	30000.0
338	10.815	159.082	3.165	89.065	2.142	0.386	40000.0
339	10.731	159.964	3.151	88.922	2.15	0.392	30000.0
340	10.778	158.62	3.163	88.41	2.159	0.389	20000.0
341	10.963	161.029	3.226	89.881	2.157	0.368	40000.0
342	10.677	158.037	3.166	87.937	2.138	0.406	30000.0
343	10.983	159.093	3.238	89.115	2.111	0.385	30000.0
344	10.845	160.63	3.194	89.389	2.138	0.384	20000.0
345	10.904	160.15	3.204	89.439	2.184	0.377	20000.0
346	10.782	160.168	3.187	89.422	2.164	0.382	30000.0
347	11.069	160.998	3.266	89.354	2.106	0.387	20000.0
348	11.019	161.877	3.259	90.04	2.186	0.371	30000.0
349	10.841	159.479	3.195	88.773	2.17	0.388	40000.0
350	10.8	161.416	3.181	89.781	2.17	0.37	20000.0
351	10.792	160.501	3.172	88.791	2.168	0.384	30000.0
352	10.823	160.954	3.189	89.451	2.158	0.382	30000.0
353	10.908	161.361	3.199	89.586	2.177	0.384	30000.0
354	11.038	162.273	3.253	89.987	2.16	0.374	30000.0
355	10.734	160.873	3.189	89.476	2.175	0.379	20000.0
356	10.942	161.289	3.215	89.62	2.152	0.382	20000.0
357	10.929	162.382	3.204	89.894	2.163	0.375	40000.0
358	10.894	162.256	3.217	89.949	2.188	0.371	20000.0
359	10.664	158.756	3.14	88.207	2.143	0.39	20000.0
360	11.337	162.315	3.318	89.917	2.137	0.375	40000.0
361	10.736	158.972	3.181	88.625	2.147	0.395	20000.0
362	10.746	158.611	3.194	88.541	2.164	0.389	20000.0
363	10.998	161.382	3.255	89.723	2.165	0.376	20000.0
364	10.716	158.856	3.146	88.763	2.179	0.385	20000.0
365	10.972	160.613	3.24	89.477	2.125	0.38	20000.0
366	10.77	159.869	3.169	88.991	2.154	0.39	20000.0
367	11.058	160.8	3.257	89.73	2.169	0.376	30000.0
368	10.808	161.96	3.201	89.588	2.2	0.38	20000.0
369	10.681	159.414	3.161	88.627	2.149	0.395	20000.0
370	10.847	159.765	3.196	89.429	2.171	0.379	30000.0
371	10.923	162.035	3.214	90.132	2.227	0.361	20000.0
372	10.964	160.689	3.214	89.422	2.135	0.379	30000.0
373	10.892	161.352	3.227	89.498	2.143	0.379	20000.0
374	10.819	159.379	3.181	88.503	2.183	0.393	20000.0
375	11.057	161.206	3.255	89.561	2.141	0.379	40000.0
376	10.805	160.267	3.172	88.966	2.162	0.386	20000.0
377	10.761	158.571	3.147	88.779	2.155	0.388	20000.0
378	11.043	162.513	3.24	89.967	2.146	0.363	40000.0
379	10.795	159.131	3.182	88.498	2.171	0.381	30000.0
380	11.08	161.501	3.253	89.773	2.162	0.374	20000.0
381	10.942	161.373	3.194	90.031	2.211	0.363	20000.0
382	10.693	158.375	3.147	88.253	2.167	0.394	20000.0
383	11.055	162.338	3.241	89.903	2.17	0.375	30000.0
384	10.815	160.782	3.203	89.515	2.155	0.385	20000.0
385	10.865	160.693	3.208	89.445	2.156	0.381	40000.0
386	10.688	158.191	3.141	88.608	2.146	0.395	20000.0
387	10.882	160.125	3.22	89.308	2.157	0.388	20000.0
388	10.846	161.004	3.181	89.241	2.177	0.38	20000.0
389	11.069	162.104	3.26	89.985	2.163	0.368	20000.0
390	10.853	160.937	3.183	89.586	2.169	0.38	20000.0
391	10.685	160.048	3.135	88.874	2.151	0.388	20000.0
392	10.941	161.675	3.205	89.713	2.127	0.377	20000.0
393	10.958	162.275	3.225	89.956	2.171	0.37	20000.0
394	10.808	159.744	3.183	89.165	2.143	0.378	30000.0
395	11.022	163.352	3.259	90.227	2.198	0.362	20000.0
396	10.811	160.621	3.181	89.308	2.146	0.383	20000.0
397	10.765	161.803	3.182	89.526	2.185	0.376	40000.0
398	10.92	160.871	3.237	89.675	2.165	0.378	20000.0
399	10.705	160.711	3.133	89.123	2.171	0.381	20000.0
400	11.119	162.151	3.273	89.887	2.139	0.376	30000.0
401	11.098	161.595	3.273	89.881	2.147	0.375	20000.0
402	10.734	160.627	3.164	89.578	2.147	0.378	20000.0
403	10.728	161.157	3.161	89.298	2.148	0.385	20000.0
404	10.664	158.321	3.146	88.084	2.138	0.401	20000.0
405	10.821	159.753	3.195	89.238	2.137	0.388	30000.0
406	10.888	160.926	3.204	89.59	2.135	0.386	30000.0
407	10.938	160.644	3.223	89.625	2.146	0.372	20000.0
408	10.842	157.877	3.207	88.783	2.135	0.38	20000.0
409	10.802	158.8	3.185	88.879	2.156	0.39	30000.0
410	10.73	159.725	3.142	88.602	2.185	0.386	40000.0
411	10.846	160.254	3.182	89.319	2.139	0.385	40000.0
412	10.723	159.424	3.166	88.798	2.166	0.389	40000.0
413	10.828	160.788	3.17	89.569	2.18	0.382	20000.0
414	10.836	159.756	3.189	88.803	2.155	0.391	30000.0
415	10.839	160.205	3.208	89.281	2.192	0.377	20000.0
416	11.092	160.219	3.258	89.126	2.105	0.388	20000.0
417	10.694	159.564	3.172	88.814	2.154	0.392	20000.0
418	10.683	158.829	3.157	88.399	2.153	0.399	40000.0
419	10.833	159.474	3.172	88.8	2.148	0.388	20000.0
420	10.716	160.203	3.139	89.024	2.144	0.386	30000.0
421	10.953	158.521	3.24	88.547	2.157	0.397	20000.0
422	10.82	159.853	3.192	89.152	2.133	0.394	40000.0
423	10.708	160.402	3.149	89.089	2.137	0.392	20000.0
424	10.774	159.092	3.161	88.687	2.167	0.386	40000.0
425	10.734	159.318	3.206	88.815	2.128	0.388	20000.0
426	10.776	158.843	3.2	89.149	2.152	0.393	20000.0
427	10.932	162.225	3.227	89.877	2.152	0.369	20000.0
428	10.776	160.513	3.159	89.374	2.155	0.386	20000.0
429	10.841	160.115	3.167	89.376	2.155	0.373	30000.0
430	10.841	161.593	3.176	89.452	2.174	0.379	20000.0
431	11.144	162.154	3.286	90.263	2.156	0.364	30000.0
432	10.884	161.944	3.213	89.975	2.175	0.373	20000.0
433	10.712	158.598	3.138	88.372	2.146	0.404	30000.0
434	11.112	160.986	3.296	89.72	2.173	0.378	40000.0
435	10.87	160.458	3.173	89.548	2.133	0.381	20000.0
436	11.035	161.333	3.249	89.688	2.142	0.378	30000.0
437	10.907	161.519	3.178	89.893	2.149	0.374	20000.0
438	10.746	159.798	3.188	89.084	2.172	0.386	40000.0
439	10.783	160.776	3.18	89.342	2.175	0.384	20000.0
440	10.762	161.108	3.188	89.555	2.146	0.382	20000.0
441	10.708	159.468	3.168	88.842	2.137	0.391	30000.0
442	10.781	161.477	3.185	89.842	2.162	0.371	20000.0
443	10.705	159.965	3.163	88.939	2.155	0.397	20000.0
444	11.13	161.582	3.268	89.573	2.126	0.384	20000.0
445	10.988	160.988	3.224	89.938	2.167	0.365	20000.0
446	11.07	159.907	3.263	89.514	2.158	0.382	30000.0
447	10.8	162.486	3.175	89.642	2.207	0.376	30000.0
448	10.954	159.98	3.221	89.423	2.12	0.386	40000.0
449	11.273	163.075	3.309	90.096	2.141	0.369	30000.0
450	10.788	160.717	3.2	89.335	2.164	0.384	30000.0
451	10.784	160.935	3.177	89.439	2.164	0.383	40000.0
452	10.642	157.958	3.139	87.966	2.116	0.406	20000.0
453	10.764	159.559	3.157	88.886	2.154	0.387	20000.0
454	11.175	160.267	3.264	89.346	2.125	0.39	30000.0
455	10.678	159.487	3.133	88.954	2.133	0.392	30000.0
456	10.82	160.321	3.167	89.221	2.159	0.384	20000.0
457	10.787	158.726	3.181	88.795	2.142	0.39	40000.0
458	11.008	162.143	3.258	89.885	2.144	0.377	20000.0
459	10.573	157.695	3.137	87.85	2.142	0.407	20000.0
460	11.02	160.914	3.245	89.743	2.137	0.381	30000.0
461	10.95	161.952	3.212	89.748	2.184	0.375	30000.0
462	10.807	161.114	3.188	89.628	2.153	0.374	30000.0
463	10.948	160.909	3.242	89.787	2.169	0.372	30000.0
464	10.695	158.407	3.165	88.643	2.145	0.397	20000.0
465	11.084	160.966	3.275	89.37	2.114	0.384	40000.0
466	10.951	159.673	3.24	89.438	2.135	0.376	40000.0
467	10.88	160.849	3.208	89.629	2.133	0.376	30000.0
468	11.108	163.296	3.27	90.312	2.179	0.366	30000.0
469	10.926	161.56	3.212	89.672	2.143	0.382	20000.0
470	10.899	161.403	3.224	89.411	2.172	0.38	40000.0
471	10.953	161.495	3.228	89.874	2.166	0.371	30000.0
472	10.875	161.342	3.192	89.687	2.166	0.377	20000.0
473	11.095	161.994	3.26	89.643	2.147	0.376	20000.0
474	10.752	160.772	3.176	89.403	2.159	0.377	30000.0
475	10.959	161.189	3.265	89.483	2.15	0.383	20000.0
476	10.759	159.316	3.173	88.673	2.148	0.391	40000.0
477	10.853	161.505	3.207	89.778	2.162	0.377	40000.0
478	10.655	159.362	3.139	88.995	2.217	0.387	30000.0
479	10.67	158.656	3.15	88.841	2.166	0.391	50000.0
480	10.782	160.924	3.187	89.707	2.167	0.378	30000.0
481	10.977	161.413	3.228	89.735	2.164	0.376	20000.0
482	10.969	161.44	3.219	89.816	2.191	0.367	40000.0
483	10.815	159.086	3.177	88.762	2.148	0.39	50000.0
484	10.704	158.97	3.159	88.573	2.135	0.396	30000.0
485	10.812	159.966	3.189	89.441	2.125	0.382	30000.0
486	10.804	159.897	3.192	89.468	2.217	0.374	40000.0
487	10.738	158.405	3.151	88.714	2.137	0.395	40000.0
488	11.15	161.216	3.24	89.738	2.174	0.378	60000.0
489	11.073	162.526	3.288	90.004	2.174	0.37	50000.0
490	11.18	160.277	3.263	89.187	2.132	0.391	30000.0
491	10.933	162.189	3.217	89.982	2.15	0.372	20000.0
492	10.87	159.253	3.184	89.119	2.16	0.388	20000.0
493	10.753	160.735	3.139	89.397	2.173	0.381	40000.0
494	10.88	159.281	3.205	89.138	2.158	0.382	30000.0
495	10.926	158.975	3.205	89.1	2.151	0.384	20000.0
496	10.727	159.49	3.165	88.992	2.143	0.394	20000.0
497	10.889	161.545	3.187	89.759	2.164	0.379	20000.0
498	11.006	161.444	3.254	89.728	2.144	0.379	30000.0
499	10.784	161.05	3.161	89.304	2.164	0.377	20000.0
500	11.154	160.706	3.272	89.546	2.135	0.377	20000.0
