NMF_Replicate	L1	L1 %	L2	L2 %	KL Divergence	Correlation	Convergence Iterations
1	104.132	60.843	17.936	40.611	0.467	0.856	30000.0
2	104.172	60.69	18.026	40.563	0.46	0.859	50000.0
3	104.74	61.18	18.32	40.974	0.465	0.856	60000.0
4	105.062	61.285	18.272	41.08	0.465	0.856	30000.0
5	104.612	61.15	18.168	40.936	0.466	0.856	30000.0
6	105.011	61.391	18.284	40.801	0.462	0.859	50000.0
7	105.629	61.931	18.376	41.617	0.467	0.85	30000.0
8	104.956	61.164	18.213	40.889	0.463	0.858	50000.0
9	104.985	60.848	18.113	40.736	0.462	0.857	50000.0
10	103.659	60.83	18.118	40.834	0.458	0.857	60000.0
11	103.604	60.597	17.925	40.766	0.465	0.853	30000.0
12	105.275	61.509	18.335	41.261	0.467	0.854	60000.0
13	103.546	60.556	17.533	40.037	0.47	0.86	70000.0
14	104.646	61.21	18.273	40.905	0.463	0.857	30000.0
15	105.006	61.419	18.304	41.228	0.463	0.854	30000.0
16	105.313	61.741	18.356	41.475	0.468	0.851	30000.0
17	105.326	60.866	18.304	40.864	0.461	0.858	50000.0
18	105.435	61.795	18.369	41.483	0.47	0.853	40000.0
19	104.005	61.523	18.129	41.284	0.469	0.853	40000.0
20	104.453	61.377	18.159	41.271	0.466	0.853	40000.0
21	104.894	61.188	18.212	40.742	0.464	0.858	30000.0
22	105.334	61.569	18.442	41.05	0.466	0.854	40000.0
23	105.004	61.308	17.963	41.009	0.472	0.852	40000.0
24	103.633	60.26	17.688	40.203	0.465	0.858	30000.0
25	103.909	60.663	17.816	40.452	0.467	0.857	30000.0
26	105.003	61.441	18.191	41.091	0.466	0.854	40000.0
27	104.879	61.006	18.23	40.689	0.461	0.858	30000.0
28	105.147	61.18	18.242	41.029	0.464	0.854	30000.0
29	104.602	61.65	18.168	41.314	0.467	0.852	70000.0
30	104.763	60.683	18.378	40.711	0.459	0.859	20000.0
31	105.486	61.712	18.49	41.408	0.469	0.854	80000.0
32	102.987	60.575	17.846	40.494	0.464	0.858	20000.0
33	106.682	62.021	18.854	41.622	0.471	0.852	20000.0
34	103.994	60.81	18.179	40.832	0.46	0.857	30000.0
35	105.855	62.055	18.477	41.376	0.471	0.853	60000.0
36	105.318	61.561	18.255	41.203	0.473	0.85	50000.0
37	104.464	60.786	18.275	40.743	0.459	0.858	40000.0
38	104.499	61.22	18.268	40.968	0.462	0.855	40000.0
39	105.385	61.269	18.424	41.179	0.463	0.853	60000.0
40	105.702	61.676	18.376	41.374	0.467	0.854	50000.0
41	104.939	61.491	18.282	41.267	0.467	0.854	40000.0
42	104.849	61.187	18.322	41.163	0.465	0.854	90000.0
43	104.308	60.761	17.968	40.437	0.458	0.86	60000.0
44	104.829	60.928	18.195	40.696	0.461	0.858	30000.0
45	103.844	60.882	17.956	40.632	0.46	0.858	40000.0
46	104.723	61.044	18.218	41.068	0.465	0.855	50000.0
47	105.432	60.831	18.584	40.991	0.458	0.857	40000.0
48	104.498	61.114	18.32	41.141	0.467	0.854	30000.0
49	104.767	61.251	18.111	40.992	0.469	0.854	30000.0
50	105.323	61.295	18.378	41.29	0.466	0.852	30000.0
51	105.516	61.441	18.368	41.158	0.465	0.853	40000.0
52	105.219	61.525	18.4	41.297	0.464	0.855	70000.0
53	104.545	60.452	18.288	40.66	0.456	0.859	20000.0
54	104.79	61.17	18.118	40.829	0.467	0.855	40000.0
55	104.33	61.213	18.093	41.038	0.462	0.854	30000.0
56	105.596	61.517	18.52	41.472	0.464	0.854	30000.0
57	106.414	62.152	18.391	41.613	0.476	0.849	60000.0
58	105.595	61.429	18.373	41.072	0.462	0.857	40000.0
59	104.598	60.97	18.09	40.894	0.46	0.857	20000.0
60	103.91	60.432	17.989	40.387	0.454	0.86	50000.0
61	104.935	61.423	18.148	41.122	0.47	0.853	30000.0
62	103.804	60.934	17.951	40.756	0.464	0.855	70000.0
63	105.599	61.594	18.355	41.128	0.466	0.855	20000.0
64	105.048	61.262	18.348	41.036	0.468	0.853	40000.0
65	103.895	61.043	18.005	40.92	0.462	0.855	50000.0
66	104.249	60.999	18.083	40.726	0.46	0.857	40000.0
67	104.993	60.99	18.298	41.001	0.462	0.855	30000.0
68	104.605	61.036	18.203	40.944	0.464	0.856	20000.0
69	104.435	61.168	18.181	41.055	0.469	0.855	40000.0
70	103.819	60.751	17.871	40.577	0.464	0.857	60000.0
71	104.017	60.978	18.076	40.886	0.462	0.856	30000.0
72	104.948	61.154	18.377	40.977	0.462	0.857	20000.0
73	104.908	61.562	18.329	41.289	0.468	0.852	60000.0
74	105.039	61.312	18.464	41.056	0.466	0.855	30000.0
75	104.196	61.022	17.903	40.903	0.468	0.855	50000.0
76	105.133	61.613	18.141	41.106	0.469	0.855	30000.0
77	105.498	61.879	18.359	41.544	0.472	0.851	40000.0
78	104.844	61.345	18.21	40.928	0.468	0.854	60000.0
79	105.134	61.627	18.157	41.416	0.472	0.85	30000.0
80	105.244	61.334	18.325	41.105	0.468	0.855	50000.0
81	104.782	61.199	18.148	40.941	0.463	0.856	30000.0
82	104.963	61.324	18.18	40.919	0.464	0.857	30000.0
83	104.479	60.884	18.246	40.624	0.464	0.859	30000.0
84	104.739	61.417	18.126	41.362	0.466	0.851	20000.0
85	104.072	60.798	18.164	40.604	0.461	0.859	40000.0
86	105.254	61.373	18.402	41.263	0.462	0.854	20000.0
87	104.142	60.545	18.375	40.599	0.455	0.859	30000.0
88	105.218	61.264	18.386	41.236	0.462	0.855	50000.0
89	104.726	60.804	18.305	40.847	0.463	0.857	40000.0
90	105.501	61.36	18.232	41.019	0.466	0.854	60000.0
91	104.383	61.35	18.05	41.164	0.466	0.853	30000.0
92	104.093	61.223	18.166	40.999	0.463	0.855	50000.0
93	104.726	61.295	18.185	41.035	0.471	0.852	40000.0
94	104.877	61.236	18.322	41.007	0.46	0.857	30000.0
95	104.404	60.97	18.109	40.717	0.46	0.858	30000.0
96	105.646	61.441	18.547	41.13	0.461	0.857	30000.0
97	104.768	61.361	18.265	41.263	0.472	0.852	20000.0
98	103.873	60.656	17.948	40.428	0.462	0.86	20000.0
99	104.851	61.518	18.342	41.197	0.468	0.854	60000.0
100	105.761	61.549	18.452	41.385	0.469	0.852	30000.0
