NMF_Replicate	L1	L1 %	L2	L2 %	KL Divergence	Correlation	Convergence Iterations
1	19.742	117.011	5.179	73.285	1.288	0.601	20000.0
2	19.418	116.315	5.096	72.766	1.285	0.602	20000.0
3	19.236	113.885	4.998	71.263	1.338	0.615	40000.0
4	19.39	113.801	5.092	71.794	1.263	0.622	30000.0
5	19.953	116.687	5.188	73.131	1.292	0.606	40000.0
6	19.863	117.518	5.188	73.527	1.318	0.599	20000.0
7	19.57	115.192	5.151	72.875	1.266	0.606	40000.0
8	19.551	116.49	5.127	72.667	1.307	0.605	30000.0
9	19.439	116.264	5.079	72.631	1.319	0.603	20000.0
10	19.469	115.835	5.174	72.537	1.297	0.607	40000.0
11	19.183	114.377	4.962	72.083	1.294	0.61	30000.0
12	19.821	118.197	5.148	73.575	1.3	0.596	40000.0
13	18.714	109.794	4.777	69.003	1.262	0.638	30000.0
14	19.567	115.214	5.166	72.689	1.283	0.604	20000.0
15	19.201	112.678	4.9	70.617	1.27	0.627	40000.0
16	19.219	114.304	5.019	72.032	1.292	0.613	30000.0
17	18.951	112.653	4.986	71.232	1.309	0.616	20000.0
18	18.574	109.614	4.722	69.416	1.309	0.633	20000.0
19	19.421	115.696	5.09	72.597	1.273	0.609	20000.0
20	19.659	115.062	5.109	72.776	1.288	0.604	20000.0
21	19.588	115.111	5.126	72.793	1.285	0.609	30000.0
22	19.856	116.883	5.158	73.254	1.284	0.607	20000.0
23	19.637	116.8	5.117	73.383	1.311	0.596	20000.0
24	19.432	114.255	5.05	72.019	1.282	0.62	30000.0
25	19.467	116.1	5.151	73.332	1.274	0.6	40000.0
26	19.422	115.88	5.111	73.118	1.275	0.605	40000.0
27	20.191	118.813	5.222	73.63	1.303	0.597	20000.0
28	19.519	116.254	5.104	72.487	1.307	0.607	30000.0
29	19.585	116.976	5.114	72.905	1.293	0.604	20000.0
30	18.558	108.375	4.732	68.335	1.265	0.647	30000.0
31	19.124	115.262	4.944	71.977	1.291	0.611	40000.0
32	19.203	113.841	5.024	71.473	1.269	0.625	20000.0
33	19.882	116.851	5.2	73.438	1.291	0.603	20000.0
34	18.955	111.059	4.855	69.983	1.286	0.629	30000.0
35	18.524	109.418	4.788	68.886	1.268	0.641	20000.0
36	19.978	117.884	5.288	73.839	1.299	0.597	20000.0
37	19.34	115.404	5.072	72.649	1.278	0.607	30000.0
38	19.401	115.657	5.115	72.964	1.311	0.604	40000.0
39	19.588	115.859	5.165	73.208	1.29	0.599	20000.0
40	19.897	116.665	5.274	73.578	1.29	0.601	20000.0
41	19.729	116.574	5.175	73.505	1.283	0.597	40000.0
42	19.326	114.828	5.002	71.567	1.27	0.629	30000.0
43	18.981	110.839	4.898	70.367	1.271	0.632	30000.0
44	18.603	110.318	4.722	69.35	1.285	0.638	20000.0
45	18.829	110.885	4.819	70.018	1.272	0.635	30000.0
46	19.341	112.948	4.957	70.879	1.284	0.621	30000.0
47	18.823	111.007	4.841	69.796	1.283	0.631	50000.0
48	19.316	113.426	4.95	71.561	1.295	0.618	20000.0
49	18.319	109.224	4.72	69.11	1.287	0.644	30000.0
50	19.284	113.644	4.929	71.078	1.296	0.622	20000.0
51	19.498	114.906	5.025	71.836	1.271	0.617	20000.0
52	19.266	114.669	5.018	72.85	1.295	0.603	30000.0
53	18.714	110.492	4.797	69.792	1.273	0.636	30000.0
54	19.564	114.77	5.074	71.697	1.272	0.624	20000.0
55	19.658	115.237	5.147	72.402	1.293	0.614	30000.0
56	19.142	112.043	4.947	70.385	1.225	0.638	30000.0
57	19.301	114.631	5.062	72.382	1.275	0.611	40000.0
58	19.079	112.674	4.978	70.902	1.279	0.627	40000.0
59	19.476	113.808	5.045	71.352	1.263	0.619	20000.0
60	19.671	116.5	5.101	73.013	1.298	0.602	20000.0
61	19.705	114.659	5.099	72.18	1.289	0.616	40000.0
62	19.42	115.019	5.13	72.677	1.253	0.614	40000.0
63	19.736	117.169	5.21	73.535	1.286	0.6	20000.0
64	18.941	111.608	4.841	70.141	1.292	0.626	40000.0
65	19.719	118.217	5.123	73.577	1.325	0.594	20000.0
66	19.592	117.128	5.093	73.23	1.283	0.6	20000.0
67	19.216	113.926	5.017	71.518	1.279	0.62	40000.0
68	19.155	113.167	5.069	71.801	1.319	0.614	20000.0
69	19.608	117.113	5.161	73.328	1.312	0.597	20000.0
70	19.461	116.247	5.092	73.155	1.332	0.604	20000.0
71	19.564	115.633	5.133	72.644	1.287	0.61	20000.0
72	19.575	115.577	5.11	72.631	1.287	0.609	20000.0
73	19.486	116.152	5.164	72.845	1.264	0.611	40000.0
74	18.422	108.85	4.743	68.44	1.243	0.648	30000.0
75	19.274	114.241	5.045	72.141	1.296	0.607	20000.0
76	19.679	116.625	5.161	73.55	1.318	0.597	40000.0
77	19.502	115.062	5.067	72.265	1.306	0.608	20000.0
78	19.435	114.967	5.107	72.558	1.309	0.608	30000.0
79	19.073	111.848	4.889	69.944	1.256	0.638	30000.0
80	19.325	115.313	5.102	72.555	1.314	0.605	30000.0
81	19.825	117.227	5.247	73.418	1.313	0.598	30000.0
82	18.2	107.448	4.693	67.941	1.281	0.65	20000.0
83	19.295	115.53	5.123	72.931	1.256	0.606	20000.0
84	19.091	111.664	4.957	70.758	1.3	0.624	20000.0
85	19.928	117.95	5.274	74.407	1.315	0.587	20000.0
86	19.561	115.382	5.136	73.291	1.275	0.606	20000.0
87	19.109	111.678	4.978	70.618	1.274	0.628	20000.0
88	18.777	112.597	4.924	70.858	1.274	0.624	20000.0
89	19.507	116.573	5.116	73.45	1.312	0.597	20000.0
90	19.689	114.917	5.179	72.528	1.251	0.616	40000.0
91	19.427	114.282	5.115	72.245	1.284	0.609	30000.0
92	19.534	114.812	5.077	72.103	1.28	0.613	40000.0
93	19.302	114.825	5.001	71.751	1.298	0.612	20000.0
94	19.6	116.162	5.185	73.331	1.274	0.608	20000.0
95	19.59	116.946	5.148	73.239	1.284	0.598	30000.0
96	19.352	112.655	5.013	71.23	1.263	0.626	40000.0
97	18.981	114.74	4.985	71.879	1.292	0.614	20000.0
98	19.479	117.0	5.115	73.131	1.289	0.6	20000.0
99	19.538	116.293	5.083	72.946	1.293	0.605	30000.0
100	19.537	115.029	5.102	72.314	1.289	0.614	20000.0
