NMF_Replicate	L1	L1 %	L2	L2 %	KL Divergence	Correlation	Convergence Iterations
1	9.183	147.803	3.065	86.417	1.996	0.445	20000.0
2	9.052	146.406	2.943	85.582	1.993	0.454	20000.0
3	8.902	146.986	2.927	85.188	1.947	0.456	30000.0
4	9.134	149.213	3.031	86.036	2.04	0.433	20000.0
5	9.076	145.518	3.024	85.497	2.052	0.461	20000.0
6	9.088	145.071	2.989	86.019	2.012	0.456	20000.0
7	9.082	147.568	2.987	85.685	2.054	0.444	20000.0
8	8.968	148.053	2.94	85.52	1.988	0.445	40000.0
9	8.953	143.194	2.934	84.402	2.024	0.473	20000.0
10	8.87	143.077	2.965	84.555	1.975	0.474	30000.0
11	9.016	143.792	2.971	85.105	1.963	0.472	20000.0
12	9.065	147.063	3.04	86.172	2.04	0.445	20000.0
13	9.177	145.331	3.02	85.984	2.018	0.454	20000.0
14	8.993	147.609	2.963	85.868	1.986	0.444	30000.0
15	9.024	145.84	2.985	85.353	1.99	0.455	20000.0
16	8.957	147.041	2.935	85.376	1.973	0.442	40000.0
17	9.327	149.628	3.038	86.989	2.031	0.429	20000.0
18	8.965	147.554	2.94	85.554	2.026	0.441	40000.0
19	9.052	147.89	2.958	85.659	1.988	0.443	20000.0
20	9.017	148.523	2.947	85.924	2.009	0.439	40000.0
21	9.112	148.581	3.032	85.976	1.991	0.435	30000.0
22	9.117	146.027	3.022	86.36	2.01	0.452	40000.0
23	9.211	150.855	3.059	87.124	2.02	0.426	30000.0
24	8.971	146.753	2.919	85.079	1.985	0.455	30000.0
25	9.111	148.995	3.028	86.378	2.041	0.431	60000.0
26	8.938	145.475	2.956	85.149	1.931	0.458	30000.0
27	9.245	149.225	3.017	86.472	2.008	0.441	40000.0
28	9.298	149.868	3.02	86.425	2.001	0.432	20000.0
29	9.077	144.358	2.979	85.189	1.965	0.466	20000.0
30	8.987	146.534	2.966	85.923	2.016	0.449	40000.0
31	8.959	144.486	2.967	85.505	2.031	0.464	20000.0
32	9.021	147.99	2.919	85.652	1.989	0.449	20000.0
33	8.956	146.943	2.943	85.67	1.97	0.449	20000.0
34	8.841	145.378	2.941	85.134	1.942	0.457	20000.0
35	9.334	150.141	3.033	86.545	2.056	0.423	20000.0
36	8.902	147.042	2.963	85.342	1.995	0.445	30000.0
37	9.018	147.081	2.953	85.533	2.029	0.454	40000.0
38	9.11	148.85	3.016	85.91	1.997	0.435	40000.0
39	8.811	146.17	2.943	85.295	1.923	0.451	20000.0
40	8.886	146.831	2.908	85.435	1.978	0.446	20000.0
41	9.172	145.541	2.991	85.868	1.997	0.456	30000.0
42	9.293	149.163	3.031	86.629	1.985	0.438	20000.0
43	9.27	150.312	3.066	86.633	2.033	0.432	20000.0
44	9.196	147.795	3.015	86.102	2.001	0.439	30000.0
45	8.941	147.634	2.923	85.277	1.996	0.444	40000.0
46	9.197	148.552	3.023	86.011	2.025	0.442	40000.0
47	9.039	148.628	2.942	85.968	2.021	0.439	20000.0
48	8.874	146.162	2.938	84.912	1.983	0.452	30000.0
49	8.982	148.059	2.969	85.723	1.98	0.444	30000.0
50	8.899	146.781	2.921	85.53	1.99	0.451	30000.0
51	8.802	145.207	2.881	84.948	1.909	0.455	20000.0
52	8.924	144.05	2.939	84.946	2.0	0.469	20000.0
53	9.24	148.976	3.033	86.597	2.045	0.44	40000.0
54	9.084	148.828	2.953	86.183	2.02	0.436	20000.0
55	9.144	148.845	2.996	85.862	2.028	0.434	20000.0
56	9.159	149.008	3.029	86.398	1.997	0.434	40000.0
57	8.866	146.333	2.908	84.918	1.975	0.448	40000.0
58	9.072	147.708	2.954	85.948	1.983	0.448	30000.0
59	8.922	146.198	2.952	85.212	1.998	0.456	20000.0
60	9.314	149.818	3.083	87.368	2.035	0.424	20000.0
61	8.958	147.404	2.941	85.46	2.025	0.447	30000.0
62	8.893	146.679	2.952	85.131	1.955	0.452	40000.0
63	9.038	147.166	3.009	85.844	1.983	0.446	20000.0
64	9.078	147.117	2.96	85.755	2.002	0.443	50000.0
65	8.961	146.769	2.959	85.688	1.994	0.451	40000.0
66	8.934	148.486	2.916	85.799	2.052	0.438	20000.0
67	8.966	147.385	2.959	85.601	2.026	0.445	30000.0
68	9.171	148.706	2.945	86.013	1.99	0.444	20000.0
69	9.108	147.251	3.024	85.984	2.022	0.449	30000.0
70	9.119	148.064	2.989	85.917	1.997	0.443	30000.0
71	9.179	149.44	3.062	86.809	1.992	0.431	40000.0
72	8.858	145.657	2.934	85.418	1.988	0.452	20000.0
73	9.045	145.811	2.944	85.331	1.975	0.455	20000.0
74	8.996	147.434	2.998	85.59	1.968	0.441	20000.0
75	9.082	144.815	3.033	85.732	2.009	0.46	30000.0
76	9.143	146.764	3.021	85.292	1.988	0.456	30000.0
77	9.013	147.313	2.962	85.603	1.999	0.447	30000.0
78	9.006	147.224	2.986	85.437	1.945	0.452	40000.0
79	9.154	145.287	3.01	84.556	2.026	0.459	20000.0
80	8.826	141.66	2.904	83.584	1.963	0.489	40000.0
81	9.015	144.349	2.952	84.614	1.983	0.465	30000.0
82	9.243	148.911	3.027	86.358	1.995	0.437	20000.0
83	9.028	147.875	2.932	85.813	1.989	0.447	20000.0
84	8.906	146.292	2.935	85.031	1.965	0.449	30000.0
85	9.362	151.046	3.057	87.145	1.996	0.419	30000.0
86	9.028	148.294	2.968	86.281	2.014	0.439	20000.0
87	9.03	147.909	2.966	85.346	2.018	0.441	20000.0
88	9.162	149.877	2.988	86.877	2.056	0.425	30000.0
89	9.018	148.217	2.982	86.229	2.009	0.439	20000.0
90	9.037	146.681	3.003	86.06	2.02	0.446	50000.0
91	8.959	144.523	2.981	85.431	1.987	0.466	30000.0
92	9.136	148.366	2.982	86.21	2.016	0.437	30000.0
93	8.852	146.395	2.952	85.101	1.976	0.449	30000.0
94	9.126	148.058	3.02	86.008	1.992	0.443	20000.0
95	9.02	147.632	2.945	85.845	1.993	0.448	20000.0
96	9.041	145.935	2.969	84.88	1.998	0.448	20000.0
97	9.082	144.039	2.99	85.323	1.998	0.469	20000.0
98	8.971	145.959	2.958	84.909	2.045	0.457	40000.0
99	8.821	146.368	2.911	85.044	1.97	0.448	20000.0
100	8.867	146.657	2.927	85.452	1.957	0.447	40000.0
101	9.21	148.782	3.054	86.309	1.989	0.439	40000.0
102	8.924	146.967	2.885	84.853	1.987	0.455	20000.0
103	9.061	143.712	2.986	84.819	1.95	0.471	30000.0
104	9.281	150.021	3.076	86.979	1.957	0.43	40000.0
105	9.052	147.081	2.995	85.774	1.992	0.447	40000.0
106	9.217	146.258	3.035	86.223	2.061	0.45	30000.0
107	9.206	149.736	3.029	86.448	2.001	0.432	30000.0
108	9.173	147.685	3.006	85.833	1.995	0.448	20000.0
109	9.183	146.928	3.024	86.315	2.033	0.442	30000.0
110	9.316	145.609	3.062	85.529	2.017	0.453	20000.0
111	9.033	146.864	2.952	85.48	2.019	0.458	30000.0
112	9.085	147.821	2.999	85.658	2.001	0.447	20000.0
113	8.923	143.972	2.985	85.496	2.033	0.466	20000.0
114	9.29	148.188	3.095	86.397	2.013	0.441	20000.0
115	9.083	148.637	2.995	86.052	1.965	0.44	30000.0
116	9.123	146.055	3.005	85.702	2.022	0.461	20000.0
117	9.326	149.204	3.003	86.806	2.021	0.432	20000.0
118	9.035	148.527	2.979	86.178	2.018	0.441	30000.0
119	8.906	147.143	2.964	85.615	1.99	0.441	40000.0
120	8.978	147.839	2.977	85.898	1.996	0.442	40000.0
121	9.108	145.839	2.998	85.88	2.035	0.452	40000.0
122	9.203	146.161	2.976	86.011	2.011	0.457	40000.0
123	8.666	144.884	2.929	84.596	1.965	0.459	20000.0
124	9.176	148.065	3.022	86.52	2.04	0.446	30000.0
125	9.041	147.451	2.998	85.596	1.983	0.445	30000.0
126	9.163	150.767	3.038	87.488	2.044	0.418	40000.0
127	8.973	146.68	2.953	85.24	1.99	0.449	50000.0
128	9.242	150.197	3.06	87.113	2.005	0.424	20000.0
129	9.087	147.118	2.969	85.697	2.042	0.442	30000.0
130	9.052	147.961	3.04	86.092	1.965	0.446	40000.0
131	9.144	147.576	3.002	85.619	2.003	0.444	30000.0
132	9.112	148.102	2.969	86.002	2.032	0.448	20000.0
133	8.853	142.82	2.934	85.226	2.032	0.469	20000.0
134	9.021	146.66	2.962	85.674	1.978	0.455	20000.0
135	9.157	150.0	3.011	86.303	2.033	0.432	30000.0
136	9.07	148.751	3.028	86.352	2.04	0.431	30000.0
137	9.233	149.319	3.04	86.282	2.043	0.433	30000.0
138	9.21	146.564	2.999	85.675	1.98	0.447	20000.0
139	8.889	147.026	2.924	85.268	1.95	0.449	20000.0
140	9.237	149.366	3.017	86.27	1.991	0.434	20000.0
141	8.916	147.464	2.915	84.974	1.983	0.446	20000.0
142	9.195	147.121	3.024	86.435	2.026	0.447	30000.0
143	9.036	148.519	3.007	85.986	2.009	0.432	20000.0
144	9.21	149.106	2.993	86.025	2.025	0.44	40000.0
145	9.508	152.443	3.116	87.79	2.092	0.42	20000.0
146	8.982	147.088	2.941	85.532	1.999	0.447	50000.0
147	9.038	148.378	2.981	85.992	2.014	0.434	40000.0
148	8.902	146.809	2.949	85.383	1.973	0.446	20000.0
149	9.115	147.915	2.991	85.762	1.981	0.449	30000.0
150	9.202	149.89	3.019	86.59	2.018	0.433	20000.0
151	9.178	147.063	3.019	85.735	2.006	0.451	40000.0
152	8.883	146.726	2.927	84.781	1.956	0.455	20000.0
153	8.965	144.696	2.933	85.298	1.952	0.46	20000.0
154	9.222	148.181	3.009	86.393	2.032	0.442	40000.0
155	9.276	148.677	3.036	86.809	1.965	0.435	20000.0
156	9.545	154.179	3.15	88.299	2.066	0.406	40000.0
157	9.153	150.299	2.961	86.758	2.059	0.425	20000.0
158	9.225	148.341	3.013	86.595	1.986	0.438	20000.0
159	9.361	149.002	3.097	87.045	2.027	0.432	20000.0
160	9.013	147.178	2.969	85.602	1.948	0.449	30000.0
161	8.887	143.6	2.903	85.193	1.997	0.463	20000.0
162	9.002	147.969	2.948	85.875	1.979	0.446	30000.0
163	9.002	143.637	2.954	84.934	1.999	0.471	40000.0
164	9.008	146.653	2.944	85.572	1.97	0.444	20000.0
165	8.932	147.686	2.946	85.485	1.999	0.44	30000.0
166	9.178	148.656	3.021	86.279	2.042	0.436	40000.0
167	8.881	146.639	2.911	85.364	1.971	0.447	20000.0
168	8.902	146.682	2.968	85.162	1.971	0.452	20000.0
169	9.06	149.014	2.999	86.038	1.998	0.436	20000.0
170	9.134	149.154	2.995	85.828	2.019	0.439	20000.0
171	9.025	144.303	3.009	85.307	2.011	0.462	20000.0
172	9.004	143.606	2.983	85.321	1.983	0.473	20000.0
173	9.11	146.685	3.007	85.868	2.008	0.455	40000.0
174	9.043	147.2	3.023	86.076	1.983	0.449	30000.0
175	9.13	148.877	2.981	85.935	2.011	0.442	20000.0
176	9.228	145.141	3.027	85.802	1.989	0.46	20000.0
177	8.943	147.488	2.979	85.579	1.971	0.446	20000.0
178	9.078	148.227	3.0	86.022	1.99	0.444	30000.0
179	8.907	145.979	2.915	84.884	2.01	0.451	30000.0
180	9.147	148.382	3.01	85.842	1.982	0.44	20000.0
181	8.975	147.183	2.946	85.268	1.972	0.447	40000.0
182	8.953	143.7	2.927	84.526	1.968	0.477	30000.0
183	8.964	147.51	2.978	85.584	1.993	0.444	20000.0
184	9.059	148.464	2.981	86.052	2.036	0.44	30000.0
185	9.107	147.203	3.036	85.528	2.009	0.453	20000.0
186	9.501	150.747	3.11	87.417	1.999	0.431	20000.0
187	9.033	145.663	2.959	85.48	1.991	0.456	40000.0
188	9.285	147.392	3.11	86.709	1.99	0.446	40000.0
189	9.133	144.856	2.987	85.49	2.002	0.466	30000.0
190	9.141	148.202	3.014	87.048	2.058	0.433	50000.0
191	9.095	149.322	2.993	86.326	2.055	0.433	40000.0
192	9.211	147.865	3.059	85.965	1.954	0.448	40000.0
193	9.055	148.315	2.985	86.258	1.981	0.432	20000.0
194	8.804	145.595	2.894	84.79	1.945	0.456	20000.0
195	9.023	147.415	2.943	85.8	1.997	0.442	20000.0
196	9.122	148.046	2.985	85.946	1.977	0.449	30000.0
197	9.101	147.844	3.0	85.59	1.981	0.451	30000.0
198	8.925	143.317	2.922	84.972	1.994	0.474	30000.0
199	9.249	146.626	3.009	85.805	2.034	0.456	40000.0
200	8.924	144.994	2.968	85.351	1.996	0.462	30000.0
201	8.843	145.953	2.94	84.595	1.948	0.456	30000.0
202	9.014	146.701	2.995	86.34	2.029	0.437	30000.0
203	8.896	146.744	2.955	85.185	1.992	0.448	20000.0
204	9.18	148.847	2.991	86.403	2.079	0.437	20000.0
205	9.086	147.864	3.005	85.856	1.983	0.448	40000.0
206	9.421	152.191	3.09	87.596	2.01	0.416	40000.0
207	8.959	144.101	2.958	84.932	2.005	0.464	40000.0
208	9.155	149.323	2.979	86.567	2.025	0.429	30000.0
209	8.775	147.339	2.869	85.601	1.968	0.442	20000.0
210	8.732	145.308	2.876	84.574	1.94	0.463	20000.0
211	9.179	148.91	2.994	86.155	2.013	0.435	20000.0
212	8.961	148.702	2.996	86.347	2.043	0.432	20000.0
213	9.462	151.107	3.088	87.332	2.047	0.433	30000.0
214	9.057	148.444	2.957	85.967	2.006	0.436	40000.0
215	9.191	145.917	3.023	85.377	1.973	0.457	30000.0
216	9.114	147.621	2.956	86.012	1.988	0.442	30000.0
217	8.969	145.161	2.95	84.661	1.967	0.461	20000.0
218	8.94	144.205	2.941	85.523	1.993	0.466	30000.0
219	9.092	146.175	3.015	85.238	1.977	0.454	30000.0
220	9.104	148.025	3.03	86.482	2.011	0.439	30000.0
221	9.037	145.893	2.942	84.76	1.942	0.467	40000.0
222	9.237	146.611	3.036	86.377	2.009	0.452	40000.0
223	9.283	150.953	3.078	87.471	2.072	0.422	50000.0
224	8.875	145.98	2.957	84.841	1.945	0.457	20000.0
225	9.085	148.888	3.008	85.968	1.998	0.437	20000.0
226	8.906	146.2	2.939	84.866	1.96	0.457	20000.0
227	9.117	147.258	3.03	86.445	1.977	0.438	20000.0
228	9.27	148.338	3.049	86.503	2.007	0.438	20000.0
229	9.09	147.794	3.007	85.996	2.047	0.445	20000.0
230	9.139	148.716	2.979	85.856	1.985	0.445	30000.0
231	9.193	147.596	3.004	86.306	2.019	0.437	30000.0
232	8.858	146.189	2.916	84.926	1.976	0.452	20000.0
233	8.941	145.617	2.949	84.948	1.975	0.459	20000.0
234	8.961	147.087	2.94	84.969	2.002	0.451	30000.0
235	8.983	144.588	2.946	85.262	2.03	0.467	30000.0
236	9.134	147.874	2.998	85.955	2.022	0.445	50000.0
237	9.055	148.745	2.969	86.055	2.006	0.436	20000.0
238	9.001	146.755	2.973	85.527	1.964	0.452	20000.0
239	9.049	147.972	2.988	86.009	2.002	0.442	30000.0
240	9.118	144.871	3.028	86.022	1.985	0.463	20000.0
241	8.892	147.435	2.932	85.242	1.977	0.444	20000.0
242	9.054	147.095	2.99	85.378	2.012	0.449	40000.0
243	9.077	146.994	3.017	86.045	1.966	0.444	20000.0
244	8.896	147.041	2.967	85.337	1.971	0.45	20000.0
245	8.851	146.371	2.922	85.387	2.005	0.454	20000.0
246	9.079	144.818	2.983	85.544	2.013	0.464	30000.0
247	9.028	148.279	2.984	85.818	1.988	0.439	40000.0
248	9.225	150.003	2.995	86.666	2.05	0.427	20000.0
249	9.495	153.454	3.15	88.279	2.029	0.402	30000.0
250	9.093	147.023	2.991	85.624	1.969	0.455	20000.0
251	8.972	146.594	2.926	85.193	1.986	0.449	40000.0
252	9.318	148.49	3.039	86.266	2.028	0.439	40000.0
253	8.832	146.247	2.919	85.26	1.965	0.45	20000.0
254	9.3	150.053	3.03	87.187	2.065	0.429	30000.0
255	9.164	148.652	3.048	86.162	1.985	0.437	20000.0
256	9.144	147.547	2.997	86.623	2.035	0.442	20000.0
257	9.35	151.985	3.115	87.413	2.019	0.419	30000.0
258	9.346	146.622	3.056	86.077	1.996	0.449	30000.0
259	9.461	152.529	3.102	87.521	1.996	0.418	20000.0
260	9.131	147.412	3.027	86.47	1.985	0.442	20000.0
261	8.9	146.297	2.942	85.673	1.957	0.448	20000.0
262	9.03	148.233	2.966	86.342	2.004	0.439	20000.0
263	8.912	144.046	2.904	85.608	1.992	0.465	20000.0
264	9.048	148.385	2.979	86.03	2.021	0.435	20000.0
265	8.941	147.279	2.953	85.372	1.963	0.444	40000.0
266	8.928	146.063	2.933	85.07	1.961	0.455	40000.0
267	9.069	147.232	2.963	85.759	2.005	0.451	20000.0
268	9.231	146.797	3.073	85.884	2.018	0.447	40000.0
269	8.894	147.261	2.932	85.199	1.996	0.443	30000.0
270	9.028	148.213	2.964	85.469	1.962	0.452	40000.0
271	9.193	149.653	3.022	86.88	2.014	0.427	20000.0
272	9.11	145.564	2.996	85.492	1.99	0.461	20000.0
273	9.195	147.296	3.018	85.649	2.005	0.447	40000.0
274	9.113	145.1	2.965	85.486	2.013	0.457	30000.0
275	8.822	146.101	2.933	84.92	1.971	0.455	30000.0
276	9.332	148.956	3.067	86.705	2.023	0.44	20000.0
277	9.103	145.465	2.978	85.237	1.992	0.46	30000.0
278	8.952	144.017	2.936	85.31	2.015	0.466	30000.0
279	9.034	145.137	2.996	86.272	2.018	0.459	20000.0
280	8.925	143.663	2.955	85.231	1.989	0.471	40000.0
281	9.106	147.984	3.009	86.374	2.045	0.437	30000.0
282	9.103	148.12	3.031	86.038	1.991	0.446	30000.0
283	9.114	144.688	2.99	84.954	1.95	0.461	20000.0
284	8.938	145.926	2.923	85.651	1.979	0.451	30000.0
285	8.85	145.963	2.899	85.504	1.949	0.455	30000.0
286	8.933	145.828	2.933	85.615	2.017	0.456	20000.0
287	9.071	148.352	3.049	86.536	1.958	0.434	30000.0
288	9.3	149.05	3.04	86.937	2.009	0.439	20000.0
289	9.012	148.002	2.976	85.492	2.002	0.441	20000.0
290	9.001	145.859	2.96	85.511	1.988	0.453	30000.0
291	9.121	145.704	2.939	85.461	2.025	0.454	30000.0
292	9.05	147.566	2.969	85.222	2.002	0.449	40000.0
293	9.343	151.57	3.064	87.22	2.01	0.422	30000.0
294	9.015	147.573	2.991	85.392	2.005	0.449	30000.0
295	9.113	146.207	2.975	85.247	1.961	0.46	20000.0
296	9.003	149.064	2.975	85.371	2.049	0.431	40000.0
297	9.161	147.672	3.003	86.087	1.994	0.453	20000.0
298	9.401	150.862	3.082	87.027	2.001	0.424	40000.0
299	8.901	143.833	2.94	85.008	2.018	0.472	30000.0
300	8.954	147.567	2.962	85.625	2.014	0.441	20000.0
301	9.014	146.54	2.967	85.184	1.988	0.454	30000.0
302	9.292	148.81	3.039	86.488	1.965	0.435	20000.0
303	9.04	146.732	2.981	85.195	1.987	0.456	40000.0
304	9.204	145.878	3.013	86.09	2.024	0.453	20000.0
305	9.019	145.12	3.031	84.752	1.955	0.458	20000.0
306	8.879	145.651	2.93	84.648	1.976	0.462	20000.0
307	8.974	146.791	2.924	85.727	1.964	0.448	20000.0
308	9.095	146.885	2.963	85.76	1.991	0.45	30000.0
309	9.007	146.973	2.952	86.085	2.016	0.446	20000.0
310	9.068	148.511	2.98	86.454	2.003	0.434	20000.0
311	9.276	148.907	3.062	86.564	2.014	0.438	20000.0
312	9.11	148.76	3.014	86.517	1.984	0.44	30000.0
313	9.099	146.74	2.969	86.071	1.972	0.442	20000.0
314	9.15	146.78	2.975	85.905	2.048	0.452	20000.0
315	9.489	151.845	3.085	87.641	2.021	0.415	30000.0
316	9.184	148.228	3.061	86.513	1.997	0.436	20000.0
317	9.141	147.959	2.975	85.782	2.033	0.443	30000.0
318	9.14	145.689	3.004	86.225	1.984	0.452	30000.0
319	9.055	147.278	2.997	85.807	2.0	0.455	40000.0
320	8.873	145.311	2.954	84.793	1.977	0.465	30000.0
321	9.05	147.795	2.939	86.043	1.989	0.437	40000.0
322	9.386	151.959	3.058	87.448	2.028	0.414	20000.0
323	9.036	147.072	2.987	85.406	1.984	0.445	30000.0
324	8.822	146.882	2.872	85.072	1.953	0.448	30000.0
325	9.221	148.801	3.017	86.37	2.005	0.442	20000.0
326	9.175	148.72	3.017	86.663	2.037	0.436	20000.0
327	9.068	144.466	3.003	85.516	2.02	0.466	30000.0
328	9.116	147.916	2.963	85.943	1.985	0.445	20000.0
329	9.31	146.345	3.051	85.836	1.996	0.453	20000.0
330	9.392	149.29	3.106	87.617	2.078	0.427	30000.0
331	9.242	149.909	3.056	86.521	2.007	0.427	30000.0
332	9.11	148.244	2.954	85.564	2.015	0.442	30000.0
333	8.886	147.059	2.935	85.537	1.972	0.445	30000.0
334	9.022	145.622	2.936	85.783	2.048	0.459	20000.0
335	8.866	146.95	2.896	85.145	1.983	0.45	20000.0
336	9.074	147.164	2.983	85.633	1.999	0.451	20000.0
337	9.096	148.427	3.045	86.361	2.018	0.435	30000.0
338	9.462	152.925	3.131	87.949	2.051	0.406	20000.0
339	9.274	146.5	3.04	86.358	2.007	0.448	20000.0
340	9.179	145.685	2.976	85.542	2.014	0.457	20000.0
341	8.955	147.041	2.959	85.427	1.981	0.448	20000.0
342	8.979	142.977	2.97	85.217	1.95	0.472	20000.0
343	8.954	145.963	2.959	85.26	1.931	0.457	40000.0
344	9.259	149.543	3.094	86.876	2.006	0.428	30000.0
345	9.234	148.218	3.024	86.02	1.986	0.445	20000.0
346	9.204	148.569	3.021	86.415	2.055	0.441	30000.0
347	8.967	143.983	2.918	85.026	1.977	0.47	20000.0
348	8.781	147.093	2.916	85.368	1.981	0.443	30000.0
349	9.233	148.299	3.014	86.604	2.026	0.446	30000.0
350	9.109	148.261	2.972	85.848	2.033	0.435	30000.0
351	9.149	148.69	2.983	86.172	2.016	0.435	30000.0
352	9.073	148.2	2.986	85.657	1.981	0.445	20000.0
353	9.525	153.062	3.189	88.381	2.124	0.404	20000.0
354	9.125	148.465	2.989	85.676	1.987	0.44	40000.0
355	9.076	146.644	2.944	85.765	1.995	0.447	20000.0
356	9.151	149.587	2.999	86.637	2.002	0.439	20000.0
357	8.982	144.835	2.964	85.201	1.936	0.459	40000.0
358	8.958	147.31	2.986	85.532	1.965	0.451	20000.0
359	8.896	142.928	2.916	85.259	1.982	0.471	20000.0
360	8.834	146.887	2.899	85.11	2.003	0.451	20000.0
361	9.039	148.879	2.97	86.104	2.021	0.433	30000.0
362	9.207	148.494	3.0	86.105	2.014	0.444	20000.0
363	8.963	147.176	2.945	85.283	1.973	0.449	20000.0
364	8.961	146.684	2.935	85.27	1.995	0.452	20000.0
365	9.002	146.055	2.951	85.276	2.031	0.458	30000.0
366	9.271	149.048	3.047	86.819	1.973	0.431	20000.0
367	8.826	144.128	2.897	84.193	1.93	0.466	20000.0
368	8.785	142.009	2.901	84.226	1.978	0.479	40000.0
369	8.948	147.74	2.979	85.885	1.935	0.444	40000.0
370	9.225	150.142	3.028	86.492	2.008	0.432	20000.0
371	9.283	147.879	3.037	86.472	2.044	0.441	30000.0
372	9.271	146.425	3.03	86.476	2.004	0.451	30000.0
373	9.012	146.216	2.973	85.962	2.01	0.451	20000.0
374	9.118	149.07	3.0	86.346	1.999	0.434	20000.0
375	9.056	147.891	2.938	85.7	1.97	0.446	30000.0
376	9.208	148.804	3.025	86.217	2.013	0.441	20000.0
377	8.741	144.713	2.932	84.565	1.945	0.464	20000.0
378	9.071	148.873	3.036	86.361	2.025	0.443	20000.0
379	8.957	145.44	2.933	85.513	1.95	0.451	20000.0
380	9.083	145.48	2.98	86.039	2.042	0.454	30000.0
381	9.2	148.274	3.063	86.092	1.996	0.441	20000.0
382	9.135	146.397	2.962	84.924	1.992	0.454	20000.0
383	9.152	145.877	2.992	85.71	2.027	0.457	20000.0
384	9.266	148.874	3.076	86.936	2.046	0.43	40000.0
385	8.981	147.431	2.979	85.655	1.984	0.446	30000.0
386	8.963	146.597	2.925	85.086	1.985	0.452	30000.0
387	9.087	147.655	2.947	85.844	1.977	0.444	30000.0
388	9.015	147.837	2.934	85.471	1.988	0.445	20000.0
389	8.91	144.007	2.96	85.523	2.002	0.464	20000.0
390	8.906	147.729	2.929	85.735	2.012	0.438	30000.0
391	8.897	145.855	2.938	85.094	1.959	0.457	30000.0
392	9.09	149.758	3.008	86.18	2.02	0.435	40000.0
393	9.162	148.133	3.024	86.438	2.021	0.436	30000.0
394	9.203	150.674	3.025	87.015	1.975	0.421	20000.0
395	9.315	147.501	3.075	86.966	2.044	0.443	20000.0
396	9.054	148.872	3.004	86.244	2.05	0.436	20000.0
397	9.127	148.748	2.987	86.056	2.015	0.435	30000.0
398	9.105	147.284	2.994	85.943	2.006	0.44	40000.0
399	8.93	147.068	2.986	85.617	2.02	0.44	20000.0
400	9.102	147.13	2.998	85.909	2.006	0.45	40000.0
401	9.44	151.553	3.097	87.411	2.023	0.421	20000.0
402	8.821	147.536	2.935	85.061	1.959	0.452	20000.0
403	8.993	146.201	2.985	85.091	1.972	0.451	20000.0
404	8.902	147.136	2.915	85.217	1.987	0.446	40000.0
405	9.17	148.062	2.952	85.9	2.055	0.448	20000.0
406	9.088	146.563	2.983	85.776	1.981	0.448	30000.0
407	8.968	144.123	2.91	84.853	1.993	0.463	40000.0
408	9.047	147.84	2.97	85.8	1.981	0.45	30000.0
409	8.74	145.113	2.883	84.165	1.96	0.458	30000.0
410	8.97	144.187	2.974	85.444	1.998	0.467	20000.0
411	9.068	147.321	3.012	85.704	1.969	0.447	40000.0
412	8.988	146.908	2.955	85.12	2.01	0.448	20000.0
413	9.078	145.372	3.009	85.873	2.01	0.451	40000.0
414	8.905	145.955	2.943	85.247	2.001	0.455	20000.0
415	9.103	145.977	2.999	85.79	1.999	0.46	30000.0
416	9.025	144.002	2.958	84.552	1.952	0.459	30000.0
417	9.078	147.606	2.96	85.925	2.004	0.443	40000.0
418	8.943	146.915	2.962	85.479	1.98	0.449	40000.0
419	9.138	146.952	2.983	85.993	1.995	0.452	40000.0
420	9.066	145.7	2.983	85.485	1.954	0.455	20000.0
421	9.007	146.054	2.989	85.587	1.994	0.454	20000.0
422	8.952	147.385	2.92	85.298	1.966	0.449	20000.0
423	9.0	146.387	2.97	85.746	1.955	0.452	20000.0
424	8.961	147.221	2.994	85.577	1.972	0.445	20000.0
425	8.827	141.93	2.932	84.094	2.005	0.482	40000.0
426	8.969	147.232	2.97	85.537	2.015	0.448	30000.0
427	9.016	145.795	2.979	85.475	2.002	0.458	40000.0
428	9.096	146.255	2.987	85.922	2.023	0.454	20000.0
429	9.034	146.568	2.962	85.702	1.989	0.451	20000.0
430	9.145	149.681	3.0	86.824	1.994	0.434	30000.0
431	9.043	146.733	2.984	85.547	1.967	0.451	40000.0
432	8.882	146.29	2.963	85.673	1.98	0.451	30000.0
433	9.263	148.401	3.021	86.209	2.002	0.437	30000.0
434	9.081	148.719	2.962	85.962	1.986	0.438	30000.0
435	8.913	146.354	2.894	84.899	1.939	0.458	30000.0
436	8.929	146.718	2.939	85.1	1.976	0.453	30000.0
437	9.121	147.565	3.036	85.788	2.014	0.444	30000.0
438	9.14	145.206	3.01	85.27	1.955	0.457	40000.0
439	9.076	145.859	2.923	85.067	2.024	0.452	30000.0
440	8.903	146.826	2.953	85.311	1.981	0.449	30000.0
441	9.033	146.204	3.022	85.656	1.941	0.447	20000.0
442	9.006	143.546	3.021	84.874	1.993	0.473	30000.0
443	8.797	146.086	2.893	85.111	1.981	0.452	20000.0
444	8.935	146.336	2.937	85.283	1.998	0.452	20000.0
445	9.287	149.764	3.044	86.956	1.955	0.43	30000.0
446	9.324	150.397	3.077	86.936	1.99	0.423	30000.0
447	9.051	145.231	2.952	85.626	2.006	0.459	20000.0
448	9.106	147.762	3.002	85.97	2.008	0.447	30000.0
449	9.211	148.582	3.017	86.157	2.033	0.432	20000.0
450	9.076	147.627	2.974	86.461	2.048	0.44	30000.0
451	8.895	146.091	2.953	84.854	1.973	0.463	40000.0
452	9.101	148.005	2.977	85.988	2.022	0.439	40000.0
453	8.997	146.119	2.962	85.35	1.984	0.45	20000.0
454	8.97	147.064	2.983	85.363	1.996	0.45	20000.0
455	9.171	147.712	2.998	86.257	2.049	0.44	40000.0
456	8.932	147.224	2.918	85.479	1.987	0.442	30000.0
457	9.001	147.269	2.948	85.261	1.98	0.453	30000.0
458	8.795	145.743	2.944	85.22	1.946	0.457	20000.0
459	8.834	144.992	2.953	84.524	1.936	0.459	20000.0
460	9.115	148.001	2.955	85.724	1.986	0.438	20000.0
461	9.186	147.347	2.979	86.473	2.033	0.446	20000.0
462	9.182	148.442	2.978	86.425	1.964	0.438	20000.0
463	8.652	144.038	2.877	84.085	1.903	0.47	20000.0
464	8.939	146.452	2.929	85.516	1.995	0.459	20000.0
465	9.07	146.287	2.957	85.208	1.986	0.46	30000.0
466	9.026	147.241	2.996	85.408	1.988	0.449	20000.0
467	9.071	144.828	3.004	85.55	2.009	0.461	20000.0
468	9.03	143.407	2.985	84.651	1.963	0.47	20000.0
469	9.241	151.314	3.085	87.095	2.044	0.421	40000.0
470	8.982	146.996	2.945	85.656	1.953	0.451	20000.0
471	9.206	149.105	3.036	86.426	2.001	0.435	40000.0
472	9.141	149.129	2.993	86.587	2.002	0.435	20000.0
473	9.251	150.009	3.021	86.813	2.042	0.432	30000.0
474	9.185	150.094	3.047	86.738	1.961	0.425	40000.0
475	9.084	147.665	2.996	85.842	1.965	0.45	20000.0
476	9.238	147.467	2.996	86.503	1.996	0.444	30000.0
477	9.026	145.863	2.998	85.266	1.972	0.456	20000.0
478	9.137	145.566	3.0	86.04	1.996	0.458	20000.0
479	9.037	147.598	2.96	85.63	1.992	0.444	20000.0
480	9.252	146.804	3.06	86.411	2.024	0.445	30000.0
481	9.252	150.038	3.018	86.788	2.038	0.43	20000.0
482	9.233	149.012	2.995	86.002	2.043	0.44	20000.0
483	8.842	143.426	2.901	84.707	2.008	0.479	30000.0
484	9.176	147.927	2.986	85.566	2.011	0.447	40000.0
485	9.12	147.778	2.996	86.128	1.979	0.443	40000.0
486	9.155	148.293	3.002	86.222	2.019	0.437	20000.0
487	8.995	144.974	2.926	85.494	2.057	0.457	30000.0
488	8.787	144.993	2.906	84.588	1.952	0.46	20000.0
489	9.166	146.339	3.028	85.78	1.972	0.448	30000.0
490	9.164	146.877	3.046	85.981	1.994	0.446	20000.0
491	9.144	147.747	3.006	86.222	2.026	0.446	30000.0
492	9.05	147.274	2.946	85.248	1.985	0.446	20000.0
493	9.07	147.687	2.951	85.402	2.02	0.447	20000.0
494	9.004	145.183	3.019	85.761	1.988	0.459	30000.0
495	9.155	149.234	3.072	86.588	2.0	0.43	20000.0
496	9.007	147.248	3.005	85.206	1.991	0.447	30000.0
497	8.87	146.473	2.919	84.844	1.988	0.451	40000.0
498	9.2	147.967	3.057	86.537	2.009	0.447	20000.0
499	9.191	145.98	3.051	86.315	1.987	0.451	20000.0
500	8.849	145.572	2.891	84.693	1.961	0.457	40000.0
