NMF_Replicate	L1	L1 %	L2	L2 %	KL Divergence	Correlation	Convergence Iterations
1	9.033	164.047	2.801	90.56	2.238	0.363	40000.0
2	9.01	163.511	2.808	90.302	2.216	0.368	30000.0
3	8.969	162.997	2.786	90.082	2.196	0.371	20000.0
4	9.117	165.334	2.814	90.868	2.244	0.358	40000.0
5	8.89	163.018	2.764	90.133	2.233	0.37	20000.0
6	9.064	164.278	2.815	90.577	2.242	0.362	40000.0
7	8.912	163.292	2.793	90.014	2.244	0.372	20000.0
8	8.901	162.815	2.764	89.959	2.224	0.377	20000.0
9	8.99	163.058	2.803	90.206	2.249	0.366	20000.0
10	8.876	162.703	2.757	89.746	2.253	0.375	20000.0
11	9.072	164.413	2.833	90.64	2.237	0.363	20000.0
12	9.014	162.229	2.806	89.941	2.243	0.369	30000.0
13	8.989	163.345	2.781	89.977	2.215	0.371	20000.0
14	8.984	162.8	2.806	89.84	2.224	0.377	20000.0
15	9.031	164.36	2.815	90.51	2.231	0.364	30000.0
16	9.289	164.489	2.908	90.435	2.209	0.368	20000.0
17	9.046	164.892	2.811	90.794	2.26	0.355	20000.0
18	9.139	163.476	2.845	90.456	2.236	0.37	30000.0
19	8.958	164.143	2.805	90.328	2.254	0.365	20000.0
20	9.0	164.076	2.797	90.474	2.25	0.363	30000.0
21	8.963	163.856	2.818	90.492	2.215	0.365	20000.0
22	8.998	163.566	2.807	90.157	2.223	0.37	20000.0
23	9.07	165.266	2.812	90.796	2.252	0.356	20000.0
24	8.919	163.839	2.784	90.243	2.206	0.367	20000.0
25	8.87	161.745	2.787	89.55	2.206	0.382	20000.0
26	9.162	164.536	2.844	90.733	2.241	0.36	20000.0
27	9.085	165.226	2.823	90.736	2.234	0.355	30000.0
28	8.917	164.332	2.78	90.547	2.232	0.359	20000.0
29	8.94	163.161	2.765	90.075	2.211	0.37	40000.0
30	9.187	164.931	2.818	90.372	2.232	0.361	20000.0
31	9.128	164.106	2.859	90.476	2.242	0.364	20000.0
32	8.883	162.669	2.767	90.03	2.283	0.37	30000.0
33	9.04	165.18	2.815	90.613	2.236	0.362	30000.0
34	9.008	163.687	2.795	90.506	2.294	0.359	30000.0
35	8.925	164.467	2.786	90.383	2.261	0.361	40000.0
36	8.929	163.229	2.766	90.073	2.231	0.372	40000.0
37	9.003	163.254	2.806	90.227	2.294	0.363	20000.0
38	9.147	163.707	2.835	90.692	2.259	0.361	30000.0
39	9.029	163.958	2.797	90.272	2.235	0.369	40000.0
40	9.039	162.846	2.839	90.176	2.222	0.369	30000.0
41	9.015	164.534	2.795	90.422	2.279	0.365	20000.0
42	8.989	163.376	2.77	90.105	2.233	0.371	30000.0
43	8.906	162.932	2.783	89.986	2.223	0.373	20000.0
44	8.915	163.121	2.777	89.899	2.214	0.373	30000.0
45	9.079	163.248	2.814	90.187	2.251	0.371	20000.0
46	8.959	162.832	2.806	89.989	2.248	0.369	30000.0
47	9.073	166.159	2.813	91.084	2.293	0.347	20000.0
48	9.198	164.6	2.865	90.536	2.258	0.363	40000.0
49	9.088	164.897	2.812	90.737	2.224	0.359	20000.0
50	8.945	162.684	2.818	90.176	2.246	0.368	30000.0
51	9.087	163.024	2.814	90.115	2.254	0.369	20000.0
52	8.809	163.19	2.734	89.53	2.248	0.374	40000.0
53	9.063	163.904	2.82	90.472	2.28	0.354	30000.0
54	9.122	163.673	2.827	90.296	2.226	0.367	40000.0
55	8.934	162.22	2.752	89.643	2.224	0.376	20000.0
56	9.049	163.574	2.798	90.751	2.304	0.355	30000.0
57	8.928	163.045	2.776	90.03	2.236	0.375	20000.0
58	9.17	163.437	2.844	90.802	2.314	0.357	40000.0
59	8.997	163.93	2.807	90.341	2.272	0.368	20000.0
60	9.054	164.901	2.819	90.697	2.264	0.353	30000.0
61	9.023	163.194	2.808	90.163	2.227	0.374	20000.0
62	9.011	164.105	2.799	90.571	2.229	0.364	80000.0
63	9.26	164.617	2.882	90.622	2.217	0.366	20000.0
64	9.022	163.345	2.825	90.329	2.222	0.372	30000.0
65	9.019	163.162	2.81	90.239	2.24	0.368	40000.0
66	8.889	164.348	2.789	90.295	2.239	0.365	30000.0
67	8.842	162.278	2.777	89.462	2.209	0.38	20000.0
68	8.944	163.259	2.792	89.764	2.199	0.377	30000.0
69	9.166	165.701	2.841	90.765	2.26	0.358	20000.0
70	9.074	162.909	2.831	90.73	2.271	0.365	30000.0
71	9.08	165.089	2.815	90.747	2.27	0.354	20000.0
72	8.959	162.749	2.794	89.84	2.198	0.377	30000.0
73	9.092	162.265	2.826	89.792	2.213	0.377	30000.0
74	8.989	162.405	2.811	90.598	2.256	0.365	20000.0
75	9.054	164.71	2.829	90.756	2.249	0.361	30000.0
76	9.031	164.252	2.805	90.228	2.253	0.374	40000.0
77	9.101	164.671	2.832	90.713	2.231	0.364	20000.0
78	9.099	163.454	2.807	90.332	2.286	0.357	40000.0
79	9.1	164.298	2.817	90.529	2.222	0.364	30000.0
80	8.873	162.117	2.792	89.833	2.215	0.379	30000.0
81	9.014	163.748	2.797	90.269	2.227	0.369	20000.0
82	9.088	163.873	2.81	90.307	2.201	0.365	20000.0
83	9.091	163.758	2.85	90.337	2.21	0.367	20000.0
84	9.05	162.296	2.806	89.817	2.216	0.378	20000.0
85	8.948	163.296	2.782	90.14	2.221	0.37	50000.0
86	8.905	162.243	2.787	89.631	2.231	0.383	20000.0
87	9.022	164.086	2.811	90.615	2.269	0.353	20000.0
88	8.917	163.428	2.792	90.356	2.262	0.367	20000.0
89	9.026	162.884	2.835	90.171	2.2	0.376	30000.0
90	8.972	162.164	2.782	89.881	2.205	0.374	20000.0
91	9.165	164.176	2.84	90.561	2.25	0.362	20000.0
92	9.126	164.487	2.829	90.475	2.227	0.365	40000.0
93	9.027	165.83	2.796	90.879	2.262	0.351	20000.0
94	8.924	162.159	2.808	89.777	2.203	0.38	30000.0
95	9.183	164.38	2.862	90.612	2.226	0.365	40000.0
96	9.238	166.068	2.895	90.953	2.221	0.353	40000.0
97	8.993	164.239	2.779	90.658	2.267	0.361	40000.0
98	9.03	164.161	2.804	90.399	2.243	0.367	20000.0
99	9.211	165.031	2.852	90.681	2.226	0.361	40000.0
100	9.141	163.942	2.842	90.996	2.281	0.355	20000.0
101	9.021	163.84	2.818	90.607	2.21	0.363	20000.0
102	9.1	164.585	2.83	90.869	2.264	0.356	20000.0
103	8.914	162.413	2.782	90.003	2.279	0.37	30000.0
104	8.97	163.714	2.785	90.234	2.218	0.371	30000.0
105	8.97	162.707	2.798	90.082	2.204	0.374	30000.0
106	9.172	164.197	2.837	90.507	2.286	0.357	30000.0
107	8.989	164.337	2.797	90.6	2.256	0.36	20000.0
108	8.905	162.956	2.761	90.016	2.226	0.369	30000.0
109	8.962	163.662	2.758	90.156	2.247	0.37	30000.0
110	9.104	163.586	2.814	90.34	2.223	0.367	20000.0
111	9.231	163.526	2.882	90.508	2.216	0.37	30000.0
112	8.98	164.841	2.811	90.392	2.258	0.36	30000.0
113	9.199	163.081	2.849	90.332	2.227	0.366	70000.0
114	9.251	165.686	2.888	90.811	2.248	0.352	20000.0
115	9.041	164.003	2.813	90.468	2.23	0.365	30000.0
116	8.998	164.272	2.819	90.601	2.224	0.363	30000.0
117	9.008	163.759	2.822	90.273	2.218	0.366	30000.0
118	9.137	163.739	2.851	90.269	2.245	0.36	40000.0
119	9.103	166.172	2.824	90.92	2.265	0.349	20000.0
120	9.029	162.666	2.811	90.332	2.284	0.363	20000.0
121	9.261	164.772	2.904	90.546	2.226	0.365	20000.0
122	9.0	163.583	2.794	90.149	2.278	0.37	40000.0
123	8.973	162.24	2.8	89.946	2.29	0.368	30000.0
124	9.203	165.433	2.835	90.847	2.278	0.352	20000.0
125	9.09	163.333	2.824	90.364	2.273	0.361	50000.0
126	9.056	164.026	2.829	90.325	2.218	0.368	20000.0
127	9.256	162.502	2.879	90.385	2.24	0.366	40000.0
128	8.93	162.493	2.793	89.969	2.22	0.377	50000.0
129	8.869	162.548	2.786	89.991	2.213	0.376	20000.0
130	8.917	163.33	2.773	90.235	2.223	0.368	20000.0
131	8.915	163.327	2.781	90.111	2.251	0.37	30000.0
132	9.045	164.304	2.834	90.533	2.224	0.364	20000.0
133	9.112	164.837	2.828	90.611	2.238	0.36	20000.0
134	9.347	165.064	2.952	90.928	2.222	0.361	30000.0
135	9.104	164.083	2.791	90.333	2.214	0.362	30000.0
136	9.045	163.395	2.822	90.358	2.238	0.365	40000.0
137	9.11	164.67	2.847	90.866	2.232	0.36	50000.0
138	8.972	164.243	2.768	90.269	2.258	0.365	20000.0
139	9.091	162.303	2.843	90.021	2.248	0.368	30000.0
140	9.105	165.489	2.832	90.652	2.268	0.358	60000.0
141	8.95	163.997	2.749	90.343	2.249	0.366	40000.0
142	8.878	162.317	2.786	89.737	2.22	0.375	40000.0
143	9.14	163.613	2.83	90.588	2.284	0.358	30000.0
144	9.235	164.783	2.872	90.654	2.211	0.364	20000.0
145	8.997	164.779	2.773	90.645	2.25	0.362	20000.0
146	9.085	163.451	2.829	90.221	2.223	0.373	30000.0
147	9.232	164.571	2.889	90.8	2.206	0.361	20000.0
148	8.968	162.989	2.788	90.135	2.223	0.376	20000.0
149	8.889	164.458	2.76	90.387	2.25	0.363	30000.0
150	9.002	165.451	2.796	90.873	2.276	0.355	30000.0
151	9.041	163.958	2.834	90.325	2.239	0.37	50000.0
152	9.146	163.474	2.87	90.338	2.255	0.36	30000.0
153	9.108	165.044	2.801	90.876	2.271	0.352	20000.0
154	8.938	164.639	2.79	90.393	2.239	0.363	20000.0
155	9.201	164.201	2.852	90.822	2.24	0.352	20000.0
156	9.051	164.482	2.821	90.447	2.242	0.363	20000.0
157	8.855	161.613	2.753	89.961	2.294	0.369	30000.0
158	8.906	163.174	2.782	90.084	2.217	0.375	20000.0
159	9.004	164.45	2.793	90.467	2.286	0.358	20000.0
160	9.042	164.515	2.788	90.58	2.245	0.363	30000.0
161	9.111	162.446	2.848	90.32	2.257	0.368	20000.0
162	8.959	163.205	2.783	90.085	2.225	0.376	30000.0
163	9.094	163.967	2.823	90.549	2.261	0.365	40000.0
164	9.262	163.877	2.872	90.218	2.211	0.373	20000.0
165	9.029	163.607	2.817	90.415	2.227	0.367	20000.0
166	9.126	163.266	2.816	90.274	2.195	0.368	40000.0
167	8.904	163.617	2.761	90.216	2.222	0.369	20000.0
168	9.037	163.709	2.818	90.253	2.245	0.37	20000.0
169	9.035	165.339	2.805	90.662	2.31	0.358	30000.0
170	9.023	163.378	2.796	90.247	2.244	0.363	20000.0
171	8.924	163.302	2.78	90.062	2.262	0.368	20000.0
172	9.08	163.425	2.809	90.265	2.283	0.363	20000.0
173	8.922	163.15	2.803	90.206	2.261	0.364	50000.0
174	9.31	165.434	2.912	90.762	2.244	0.362	20000.0
175	9.132	164.969	2.848	90.802	2.235	0.357	20000.0
176	8.867	162.317	2.728	89.518	2.246	0.375	40000.0
177	8.879	162.323	2.771	89.933	2.227	0.373	30000.0
178	9.042	163.827	2.807	90.504	2.236	0.367	20000.0
179	9.012	163.851	2.807	90.443	2.225	0.368	20000.0
180	8.965	164.474	2.793	90.573	2.244	0.362	30000.0
181	8.996	163.618	2.803	90.351	2.231	0.37	20000.0
182	9.134	163.461	2.861	90.194	2.263	0.365	20000.0
183	8.909	163.736	2.809	90.306	2.237	0.365	20000.0
184	9.078	163.373	2.819	90.282	2.219	0.367	20000.0
185	8.926	163.023	2.792	90.013	2.197	0.377	20000.0
186	9.122	165.284	2.85	90.926	2.25	0.356	20000.0
187	9.027	161.922	2.795	90.04	2.23	0.372	20000.0
188	9.08	163.41	2.807	90.337	2.299	0.363	30000.0
189	8.806	162.408	2.742	89.683	2.236	0.375	20000.0
190	8.777	161.982	2.729	89.624	2.227	0.375	40000.0
191	8.97	164.075	2.778	90.457	2.248	0.359	20000.0
192	9.15	165.092	2.841	90.844	2.247	0.36	20000.0
193	8.897	162.394	2.782	89.69	2.244	0.375	20000.0
194	8.843	162.82	2.76	89.924	2.225	0.371	40000.0
195	9.3	163.462	2.862	90.175	2.216	0.369	20000.0
196	9.306	164.796	2.872	90.736	2.223	0.363	30000.0
197	9.028	162.729	2.818	90.33	2.262	0.363	20000.0
198	9.039	164.858	2.804	90.734	2.259	0.355	20000.0
199	9.253	163.418	2.864	90.742	2.265	0.365	20000.0
200	9.114	164.485	2.845	90.634	2.209	0.36	20000.0
201	8.975	164.345	2.805	90.387	2.253	0.366	20000.0
202	9.055	164.233	2.807	90.936	2.294	0.351	20000.0
203	9.055	165.766	2.81	90.813	2.262	0.355	20000.0
204	8.792	161.214	2.749	89.485	2.226	0.379	20000.0
205	9.056	163.941	2.816	90.459	2.213	0.362	30000.0
206	8.832	162.695	2.765	89.992	2.238	0.374	20000.0
207	9.139	163.447	2.812	90.613	2.275	0.36	30000.0
208	9.083	162.87	2.816	90.112	2.259	0.373	20000.0
209	9.068	164.067	2.82	90.561	2.23	0.362	30000.0
210	9.06	164.026	2.809	90.311	2.212	0.372	20000.0
211	9.038	165.535	2.821	90.6	2.248	0.355	20000.0
212	8.912	161.826	2.812	89.567	2.231	0.377	40000.0
213	9.158	163.137	2.838	90.546	2.254	0.364	30000.0
214	8.888	162.453	2.77	89.736	2.23	0.374	40000.0
215	9.016	163.503	2.776	90.2	2.24	0.373	20000.0
216	9.041	163.236	2.833	90.282	2.222	0.37	50000.0
217	8.967	163.481	2.788	90.328	2.232	0.367	20000.0
218	9.224	163.798	2.858	90.563	2.248	0.361	40000.0
219	8.973	163.17	2.793	90.034	2.249	0.372	20000.0
220	9.004	163.22	2.818	90.157	2.207	0.377	20000.0
221	8.957	164.33	2.792	90.363	2.241	0.364	20000.0
222	8.965	162.846	2.813	90.168	2.217	0.375	20000.0
223	9.052	163.135	2.803	90.091	2.212	0.366	30000.0
224	8.92	163.398	2.774	90.193	2.235	0.372	30000.0
225	8.96	163.062	2.777	89.85	2.226	0.373	20000.0
226	9.272	166.864	2.865	91.287	2.256	0.343	30000.0
227	8.877	162.949	2.748	89.849	2.247	0.37	40000.0
228	9.253	164.874	2.877	90.94	2.281	0.354	30000.0
229	9.044	164.248	2.841	90.354	2.233	0.364	20000.0
230	9.03	163.732	2.791	90.665	2.243	0.363	20000.0
231	8.871	162.382	2.781	89.897	2.223	0.374	30000.0
232	9.151	163.995	2.902	90.104	2.256	0.364	20000.0
233	9.055	165.1	2.808	90.714	2.244	0.355	40000.0
234	9.265	164.986	2.897	90.734	2.225	0.361	30000.0
235	9.284	163.937	2.865	90.356	2.275	0.363	40000.0
236	9.044	163.458	2.822	89.863	2.243	0.372	30000.0
237	9.226	164.39	2.887	90.482	2.194	0.368	20000.0
238	9.064	164.058	2.806	90.357	2.209	0.37	30000.0
239	9.052	165.491	2.807	90.935	2.262	0.35	20000.0
240	9.146	164.89	2.876	90.819	2.24	0.356	20000.0
241	8.993	163.683	2.797	90.175	2.227	0.369	20000.0
242	9.007	162.695	2.816	89.907	2.218	0.377	30000.0
243	9.211	166.413	2.838	91.161	2.272	0.345	40000.0
244	8.833	163.019	2.756	89.83	2.25	0.369	30000.0
245	8.984	163.481	2.81	90.155	2.234	0.37	30000.0
246	8.924	163.34	2.779	89.982	2.221	0.375	20000.0
247	8.917	162.426	2.788	89.717	2.204	0.375	30000.0
248	9.14	162.786	2.831	90.41	2.203	0.364	20000.0
249	9.055	163.731	2.812	90.485	2.234	0.365	20000.0
250	9.014	163.59	2.832	90.164	2.21	0.37	30000.0
251	8.947	163.471	2.791	90.431	2.236	0.362	40000.0
252	8.957	162.663	2.773	90.023	2.247	0.372	40000.0
253	9.166	164.304	2.852	90.609	2.226	0.364	30000.0
254	9.189	164.836	2.849	90.744	2.221	0.36	20000.0
255	8.952	164.868	2.757	90.666	2.29	0.359	20000.0
256	9.064	164.136	2.808	90.496	2.241	0.364	30000.0
257	8.969	165.01	2.779	90.658	2.255	0.358	40000.0
258	9.402	166.045	2.928	91.233	2.231	0.348	20000.0
259	9.008	163.165	2.822	89.975	2.216	0.372	50000.0
260	9.013	163.99	2.783	90.477	2.265	0.364	40000.0
261	9.048	163.666	2.796	90.256	2.225	0.368	30000.0
262	8.966	163.434	2.773	90.281	2.251	0.365	40000.0
263	9.085	164.045	2.839	90.26	2.232	0.37	30000.0
264	9.152	163.06	2.861	90.196	2.254	0.366	20000.0
265	8.994	163.678	2.791	90.188	2.232	0.369	20000.0
266	9.073	162.867	2.83	90.215	2.258	0.367	30000.0
267	8.925	162.286	2.781	89.712	2.204	0.379	40000.0
268	9.046	164.286	2.811	90.224	2.25	0.366	30000.0
269	9.061	164.047	2.813	90.443	2.222	0.367	20000.0
270	8.98	163.453	2.789	90.149	2.246	0.366	20000.0
271	9.091	164.204	2.819	90.553	2.237	0.365	20000.0
272	9.052	164.922	2.824	90.802	2.237	0.355	50000.0
273	9.136	164.448	2.837	90.722	2.294	0.36	40000.0
274	8.992	163.786	2.798	90.079	2.227	0.371	20000.0
275	8.845	161.139	2.757	89.065	2.227	0.387	30000.0
276	9.143	163.567	2.857	90.325	2.231	0.364	20000.0
277	9.116	163.812	2.829	90.661	2.272	0.363	40000.0
278	8.903	162.692	2.765	89.964	2.252	0.371	40000.0
279	9.079	162.593	2.822	90.079	2.233	0.374	30000.0
280	8.882	162.656	2.785	89.887	2.239	0.375	20000.0
281	9.05	164.475	2.798	90.56	2.262	0.364	20000.0
282	9.191	165.496	2.846	91.081	2.266	0.351	20000.0
283	9.213	163.685	2.881	90.583	2.192	0.371	30000.0
284	8.975	163.174	2.813	90.778	2.289	0.356	20000.0
285	9.004	164.801	2.811	90.584	2.251	0.367	20000.0
286	8.923	162.086	2.775	89.694	2.233	0.375	20000.0
287	9.106	164.226	2.81	90.475	2.286	0.351	20000.0
288	8.876	162.416	2.791	89.799	2.227	0.375	30000.0
289	8.867	163.941	2.763	90.076	2.272	0.365	20000.0
290	9.332	163.796	2.888	90.445	2.212	0.363	30000.0
291	8.885	162.349	2.789	89.616	2.236	0.376	40000.0
292	8.964	164.034	2.804	90.511	2.261	0.364	40000.0
293	8.917	163.254	2.776	90.192	2.252	0.373	40000.0
294	9.02	164.003	2.822	90.457	2.261	0.362	40000.0
295	9.142	163.983	2.831	90.324	2.201	0.367	20000.0
296	9.019	164.219	2.772	90.273	2.27	0.361	20000.0
297	8.827	161.966	2.769	89.894	2.185	0.376	40000.0
298	9.223	164.7	2.874	90.772	2.232	0.361	30000.0
299	9.129	162.099	2.829	89.95	2.246	0.374	30000.0
300	8.954	163.391	2.783	89.895	2.225	0.375	30000.0
301	8.945	162.669	2.778	90.026	2.246	0.37	20000.0
302	9.057	164.381	2.821	90.348	2.236	0.368	50000.0
303	9.011	163.8	2.789	90.313	2.266	0.363	30000.0
304	9.134	163.438	2.851	90.216	2.241	0.368	30000.0
305	9.028	163.78	2.82	90.249	2.218	0.373	20000.0
306	9.138	163.06	2.81	90.71	2.303	0.358	30000.0
307	9.209	164.566	2.854	90.633	2.216	0.362	30000.0
308	9.107	164.408	2.829	90.732	2.25	0.354	30000.0
309	9.15	162.489	2.866	89.91	2.208	0.37	30000.0
310	8.998	164.052	2.813	90.283	2.243	0.367	30000.0
311	8.979	161.79	2.789	89.559	2.197	0.38	30000.0
312	8.994	164.753	2.8	90.574	2.273	0.363	30000.0
313	9.02	163.448	2.793	90.427	2.236	0.366	40000.0
314	8.989	163.095	2.787	90.015	2.24	0.375	30000.0
315	9.148	165.115	2.842	90.804	2.255	0.359	20000.0
316	9.155	163.367	2.832	90.355	2.211	0.371	20000.0
317	9.116	163.747	2.846	90.402	2.21	0.37	30000.0
318	9.019	163.147	2.811	90.149	2.232	0.374	50000.0
319	8.997	164.668	2.803	90.545	2.273	0.361	40000.0
320	9.131	162.792	2.877	90.022	2.232	0.372	20000.0
321	9.091	164.533	2.821	90.534	2.254	0.363	30000.0
322	9.129	165.173	2.823	90.669	2.249	0.36	60000.0
323	9.006	164.804	2.805	90.738	2.262	0.354	40000.0
324	8.99	163.451	2.806	90.133	2.261	0.371	50000.0
325	8.834	161.758	2.729	89.565	2.217	0.381	20000.0
326	8.932	162.96	2.774	89.836	2.221	0.379	30000.0
327	9.145	163.723	2.822	90.604	2.237	0.365	30000.0
328	8.927	162.832	2.786	89.986	2.23	0.371	30000.0
329	9.113	165.467	2.827	90.807	2.254	0.355	30000.0
330	8.979	164.506	2.794	90.479	2.242	0.365	30000.0
331	8.964	163.59	2.778	90.355	2.255	0.363	30000.0
332	9.013	163.778	2.816	90.196	2.198	0.369	30000.0
333	8.938	163.835	2.803	90.252	2.276	0.368	30000.0
334	9.2	163.962	2.852	90.499	2.233	0.366	20000.0
335	8.934	162.639	2.785	89.769	2.203	0.38	40000.0
336	9.09	162.574	2.844	90.151	2.236	0.369	20000.0
337	8.961	164.333	2.799	90.524	2.232	0.363	50000.0
338	9.124	164.766	2.847	90.415	2.233	0.363	30000.0
339	9.186	165.539	2.836	90.986	2.259	0.353	20000.0
340	9.135	163.175	2.837	90.266	2.22	0.373	30000.0
341	9.029	162.304	2.842	90.029	2.236	0.374	20000.0
342	9.101	165.941	2.829	91.172	2.265	0.352	20000.0
343	8.986	162.759	2.778	90.098	2.248	0.373	30000.0
344	8.832	162.402	2.733	89.674	2.229	0.376	20000.0
345	9.018	163.856	2.783	90.114	2.24	0.373	30000.0
346	9.107	165.629	2.837	90.737	2.238	0.355	40000.0
347	9.102	164.551	2.826	90.647	2.221	0.358	20000.0
348	9.116	164.081	2.817	90.384	2.239	0.363	20000.0
349	9.231	162.751	2.854	90.217	2.222	0.374	20000.0
350	9.199	164.936	2.877	90.81	2.241	0.359	40000.0
351	8.936	163.181	2.785	90.056	2.238	0.369	30000.0
352	9.062	163.463	2.802	90.349	2.274	0.361	40000.0
353	9.025	163.791	2.807	90.468	2.228	0.366	20000.0
354	8.969	162.641	2.808	90.615	2.299	0.36	20000.0
355	9.291	163.647	2.903	90.238	2.194	0.374	30000.0
356	9.076	163.462	2.844	90.259	2.218	0.368	30000.0
357	8.907	162.189	2.78	89.618	2.229	0.376	20000.0
358	9.049	163.66	2.8	90.255	2.259	0.363	20000.0
359	9.017	164.104	2.825	90.488	2.248	0.367	20000.0
360	9.059	163.222	2.824	90.153	2.257	0.364	30000.0
361	8.954	163.941	2.795	90.295	2.23	0.36	20000.0
362	9.188	165.375	2.851	90.875	2.277	0.353	20000.0
363	9.149	162.904	2.864	90.021	2.204	0.37	20000.0
364	9.017	162.91	2.798	90.426	2.288	0.361	20000.0
365	8.971	162.645	2.781	90.077	2.261	0.371	20000.0
366	8.97	163.683	2.781	90.294	2.228	0.365	20000.0
367	9.023	163.326	2.797	89.925	2.205	0.372	20000.0
368	8.901	162.383	2.774	89.749	2.239	0.376	20000.0
369	9.034	164.33	2.822	90.382	2.234	0.363	30000.0
370	9.329	163.953	2.9	90.397	2.203	0.369	30000.0
371	8.932	164.72	2.802	90.423	2.237	0.361	30000.0
372	8.917	161.969	2.793	89.742	2.208	0.378	30000.0
373	9.008	161.545	2.796	89.583	2.215	0.377	30000.0
374	9.02	164.169	2.791	90.452	2.239	0.368	30000.0
375	9.122	164.19	2.854	90.461	2.23	0.365	20000.0
376	9.087	164.34	2.801	90.81	2.273	0.357	30000.0
377	9.18	164.395	2.839	90.494	2.208	0.364	30000.0
378	8.929	163.966	2.803	90.529	2.243	0.367	20000.0
379	8.977	163.649	2.781	90.193	2.238	0.372	20000.0
380	8.891	162.605	2.79	90.039	2.242	0.37	20000.0
381	8.947	163.504	2.811	90.098	2.245	0.368	30000.0
382	8.847	162.428	2.781	89.942	2.244	0.371	30000.0
383	9.04	163.52	2.811	90.399	2.26	0.363	40000.0
384	9.03	163.972	2.836	90.459	2.233	0.37	40000.0
385	9.075	163.591	2.811	90.388	2.267	0.364	30000.0
386	8.933	163.352	2.807	90.153	2.217	0.375	30000.0
387	9.039	162.288	2.809	90.013	2.259	0.371	50000.0
388	9.041	164.86	2.802	90.489	2.248	0.362	20000.0
389	9.222	164.002	2.841	90.537	2.278	0.359	20000.0
390	8.976	162.441	2.801	89.891	2.22	0.375	30000.0
391	8.969	164.0	2.782	90.416	2.221	0.365	30000.0
392	9.011	162.859	2.781	90.094	2.225	0.371	40000.0
393	8.956	163.026	2.761	90.1	2.222	0.376	20000.0
394	8.997	163.102	2.799	90.114	2.228	0.374	20000.0
395	9.072	164.391	2.841	90.575	2.224	0.359	20000.0
396	8.924	162.381	2.759	89.71	2.218	0.373	20000.0
397	8.877	161.973	2.765	89.493	2.228	0.374	20000.0
398	8.85	161.431	2.769	89.491	2.22	0.381	20000.0
399	9.148	166.392	2.839	90.933	2.244	0.35	20000.0
400	8.996	162.366	2.765	89.908	2.254	0.373	50000.0
401	9.085	163.743	2.841	90.686	2.281	0.357	40000.0
402	9.033	164.77	2.787	90.601	2.247	0.365	20000.0
403	8.902	163.155	2.728	89.816	2.263	0.367	30000.0
404	9.113	164.569	2.834	90.541	2.272	0.361	20000.0
405	9.152	163.901	2.855	90.952	2.271	0.355	20000.0
406	9.06	164.225	2.826	90.528	2.238	0.363	20000.0
407	9.101	164.565	2.85	90.663	2.231	0.36	20000.0
408	9.029	165.738	2.799	90.89	2.283	0.348	20000.0
409	9.187	165.789	2.832	90.835	2.251	0.355	40000.0
410	9.28	164.251	2.855	90.467	2.204	0.367	20000.0
411	8.995	164.122	2.783	90.283	2.234	0.368	20000.0
412	9.173	164.195	2.859	90.734	2.227	0.36	20000.0
413	8.886	162.908	2.751	89.901	2.247	0.371	20000.0
414	8.998	164.316	2.804	90.698	2.259	0.359	40000.0
415	8.896	162.904	2.783	89.899	2.25	0.368	30000.0
416	9.256	164.34	2.86	90.559	2.217	0.363	30000.0
417	9.019	163.55	2.805	90.116	2.225	0.372	30000.0
418	9.136	165.693	2.849	90.854	2.283	0.356	40000.0
419	8.975	164.278	2.779	90.431	2.24	0.363	20000.0
420	9.224	163.78	2.837	90.362	2.207	0.369	20000.0
421	9.177	164.174	2.825	90.592	2.246	0.363	20000.0
422	8.969	162.122	2.799	89.803	2.209	0.382	20000.0
423	9.052	163.899	2.8	90.466	2.247	0.363	40000.0
424	9.13	165.544	2.829	90.947	2.248	0.353	20000.0
425	8.938	163.211	2.773	90.141	2.251	0.374	40000.0
426	9.125	165.291	2.818	90.905	2.27	0.357	20000.0
427	8.954	164.135	2.821	90.692	2.307	0.354	20000.0
428	8.859	162.833	2.768	90.01	2.21	0.374	40000.0
429	8.869	161.565	2.757	89.59	2.214	0.38	20000.0
430	8.902	163.097	2.77	90.068	2.244	0.366	20000.0
431	8.943	162.502	2.776	89.773	2.215	0.383	30000.0
432	8.963	162.401	2.809	89.715	2.247	0.377	20000.0
433	9.193	165.108	2.859	90.491	2.247	0.363	20000.0
434	8.989	164.652	2.802	90.477	2.276	0.363	20000.0
435	9.149	165.005	2.84	90.74	2.284	0.358	20000.0
436	9.125	163.03	2.834	90.31	2.191	0.37	30000.0
437	8.986	163.567	2.798	90.305	2.227	0.37	20000.0
438	8.94	164.25	2.804	90.395	2.264	0.366	20000.0
439	9.269	165.713	2.896	91.12	2.218	0.352	20000.0
440	8.99	164.801	2.807	90.643	2.266	0.36	20000.0
441	9.042	163.099	2.787	90.228	2.271	0.366	20000.0
442	9.178	164.18	2.848	90.543	2.231	0.363	30000.0
443	9.192	163.24	2.868	90.681	2.247	0.359	20000.0
444	8.99	163.586	2.79	90.325	2.238	0.367	30000.0
445	8.994	163.593	2.79	90.351	2.248	0.366	20000.0
446	9.08	163.592	2.852	90.197	2.214	0.375	20000.0
447	9.023	164.136	2.805	90.493	2.248	0.368	20000.0
448	9.161	163.005	2.858	90.12	2.236	0.366	30000.0
449	9.223	165.645	2.861	90.987	2.265	0.356	40000.0
450	9.086	164.501	2.819	90.545	2.22	0.361	20000.0
451	8.931	163.894	2.771	90.217	2.26	0.366	40000.0
452	9.066	162.502	2.815	89.881	2.19	0.375	20000.0
453	8.869	163.4	2.796	90.268	2.24	0.366	30000.0
454	8.922	164.069	2.779	90.388	2.247	0.365	30000.0
455	9.021	163.658	2.824	90.201	2.222	0.369	30000.0
456	9.255	164.353	2.886	90.64	2.212	0.368	20000.0
457	8.856	162.96	2.76	90.039	2.224	0.374	20000.0
458	9.091	163.357	2.811	90.078	2.221	0.367	20000.0
459	9.071	163.737	2.797	90.541	2.226	0.368	20000.0
460	9.25	164.69	2.886	90.961	2.223	0.354	40000.0
461	9.025	163.854	2.815	90.217	2.216	0.37	70000.0
462	8.929	162.935	2.767	90.22	2.246	0.368	30000.0
463	9.134	164.008	2.846	90.366	2.237	0.364	20000.0
464	8.946	164.541	2.778	90.418	2.241	0.364	20000.0
465	9.126	163.27	2.819	90.421	2.272	0.362	30000.0
466	8.93	162.519	2.767	89.98	2.203	0.376	30000.0
467	9.0	163.9	2.797	90.473	2.237	0.361	30000.0
468	8.984	163.622	2.805	90.225	2.225	0.374	20000.0
469	9.07	164.964	2.823	90.759	2.231	0.357	30000.0
470	9.052	163.832	2.826	90.312	2.227	0.368	20000.0
471	9.266	163.705	2.902	90.286	2.206	0.372	20000.0
472	8.954	164.938	2.758	90.527	2.248	0.355	20000.0
473	9.261	163.471	2.91	90.459	2.189	0.37	20000.0
474	8.958	162.387	2.776	89.845	2.214	0.376	20000.0
475	8.888	163.672	2.777	90.191	2.253	0.368	20000.0
476	9.03	163.477	2.809	90.355	2.23	0.366	30000.0
477	9.146	163.034	2.889	90.414	2.245	0.366	20000.0
478	8.86	162.567	2.773	89.873	2.222	0.377	20000.0
479	8.948	163.472	2.807	90.083	2.225	0.372	30000.0
480	9.027	163.493	2.784	90.197	2.218	0.374	20000.0
481	9.146	165.274	2.822	90.831	2.259	0.355	20000.0
482	9.071	163.941	2.804	90.145	2.303	0.363	20000.0
483	9.16	165.072	2.846	90.976	2.292	0.353	20000.0
484	9.258	164.413	2.902	90.722	2.279	0.355	40000.0
485	9.073	163.66	2.829	90.167	2.221	0.372	20000.0
486	9.133	164.544	2.859	90.738	2.224	0.366	30000.0
487	8.925	162.9	2.78	90.159	2.219	0.371	20000.0
488	8.849	161.689	2.749	89.541	2.235	0.38	30000.0
489	9.025	163.271	2.779	90.044	2.235	0.374	20000.0
490	8.993	162.565	2.806	89.894	2.207	0.375	20000.0
491	9.275	162.944	2.871	90.768	2.211	0.36	20000.0
492	9.13	164.822	2.845	90.644	2.244	0.359	30000.0
493	9.174	164.002	2.875	90.496	2.216	0.365	20000.0
494	9.02	165.157	2.798	90.835	2.264	0.357	20000.0
495	8.964	164.491	2.817	90.612	2.229	0.359	70000.0
496	8.941	163.277	2.758	90.163	2.229	0.367	30000.0
497	9.02	163.974	2.801	90.441	2.217	0.366	20000.0
498	8.958	163.986	2.785	90.229	2.241	0.369	20000.0
499	9.266	164.776	2.868	90.716	2.24	0.357	40000.0
500	8.924	163.35	2.777	90.396	2.258	0.364	50000.0
