MutationType	SBS96A	SBS96B	SBS96C	SBS96D	SBS96E	SBS96F	SBS96G	SBS96H	SBS96I
A[C>A]A	0.00035288730538586896	0.0018623238898448564	0.014957739776724658	0.0027274617915953297	8.679823573940852e-05	0.015236219367212244	0.00031400451057251645	0.002284731619540139	0.04220016279456468
A[C>A]C	0.0007220390992672631	0.001942781640129415	0.02017719460518069	0.007123626520753012	0.0014910330380813574	0.015616443287614128	0.0012887725020045765	0.0008873734888484178	0.04581836536571549
A[C>A]G	0.00012608264414662606	0.0007209719142383549	0.006756145910324082	0.0027712467729592086	0.00016332527225907612	0.005312282566441501	0.0005389938389307645	0.0010200208246191852	0.012764070486820515
A[C>A]T	3.2840316154544524e-05	0.0006022045098756052	0.010333494621242167	0.0015228999736898	0.0017587691524495312	0.010025983728459038	0.007242595602059737	0.0013586113997448594	0.032319086795672775
A[C>G]A	0.00046787476035028817	0.006027416301175677	0.026642277567195245	0.000438541517782884	0.0005016078602886865	0.004300407471838421	0.000871139443589227	0.0014852775738075532	0.006207047519308816
A[C>G]C	0.0005884816612208258	0.0049858604090509285	0.02219061625223528	0.0006200398309394046	0.00037427732890691343	0.0046380518098480625	9.835678770878076e-05	0.0033850267282929565	0.009133288131540197
A[C>G]G	2.9444163714053674e-05	0.0031969864800074107	0.015376356431532748	0.00028106844633011543	0.00039419711514531743	0.0027765021453926533	0.00013305002382721297	6.080962116483235e-05	0.003916035129041589
A[C>G]T	0.00018499125174724706	0.007540531835598717	0.03133799648224306	1.9531305746721018e-05	0.0008683826074017506	0.0039306531068642805	0.00010865556880797733	0.002528427063057926	0.0035735984709921098
A[C>T]A	0.004456620373837495	0.0023607008726694357	0.008903612718212158	0.007715571702777309	0.01208725295059412	0.0056220631791344435	0.0005910812651322885	0.07522152675315738	0.0035766919529128705
A[C>T]C	0.0002200370328880581	0.0008534299782723309	0.004561350844581597	0.00496334708462136	0.01577103358767181	0.00934963696248392	0.004161573921936082	0.06567889369186014	0.0007309194138990025
A[C>T]G	0.0007962216054007542	0.0049628034287548745	0.013936489164345044	0.2611378727555275	0.03553510217658434	0.023427736224820726	0.016770107757674804	0.003547813205173781	0.0076136933228723
A[C>T]T	0.0003066905370318267	0.001412456586003657	0.0028034544708961007	0.0004827797205307363	0.002948477168042189	0.0036356547682887463	0.005004788692681188	0.0768587206455552	0.00033101953793556225
A[T>A]A	1.2079336512626383e-05	0.0005688852922986127	0.009908384273121098	0.0013013447546298665	0.0031234470524877907	0.006103814302849893	0.0007609715463601478	0.0005609340564620026	0.002139029072362434
A[T>A]C	0.0007809719758969789	0.0008953589687485106	0.009692198334679452	0.007077283812960211	0.00449584700410378	0.008306937504004224	0.00015593851809171612	0.0011105536318412488	0.008386987886314956
A[T>A]G	0.0007845034818162411	0.0004079579177582664	0.011501184067721599	0.0041174017126084286	0.0004891046374835498	0.015228476686509356	1.3236187612619686e-10	0.002615356164450442	0.01071988929770977
A[T>A]T	0.00010776068783161463	0.0004017093820679066	0.008308322986872781	0.0018662897067870006	0.009428422760101966	0.01124567404374352	0.001564744232154453	0.00377137420678514	0.0007512407382235295
A[T>C]A	8.579664855755453e-05	0.0003773628244583245	0.010174933724324688	0.008666654444594087	0.029693308090558274	0.018111213129268434	0.0009341591559120843	0.00383396574640517	0.0027981129963145423
A[T>C]C	0.00010665367936782188	0.0009181717670466023	0.010166243634512625	0.0015675778833721449	0.019028706172734017	0.009808924456522164	0.0023303027701331303	0.0036331802377808343	0.003311736513868425
A[T>C]G	5.819468952901139e-05	0.0013244167047912008	0.012723076294158184	0.019074679272895082	0.03958021307643503	0.015126723408237947	0.0004225452874106789	0.0007376322178319433	0.0028672367466056245
A[T>C]T	0.00030119340083783184	0.0013349171420574439	0.019430762186331173	0.02331962044830047	0.004746853686287068	0.016396871872144402	0.002907194211875321	0.0016039669390013956	0.0034384202504695
A[T>G]A	0.0001655418208088835	0.00035016330238064083	0.0058492423624302	0.00023716265704437235	9.502480398074909e-05	0.004922551976117234	0.0006583102619396186	0.00341751772587304	0.0014737476701177812
A[T>G]C	5.5384305914230935e-05	0.0006626096786148992	0.00854851817244659	0.0009102381619237434	0.0013497933774633565	0.004679593559356135	0.0019035941414585976	0.0007546530936531863	0.0014520556350095149
A[T>G]G	5.657613896693965e-05	0.0008609279305833546	0.01170183391073848	0.0001283059491940916	0.0005459980490814402	0.004065478297849073	0.0003857052603710969	0.0004013394754656102	0.005834548405519314
A[T>G]T	5.199731571531174e-05	0.0002745625760633743	0.005459367867419146	0.0009113046650377021	0.001116608100562189	0.00705862462015601	0.005766805279247622	0.00032627053528425163	0.002505391357365422
C[C>A]A	0.00028336088249345854	0.003144085837895298	0.007978048115520267	0.00012695935263312209	0.010676399526507339	0.002724951451500555	0.002619757379638031	0.0011044166352963249	0.08046414375770837
C[C>A]C	9.09969435984479e-05	0.0025186608667943176	0.014285738253186363	0.0016389221389741806	0.02204034846376635	0.004359749034792354	0.0008843512593665536	0.0031154667802057623	0.042003339387687445
C[C>A]G	0.00031332902022140717	0.00045674875154277103	0.00236089581563847	0.0008982339489726883	0.008709617855337068	0.0018642725894503812	0.0006925624369190472	0.00011561655985781272	0.03161124798001288
C[C>A]T	0.00011501675244690076	0.0008271380526642482	0.0003355593753589687	3.4052333582053505e-05	0.061202063093027906	0.004012721749658844	0.01142992761079222	0.0016732889035857568	0.03423179340069646
C[C>G]A	0.0007705131288597115	0.009641709263889424	0.023194878968887167	0.00019305448093209066	0.000174217784171252	0.0050263693801169945	1.9597047433705937e-09	0.000132654879046763	0.0054794860781188955
C[C>G]C	0.0003631856917395158	0.004347862580397568	0.02710500600576823	0.000731282627338178	8.08748955805072e-10	0.0035036530136941177	1.7791926167909367e-09	6.999318979435838e-05	0.006385692234321666
C[C>G]G	5.169693308948098e-05	0.002779788241548772	0.017024349699941804	0.006594597212778169	0.0001428192181290937	0.0040197079769086486	9.869613231100871e-05	0.00033388912169276353	0.003511796960226697
C[C>G]T	0.0004817814812520877	0.011266651521816553	0.03734208066893245	0.00027532382498716155	0.0003706007467416601	0.0033232227656526865	0.00014244782847687353	4.318598813135565e-06	0.00821180256196176
C[C>T]A	0.014282920562317211	0.007149475665838513	0.012431599845301022	0.009343090095081021	0.000413342036490876	0.01691829168267022	6.451202389803257e-05	0.086348239679588	0.004686651310301997
C[C>T]C	0.001642340871194455	0.0020835829377298747	0.005311996757474116	0.007069037991156648	0.003140229732241372	0.012851818979489362	0.0007115737600267951	0.09032291212757673	0.005591158645490768
C[C>T]G	0.00955896930895733	0.0012071670475747288	0.008398990455326728	0.22797147545400184	0.018099892198562555	0.01970832084089455	0.013031847336593435	0.02067407191060212	0.004398974368882044
C[C>T]T	0.0024643181917121722	0.004756874134439422	0.008984094258405914	0.0013755162043321465	0.0014888640434970093	0.017555761778216848	0.004177187194800581	0.11863564728898927	0.0009590265686726127
C[T>A]A	4.275672168440536e-05	0.0006341041015145023	0.009197640377638094	0.00012004181366760492	0.0016295040374508004	0.004695522540848163	9.063320938196285e-11	7.799316258286737e-05	0.0011325864466954912
C[T>A]C	0.00023033627463747762	0.0013730433901808007	0.018972837632139423	0.00025966782761117457	0.003957395560886653	0.009655068515283397	0.00046041704836716235	0.0011727842485315563	0.006799135376189952
C[T>A]G	0.00054789014520221	0.0011231895204037415	0.02754058994875757	0.0017249703302834533	0.00240292889254881	0.014843277754895922	8.645150056963757e-05	0.0007985714838104396	0.010948225410308751
C[T>A]T	5.898284013088784e-05	0.001662361413095141	0.0214765754907055	0.0010769468795382969	0.001393917144357431	0.005614799764443884	0.0007495768191359957	0.00018468114651503954	0.009161017247040305
C[T>C]A	7.508713930707267e-05	0.00037281967878696764	0.005205043725709377	0.00011335773496622891	0.025051429682494016	0.005527839510472532	5.881826850250604e-05	0.0001397107093200418	0.0015554179879387143
C[T>C]C	0.0003929178815194743	0.0012005850965434225	0.016778823432109766	0.00011360624485029913	0.021911754567894605	0.013839832443829948	0.00010983023216297944	0.00024754213310922244	0.004529312838132406
C[T>C]G	0.00016073874185548075	0.0007536037990253703	0.003247502814339752	8.722969231322539e-05	0.07253575004198859	0.005369757601573816	0.00018577633159444894	0.00022156211475227394	0.00026555971803656874
C[T>C]T	0.00020309161509335233	0.00127597082239871	0.016269881122710557	0.001088440596128855	0.02006657438062939	0.01522393375152997	0.0008845397396653425	0.0035643331315429803	0.0023282303994971157
C[T>G]A	3.704025374868608e-06	0.0004020137852983723	0.005456483521534736	0.0005539961371183741	0.00018196932129822263	0.0029346513463960945	0.0012878497326613534	6.948755273224055e-05	0.0020546414150408
C[T>G]C	0.0001575849933800484	0.0006554541175480608	0.007420112060264102	0.0012257206780055406	0.007119740629335866	0.006278782083112447	0.0011179741631858634	0.0001733920753467828	0.004051620732634667
C[T>G]G	5.865221241947438e-07	0.0022959577345072037	0.017867687565385523	0.00019471145701871638	0.006838582667267559	0.003659720481495995	0.0020852343157765746	0.0001228855427237079	0.0032721373911156373
C[T>G]T	1.150173943824484e-05	0.0012929656969212866	0.01141586091473404	0.0010169655527742865	0.006583981746603968	0.011679612103969887	0.008000635999953381	0.0003024499503055438	0.007256705001621278
G[C>A]A	0.0003988191646147504	0.0006749718806416496	0.008513832956241139	0.005944281054464229	1.9992694609193505e-05	0.018278065525735996	0.0017556870543689164	0.005659414587692993	0.05559910793599899
G[C>A]C	1.2279857460276726e-05	0.0006700284331074222	0.003481976415268363	0.0010693678183238122	0.0015993938104329644	0.0013325865864818281	0.0022374699675115723	0.0006139596628688172	0.08441761196893639
G[C>A]G	9.374652273240599e-05	3.087903835434958e-05	0.000881134854818236	0.005361051813457891	0.00016770649442924678	0.0019454833765815494	7.798826085209676e-05	0.0006508298808515185	0.02827737870963864
G[C>A]T	0.00014808971060894168	0.0007371907279285779	0.004462154054316196	0.001374102685952938	0.005203945383957489	0.0062702536482850315	0.006691613401558302	0.0022321753995925	0.0658463088143617
G[C>G]A	0.0009470737354775632	0.002744143187397051	0.018367456246430193	7.02754018480718e-05	0.00013127482306009953	0.004895901150151099	0.00010452900849150205	0.0002654412633843908	0.005878939040477657
G[C>G]C	0.00033227163258132606	0.0020434678800783103	0.021860619531784635	0.0005454197574460195	0.004596665041441156	0.007452091495344007	6.452877461114781e-05	0.0006858882022733042	0.004379523949271487
G[C>G]G	0.000275580153372177	0.001621725441231924	0.011149579149066526	0.0003052306209062093	0.0002687575986206596	0.0031724812780716417	7.419406466979695e-10	0.00018944509288836464	0.002843021629487927
G[C>G]T	0.0002708182591265079	0.006307935254575568	0.02505360095420534	0.0008761677637104381	0.0009909091200749458	0.004887341320418113	0.00010375722294100953	8.537389461678835e-05	0.009812636214403021
G[C>T]A	0.0024411454527661306	0.00759646384745912	0.003636288723147043	0.005122406141388158	0.044116005943705204	0.008610505000769889	0.0010109641940972143	0.07552836729370756	0.001309371489191237
G[C>T]C	0.0016629571315496543	0.0024584647758625552	0.0004497530216962247	0.002572738556004348	0.07599830978571864	0.006980207144176159	0.013179608864163129	0.07311315791868603	0.0006586477168711586
G[C>T]G	0.0011621385698358155	0.004803019771420825	0.0011468859880799397	0.2208047883808613	0.0754734098569561	0.014054083121745069	0.027672168894423588	0.01414153343512413	0.002328706473156964
G[C>T]T	0.0004119744578176565	0.001744954647066184	0.00032146550843275336	0.001490380992412712	0.04090366679359886	0.0051997754707412015	0.014870597823551747	0.08542639491647423	0.00046072544384877625
G[T>A]A	0.0003913886346909217	0.0007525363737023369	0.00686172168678749	0.00037233662484304506	0.002427512077713544	0.004913943552696772	2.9695948811081505e-11	6.327952978588769e-05	0.001196394000944835
G[T>A]C	0.0008930134641934018	0.000932876612912878	0.011909422685775127	0.001384494747286871	0.003727668176248983	0.0071094578022841155	0.0003846132351045526	0.0012778412607842712	0.001373060106916803
G[T>A]G	0.00012031447897235519	0.00047788056845007176	0.01367498177059121	0.00018173187342353358	0.00159278475748917	0.011241508075093748	0.0	0.000996866796122534	0.006294226942913692
G[T>A]T	9.257793933840757e-05	0.0007238582811987726	0.009781724858205436	0.0006293229534808253	0.0008381131735403056	0.0050263170713338	0.000359151467571337	0.0040209968618626565	0.0046012480973735845
G[T>C]A	8.640624647518996e-07	0.00021282562709325602	0.000448258370733214	2.8314891649507985e-05	0.06543334615958259	0.004402490434927324	0.004081526754892678	0.00017765213243718753	6.989822051366801e-05
G[T>C]C	4.314588370483818e-05	0.0005517051990237344	0.009709770235988633	0.0015793098153797545	0.02475924362288788	0.00924279255618017	0.0030353712876094504	0.0002415874211023663	0.004648796578026511
G[T>C]G	7.937189127903067e-06	0.00024667935180340805	0.002840261856033772	2.2139473798006294e-05	0.05060460335671156	0.004680619484049963	0.0023234765279352386	0.00020718023635845853	0.00015414070302201542
G[T>C]T	0.00018606534832089547	0.0004248318591406572	0.007466821198298146	0.0031486609295723477	0.034927837683155306	0.01303441577653115	0.005398404376213875	0.0019237890449683253	0.0032820647671054325
G[T>G]A	2.6546471800541483e-06	0.0004553527083937752	0.0080147810672821	0.0002204925538659559	6.327389531166361e-05	0.0032235093720287366	1.4060969291129765e-09	0.0007588918503459822	0.0009078178217112576
G[T>G]C	2.1449762134235327e-05	0.0001765654499423981	0.008133627165739902	0.0001630309890927224	0.001759082174826677	0.004746931915176632	0.0009414358317506313	0.00026521593895137576	0.0026969521952310634
G[T>G]G	2.32041556518503e-05	0.0007609472392598074	0.017860894532141118	3.041890098288569e-05	0.00046598270139268605	0.005570703668468937	0.00024037863532240777	0.004362133316750573	0.003471163929757722
G[T>G]T	4.820209077724513e-06	0.00022954663845842126	0.007197850943962017	3.267515461407733e-05	0.003507809954163463	0.005605905830790331	0.0016256723588950201	6.59570279509718e-05	0.00030678769880197
T[C>A]A	0.0177111124671357	0.04236784925498313	0.003759233593525149	0.0004799041641371389	1.8181577077371004e-05	0.023166645000636015	0.03701129935759673	0.00039573156453940326	0.040152160007639735
T[C>A]C	0.009398983345968592	0.017908082840033104	0.009353901733908872	0.005768661187634622	0.001573307543164777	0.016133575447425982	0.011763206418067057	0.0006251145057580152	0.08277032358944417
T[C>A]G	0.006637563383839695	0.0015430275338027205	0.0011853515363981196	0.004249187463046484	0.00020570475784145376	0.0063311990934009155	0.0032982535589349523	1.2871363642457112e-05	0.026452025082993245
T[C>A]T	0.0002549798834295192	0.011895177943308383	1.2061087603962568e-06	1.349603159361834e-08	1.5524223760124967e-06	0.040479492302417486	0.261677932350566	0.0020997652967751092	0.004485225219050541
T[C>G]A	0.01788433546831417	0.24935073777950834	0.0005708829564833804	1.5581102761950128e-06	5.049066969643015e-05	0.04755493898271982	8.483777129697501e-10	4.4317290816664466e-08	0.0053246629751375375
T[C>G]C	0.006706311558621529	0.09289429501400678	0.018626352648817204	0.000140337539773715	5.959708842155465e-06	0.020307638667412267	0.00011953631976693835	0.000875441796971579	0.0075161946700165174
T[C>G]G	0.0019790133177817444	0.026276759775224263	0.008224208383803442	0.0002921885818013582	0.00019142671520984143	0.008605030641767038	9.024534106671922e-10	0.0005259855049790376	0.0024997841202363917
T[C>G]T	0.021305573688523302	0.36317364621879866	0.001385871176884649	9.098102553773835e-05	0.0004495418097106719	0.0019855321387886793	2.687274722745769e-10	1.0871230768039198e-07	0.0007176446650260405
T[C>T]A	0.46480223926901815	0.03285819316395409	0.00017651936914614376	0.0009224627648335476	0.0034125822177073057	0.0037046438891825736	0.0010126601928792003	0.006426383511180859	0.00029648665093580726
T[C>T]C	0.09861360019215595	0.00680933080658925	0.008378103191723668	0.019159824225300007	7.226396723092421e-05	0.0709651390674099	0.016745423858011237	0.06391852273098701	0.011500367802107088
T[C>T]G	0.10330303155080284	0.0005754978216705518	4.148461555786317e-08	0.07681248622249688	0.002198817616959403	0.008272965273815543	0.3861424660682678	0.0010806258603176814	1.5725970539436036e-06
T[C>T]T	0.19706285734094103	0.00158065393387025	0.002018347087615463	0.00011144493417336143	7.163652102122146e-06	0.07033039675207357	0.02901360926342065	0.04894868487041012	0.001019569484801849
T[T>A]A	8.121235718061829e-05	0.00037537924874014194	0.006973738998121186	0.0038945392576972965	0.0016130535554713817	0.0070583323221586	0.00023534465328611988	0.0006494822092381482	0.003264480568080083
T[T>A]C	0.00015143236217591755	0.0008043787484392033	0.011707075687310322	0.001946565379532089	0.0005137898999698791	0.008185248902739943	0.0005853658339565299	0.0006918400940642683	0.004494790923857217
T[T>A]G	6.532810659525268e-05	0.0004942832321264275	0.013275049516883485	0.00013427935258397564	0.00020902135632740483	0.007090233693766962	0.00037758595504812576	0.0006991285326651104	0.00214897608583615
T[T>A]T	6.17199951375369e-06	0.0007040058564147884	0.013009353861614727	0.0009297785310417342	0.0006625782695921316	0.00906109679616485	0.00138501275240651	0.0007621518862516297	0.002724555443133234
T[T>C]A	6.708550925622791e-05	0.0007821364075290993	0.005413674280453188	0.00011087514807727195	0.018191809627460316	0.006574273617612448	0.0021160146750917193	0.002178765408805855	0.003443869820997975
T[T>C]C	0.0003857286743728445	0.0008205275719719794	0.01380908865737365	0.002596000455610266	0.015701923762831905	0.012369663550611427	0.0038362201284617187	0.0005932592848222443	0.0052296983275013816
T[T>C]G	7.785832814458438e-05	0.00048226493888718565	0.004792483657787148	0.001576784504629863	0.02204460070071502	0.004276795728131251	0.0015896601394676112	0.0004945221570196326	0.00038987406532072167
T[T>C]T	8.270841114590626e-05	0.00043946590927236394	0.010642925913171696	0.0032546858447264526	0.009940195276928535	0.014816712020132228	0.006213566048827488	0.0029589217596764257	0.0019307275665309165
T[T>G]A	6.872210991787142e-06	0.0004968224815535058	0.007547355154168372	8.843836328407964e-05	0.00011744863341918687	0.005315920158697287	0.0062362941773789655	0.0006214506952468027	0.0019921514503078584
T[T>G]C	0.00011767380856255783	0.000340974687190446	0.007651109720144701	0.00019144582428642465	0.0003351039487869869	0.006910706022705114	0.0040043937236896735	0.004387019787915051	0.0011939028192526143
T[T>G]G	0.00019807306456814545	0.00048634133409229896	0.01262984287943928	0.0010766517783081988	0.0007791795334375423	0.008925895731909975	0.0019137882473096396	0.00029847476932951623	0.002849827339353972
T[T>G]T	1.4531738124787807e-06	0.0010939842679931076	0.008600339976709058	3.2720070635308954e-05	0.0003214988854976895	0.00958240410213236	0.03477006734721363	0.0011124502905814336	0.00203451912869551
