NMF_Replicate	L1	L1 %	L2	L2 %	KL Divergence	Correlation	Convergence Iterations
1	11.518	129.646	3.506	78.883	1.449	0.56	20000.0
2	10.997	125.022	3.344	77.022	1.458	0.569	60000.0
3	11.653	132.019	3.542	80.573	1.515	0.528	20000.0
4	11.103	124.593	3.308	76.553	1.488	0.571	20000.0
5	11.032	123.851	3.235	75.45	1.417	0.591	20000.0
6	11.337	126.562	3.336	77.18	1.504	0.567	40000.0
7	11.563	129.422	3.473	79.171	1.503	0.549	20000.0
8	11.251	128.335	3.396	77.718	1.47	0.566	20000.0
9	11.262	126.861	3.408	76.558	1.437	0.581	30000.0
10	11.116	124.545	3.28	76.88	1.461	0.565	40000.0
11	11.471	131.518	3.398	78.985	1.492	0.545	20000.0
12	10.833	123.605	3.298	75.717	1.451	0.589	20000.0
13	11.087	127.225	3.31	77.137	1.475	0.564	40000.0
14	11.533	130.696	3.43	79.324	1.476	0.549	30000.0
15	10.96	124.082	3.236	75.546	1.444	0.589	20000.0
16	11.423	131.475	3.479	79.708	1.521	0.54	30000.0
17	11.902	133.347	3.555	80.292	1.482	0.541	30000.0
18	11.424	127.596	3.393	78.286	1.484	0.558	30000.0
19	11.351	129.855	3.38	78.582	1.48	0.553	20000.0
20	11.571	130.275	3.486	79.072	1.449	0.557	20000.0
21	11.764	130.935	3.575	79.744	1.489	0.55	20000.0
22	11.129	125.012	3.358	76.561	1.457	0.587	30000.0
23	11.327	127.805	3.409	78.106	1.436	0.574	20000.0
24	11.457	129.502	3.405	78.76	1.516	0.546	30000.0
25	11.072	124.642	3.344	76.678	1.45	0.582	50000.0
26	11.141	125.685	3.347	77.46	1.47	0.57	30000.0
27	11.429	129.084	3.428	79.223	1.498	0.544	20000.0
28	11.128	124.996	3.25	75.515	1.448	0.589	30000.0
29	11.575	132.235	3.502	80.093	1.483	0.535	20000.0
30	11.256	127.665	3.393	77.877	1.504	0.562	30000.0
31	10.936	123.491	3.269	75.201	1.464	0.593	20000.0
32	11.181	125.91	3.411	76.788	1.446	0.585	30000.0
33	11.855	132.398	3.542	80.458	1.499	0.538	20000.0
34	11.158	127.366	3.346	77.154	1.475	0.572	40000.0
35	11.152	125.33	3.363	76.819	1.45	0.571	50000.0
36	11.269	127.053	3.376	77.399	1.422	0.575	40000.0
37	10.964	124.438	3.267	75.957	1.469	0.586	30000.0
38	11.918	132.792	3.596	81.163	1.48	0.526	40000.0
39	11.146	123.975	3.32	76.068	1.435	0.584	20000.0
40	11.115	127.01	3.318	77.382	1.494	0.571	30000.0
41	11.001	124.225	3.276	75.992	1.44	0.583	20000.0
42	11.431	128.277	3.433	77.838	1.455	0.557	40000.0
43	11.221	126.36	3.324	77.675	1.467	0.571	30000.0
44	11.492	130.56	3.445	79.351	1.499	0.551	20000.0
45	11.448	130.318	3.443	79.18	1.525	0.543	30000.0
46	11.245	126.855	3.35	78.323	1.517	0.557	30000.0
47	11.067	123.841	3.266	75.717	1.413	0.587	20000.0
48	10.8	123.498	3.234	75.391	1.48	0.587	30000.0
49	11.409	129.15	3.419	78.331	1.474	0.557	40000.0
50	11.237	130.328	3.378	79.384	1.491	0.546	20000.0
51	11.33	127.518	3.392	77.487	1.489	0.565	30000.0
52	11.637	130.782	3.507	79.7	1.492	0.545	30000.0
53	11.426	128.595	3.413	77.996	1.502	0.56	30000.0
54	11.329	128.021	3.437	78.26	1.472	0.562	20000.0
55	11.104	125.674	3.289	75.954	1.466	0.586	50000.0
56	11.083	123.749	3.31	76.487	1.479	0.582	20000.0
57	11.032	124.409	3.252	75.773	1.5	0.584	30000.0
58	11.567	129.161	3.457	78.651	1.468	0.565	20000.0
59	11.199	125.881	3.343	77.235	1.434	0.571	20000.0
60	11.266	127.419	3.377	77.169	1.435	0.572	30000.0
61	11.156	125.101	3.269	76.166	1.465	0.585	30000.0
62	11.206	127.897	3.328	77.739	1.513	0.561	20000.0
63	11.537	129.773	3.47	78.688	1.47	0.554	30000.0
64	11.44	129.527	3.44	78.575	1.486	0.559	20000.0
65	11.254	125.822	3.397	77.656	1.464	0.573	30000.0
66	11.191	123.878	3.328	76.249	1.49	0.582	20000.0
67	11.675	131.058	3.538	79.566	1.488	0.547	30000.0
68	11.212	126.49	3.363	77.092	1.458	0.566	30000.0
69	11.339	126.297	3.386	77.606	1.481	0.561	20000.0
70	11.218	126.478	3.346	76.717	1.45	0.582	30000.0
71	11.194	126.329	3.344	77.994	1.446	0.558	20000.0
72	11.55	129.697	3.499	79.168	1.47	0.556	20000.0
73	11.321	128.233	3.382	78.088	1.475	0.56	20000.0
74	11.441	130.359	3.382	78.512	1.49	0.558	20000.0
75	11.428	130.911	3.435	79.357	1.48	0.546	20000.0
76	11.314	128.754	3.355	77.593	1.476	0.566	30000.0
77	11.289	128.36	3.378	77.485	1.506	0.564	30000.0
78	10.756	120.448	3.163	73.471	1.446	0.606	40000.0
79	11.25	125.467	3.376	76.247	1.462	0.581	20000.0
80	11.258	128.205	3.363	78.157	1.493	0.552	20000.0
81	11.654	132.124	3.459	79.672	1.518	0.535	40000.0
82	10.89	122.77	3.244	75.023	1.436	0.592	20000.0
83	11.124	125.26	3.343	76.895	1.464	0.572	20000.0
84	11.455	130.078	3.394	78.381	1.52	0.556	20000.0
85	11.185	127.032	3.354	77.644	1.473	0.569	30000.0
86	11.346	128.058	3.392	78.092	1.483	0.552	20000.0
87	11.131	125.602	3.282	76.854	1.475	0.577	30000.0
88	11.033	123.913	3.297	75.937	1.487	0.58	30000.0
89	11.202	128.936	3.382	77.973	1.487	0.563	40000.0
90	11.103	124.214	3.334	76.835	1.497	0.58	20000.0
91	11.302	128.225	3.381	77.845	1.509	0.554	30000.0
92	10.825	122.184	3.233	75.207	1.471	0.584	20000.0
93	11.568	130.1	3.477	78.603	1.492	0.56	30000.0
94	11.471	129.416	3.372	77.943	1.489	0.557	20000.0
95	11.258	125.68	3.313	76.89	1.46	0.576	30000.0
96	11.346	128.807	3.452	77.774	1.487	0.568	20000.0
97	11.079	126.488	3.272	76.48	1.479	0.58	40000.0
98	11.469	129.454	3.438	78.071	1.471	0.563	50000.0
99	11.025	126.154	3.289	76.593	1.49	0.576	20000.0
100	11.124	126.203	3.331	76.395	1.47	0.575	20000.0
101	11.171	125.483	3.35	76.931	1.463	0.58	20000.0
102	11.34	126.816	3.374	77.224	1.483	0.563	30000.0
103	11.291	129.004	3.385	78.238	1.475	0.558	50000.0
104	10.59	122.737	3.189	74.257	1.453	0.589	20000.0
105	11.261	128.206	3.379	76.923	1.484	0.582	30000.0
106	11.666	131.43	3.514	79.369	1.512	0.542	30000.0
107	10.842	123.527	3.259	75.207	1.41	0.598	30000.0
108	11.301	127.063	3.33	77.051	1.478	0.562	20000.0
109	11.172	127.432	3.309	77.184	1.497	0.563	40000.0
110	11.473	128.318	3.41	77.696	1.487	0.565	30000.0
111	11.42	130.033	3.422	79.066	1.465	0.55	30000.0
112	11.538	130.61	3.421	78.817	1.496	0.557	30000.0
113	11.473	130.236	3.423	78.085	1.486	0.557	40000.0
114	11.494	130.527	3.45	78.747	1.461	0.558	30000.0
115	11.063	124.331	3.313	75.519	1.441	0.587	30000.0
116	11.274	127.939	3.383	77.858	1.454	0.564	30000.0
117	10.853	122.167	3.21	74.504	1.473	0.583	60000.0
118	11.517	126.679	3.406	77.47	1.435	0.572	20000.0
119	11.29	128.381	3.304	77.089	1.465	0.574	20000.0
120	11.501	129.175	3.448	78.867	1.483	0.551	20000.0
121	11.209	123.968	3.358	76.412	1.448	0.589	30000.0
122	11.237	126.714	3.356	77.466	1.502	0.564	20000.0
123	11.154	126.456	3.341	77.096	1.472	0.579	20000.0
124	11.262	126.683	3.354	77.237	1.459	0.578	20000.0
125	11.08	125.716	3.304	76.874	1.465	0.572	20000.0
126	11.445	131.816	3.436	79.126	1.501	0.544	20000.0
127	11.03	124.805	3.272	76.087	1.478	0.582	20000.0
128	11.252	129.618	3.358	78.026	1.467	0.564	30000.0
129	11.132	126.449	3.327	77.277	1.457	0.569	20000.0
130	11.348	126.21	3.402	77.298	1.439	0.57	30000.0
131	11.036	126.092	3.312	76.515	1.447	0.584	50000.0
132	11.348	126.394	3.385	77.651	1.469	0.572	30000.0
133	11.319	125.552	3.363	76.91	1.435	0.578	40000.0
134	11.067	124.103	3.28	75.896	1.433	0.587	30000.0
135	11.492	128.381	3.45	78.891	1.484	0.553	30000.0
136	11.023	123.271	3.291	75.1	1.433	0.6	20000.0
137	11.016	126.037	3.253	76.03	1.494	0.572	20000.0
138	11.54	130.544	3.454	79.03	1.459	0.553	20000.0
139	10.978	122.914	3.308	75.537	1.452	0.595	20000.0
140	11.796	132.816	3.524	79.935	1.48	0.539	20000.0
141	11.246	127.177	3.37	77.501	1.48	0.556	30000.0
142	11.318	128.401	3.372	77.656	1.463	0.56	20000.0
143	11.445	128.049	3.404	78.701	1.481	0.555	20000.0
144	11.354	130.198	3.403	78.547	1.519	0.558	50000.0
145	11.779	133.046	3.547	80.485	1.516	0.535	20000.0
146	11.123	125.702	3.285	77.251	1.477	0.562	40000.0
147	11.239	126.654	3.416	77.744	1.466	0.567	20000.0
148	11.215	127.635	3.359	77.534	1.472	0.561	20000.0
149	11.082	125.087	3.266	76.053	1.474	0.576	20000.0
150	11.343	126.253	3.4	78.095	1.468	0.565	20000.0
151	11.217	126.675	3.339	77.004	1.504	0.57	20000.0
152	10.968	124.513	3.291	76.613	1.507	0.577	40000.0
153	11.472	130.071	3.393	79.148	1.504	0.55	20000.0
154	11.323	127.843	3.37	78.252	1.513	0.556	40000.0
155	11.571	129.411	3.492	79.105	1.474	0.557	40000.0
156	11.512	130.01	3.491	79.623	1.466	0.542	20000.0
157	11.106	125.949	3.372	76.661	1.43	0.578	30000.0
158	11.356	127.639	3.433	77.98	1.463	0.561	40000.0
159	10.958	123.191	3.309	75.374	1.408	0.585	20000.0
160	11.411	129.531	3.435	78.411	1.475	0.554	20000.0
161	11.497	129.422	3.455	78.316	1.463	0.562	30000.0
162	10.874	125.37	3.271	77.079	1.462	0.574	30000.0
163	11.205	128.112	3.313	77.629	1.494	0.557	20000.0
164	11.153	126.212	3.304	76.571	1.478	0.583	20000.0
165	11.007	124.984	3.288	76.405	1.45	0.581	30000.0
166	11.036	125.56	3.314	76.003	1.464	0.587	30000.0
167	11.281	125.593	3.388	76.398	1.438	0.584	20000.0
168	11.085	125.513	3.269	75.742	1.466	0.58	40000.0
169	11.038	126.2	3.294	76.334	1.484	0.575	30000.0
170	11.223	126.843	3.35	77.781	1.496	0.559	20000.0
171	11.288	127.148	3.314	77.203	1.463	0.573	20000.0
172	11.294	126.859	3.349	77.272	1.455	0.568	20000.0
173	11.4	128.007	3.363	77.332	1.504	0.573	30000.0
174	10.972	122.793	3.274	75.063	1.461	0.595	20000.0
175	11.118	126.706	3.287	77.599	1.468	0.567	30000.0
176	11.307	127.83	3.395	78.071	1.445	0.57	50000.0
177	11.148	125.923	3.354	75.976	1.454	0.58	40000.0
178	11.175	126.808	3.364	76.977	1.496	0.576	20000.0
179	11.415	129.832	3.403	78.506	1.47	0.551	20000.0
180	11.299	127.483	3.418	77.63	1.442	0.572	30000.0
181	11.046	125.857	3.322	76.948	1.443	0.576	20000.0
182	11.373	128.129	3.384	77.501	1.47	0.565	40000.0
183	10.918	124.354	3.243	75.586	1.495	0.581	30000.0
184	11.197	126.332	3.303	76.614	1.434	0.578	20000.0
185	11.498	130.298	3.453	79.195	1.507	0.553	20000.0
186	11.136	125.39	3.345	76.789	1.456	0.574	30000.0
187	11.206	126.419	3.322	77.192	1.489	0.568	30000.0
188	11.231	127.765	3.348	77.168	1.482	0.567	30000.0
189	11.327	129.108	3.341	77.275	1.519	0.564	30000.0
190	11.157	126.197	3.348	77.374	1.475	0.569	40000.0
191	11.148	125.585	3.282	76.302	1.493	0.575	40000.0
192	10.896	124.67	3.267	75.591	1.501	0.583	30000.0
193	11.107	126.856	3.377	77.319	1.467	0.574	40000.0
194	11.094	125.731	3.338	77.425	1.501	0.563	20000.0
195	11.07	125.916	3.35	77.425	1.47	0.572	30000.0
196	11.403	128.707	3.404	78.116	1.475	0.557	20000.0
197	11.197	126.657	3.332	77.226	1.49	0.566	20000.0
198	10.918	125.356	3.291	76.215	1.484	0.582	20000.0
199	11.134	125.334	3.356	76.106	1.429	0.586	30000.0
200	11.209	126.903	3.353	78.024	1.498	0.563	40000.0
201	11.332	129.529	3.379	77.956	1.474	0.565	20000.0
202	11.247	127.768	3.382	77.553	1.479	0.561	20000.0
203	11.6	131.509	3.485	79.761	1.488	0.545	20000.0
204	11.3	127.31	3.398	78.525	1.467	0.557	30000.0
205	11.549	129.318	3.449	79.435	1.5	0.556	40000.0
206	11.349	126.702	3.412	77.048	1.466	0.58	30000.0
207	11.24	128.203	3.353	77.661	1.486	0.562	20000.0
208	11.922	132.987	3.634	80.002	1.506	0.549	20000.0
209	11.539	129.5	3.467	78.93	1.477	0.559	30000.0
210	11.568	130.378	3.518	78.918	1.491	0.556	30000.0
211	11.344	124.432	3.352	75.811	1.482	0.587	20000.0
212	11.529	132.869	3.422	79.556	1.513	0.542	40000.0
213	11.122	124.691	3.327	76.179	1.462	0.579	30000.0
214	11.311	128.788	3.396	78.271	1.484	0.563	40000.0
215	11.479	130.394	3.402	78.302	1.514	0.557	20000.0
216	11.157	125.26	3.31	76.998	1.477	0.576	50000.0
217	11.285	125.593	3.385	76.757	1.44	0.572	30000.0
218	11.006	124.827	3.327	75.609	1.467	0.577	30000.0
219	11.288	128.442	3.421	78.097	1.48	0.563	30000.0
220	11.171	125.85	3.298	76.656	1.452	0.573	30000.0
221	10.858	122.713	3.248	75.011	1.432	0.597	20000.0
222	10.776	121.407	3.197	74.096	1.465	0.591	20000.0
223	11.494	133.135	3.393	79.211	1.51	0.543	40000.0
224	11.138	124.72	3.307	76.251	1.428	0.592	20000.0
225	11.201	125.04	3.314	76.699	1.534	0.572	20000.0
226	11.187	126.118	3.405	76.799	1.447	0.576	30000.0
227	11.456	130.343	3.355	78.84	1.485	0.543	20000.0
228	10.994	124.856	3.263	75.749	1.479	0.584	20000.0
229	11.161	124.817	3.322	77.21	1.448	0.579	20000.0
230	11.152	127.262	3.326	77.088	1.432	0.573	20000.0
231	11.492	129.282	3.386	77.968	1.49	0.558	40000.0
232	11.332	128.002	3.39	77.459	1.531	0.569	40000.0
233	11.337	129.026	3.393	78.727	1.52	0.551	30000.0
234	11.525	129.938	3.427	78.543	1.474	0.553	30000.0
235	11.375	127.278	3.368	78.279	1.511	0.554	20000.0
236	11.017	122.234	3.265	75.221	1.432	0.597	30000.0
237	11.227	125.261	3.33	76.41	1.493	0.579	50000.0
238	11.213	127.793	3.386	77.239	1.45	0.566	20000.0
239	11.289	127.83	3.412	77.337	1.48	0.57	20000.0
240	11.403	126.345	3.375	77.555	1.484	0.569	20000.0
241	11.311	126.711	3.4	77.418	1.459	0.569	50000.0
242	11.314	127.19	3.327	76.899	1.491	0.573	20000.0
243	11.165	127.866	3.33	77.216	1.452	0.567	40000.0
244	11.5	130.02	3.454	79.406	1.481	0.544	30000.0
245	11.11	126.429	3.301	76.397	1.47	0.582	20000.0
246	11.63	131.028	3.486	79.595	1.475	0.549	20000.0
247	11.413	127.296	3.399	78.281	1.498	0.567	20000.0
248	11.346	127.362	3.429	77.732	1.476	0.56	40000.0
249	11.502	131.694	3.417	78.934	1.494	0.553	30000.0
250	11.274	129.103	3.382	78.331	1.465	0.556	20000.0
251	11.061	125.73	3.342	77.355	1.478	0.569	40000.0
252	11.215	127.166	3.332	76.737	1.449	0.575	20000.0
253	11.413	129.679	3.414	78.725	1.458	0.556	20000.0
254	11.353	126.319	3.362	77.64	1.435	0.575	20000.0
255	11.229	128.042	3.333	77.252	1.535	0.56	20000.0
256	11.217	126.129	3.382	77.136	1.486	0.566	30000.0
257	11.398	128.99	3.386	78.932	1.505	0.555	20000.0
258	11.333	128.291	3.393	78.043	1.46	0.566	20000.0
259	11.099	124.652	3.283	76.911	1.49	0.583	40000.0
260	11.646	129.698	3.496	79.091	1.456	0.547	40000.0
261	11.563	131.898	3.499	79.216	1.508	0.544	30000.0
262	11.275	127.567	3.376	77.204	1.48	0.574	20000.0
263	11.459	129.828	3.382	79.344	1.53	0.539	20000.0
264	11.238	127.694	3.35	77.351	1.495	0.557	40000.0
265	11.336	128.808	3.372	78.37	1.491	0.56	20000.0
266	11.402	129.17	3.4	78.145	1.47	0.558	50000.0
267	11.362	129.154	3.376	78.06	1.48	0.56	20000.0
268	11.316	126.43	3.337	77.105	1.461	0.58	20000.0
269	10.802	124.111	3.244	75.102	1.445	0.594	40000.0
270	10.955	120.805	3.215	74.183	1.409	0.608	30000.0
271	11.681	131.543	3.55	79.689	1.493	0.55	40000.0
272	11.336	128.301	3.393	78.214	1.489	0.566	30000.0
273	11.503	130.876	3.427	79.307	1.514	0.54	20000.0
274	11.081	127.284	3.354	78.116	1.494	0.56	40000.0
275	11.237	126.888	3.38	77.236	1.437	0.576	20000.0
276	11.251	126.72	3.33	77.5	1.475	0.573	30000.0
277	11.177	126.147	3.297	76.79	1.498	0.573	20000.0
278	10.861	121.594	3.251	75.301	1.45	0.602	30000.0
279	11.172	124.154	3.325	77.161	1.479	0.575	20000.0
280	10.757	122.854	3.183	74.697	1.452	0.59	30000.0
281	11.29	128.525	3.391	78.212	1.49	0.554	30000.0
282	11.384	128.122	3.347	77.936	1.494	0.562	30000.0
283	10.979	124.279	3.257	75.494	1.454	0.587	30000.0
284	10.929	125.341	3.257	75.699	1.436	0.588	20000.0
285	11.375	128.062	3.412	77.824	1.439	0.571	20000.0
286	11.301	126.473	3.376	77.07	1.476	0.568	30000.0
287	10.803	122.199	3.233	74.763	1.467	0.596	50000.0
288	11.069	125.387	3.302	76.659	1.512	0.576	20000.0
289	11.288	127.125	3.325	77.329	1.448	0.57	30000.0
290	11.351	127.453	3.361	77.68	1.465	0.565	20000.0
291	11.015	125.67	3.277	76.407	1.435	0.583	30000.0
292	11.298	128.111	3.375	77.499	1.502	0.562	30000.0
293	11.515	130.173	3.443	79.538	1.472	0.546	40000.0
294	11.156	126.15	3.295	76.297	1.457	0.577	30000.0
295	11.101	125.797	3.312	77.288	1.462	0.563	30000.0
296	11.111	125.304	3.329	76.425	1.456	0.581	20000.0
297	11.302	127.878	3.325	77.391	1.464	0.563	30000.0
298	11.521	132.767	3.429	79.522	1.519	0.545	20000.0
299	11.523	127.327	3.405	77.873	1.53	0.561	20000.0
300	11.66	131.987	3.496	80.052	1.52	0.537	30000.0
301	11.342	128.962	3.409	78.17	1.511	0.549	30000.0
302	11.31	129.76	3.381	78.277	1.504	0.553	30000.0
303	11.176	127.075	3.369	77.549	1.468	0.57	20000.0
304	11.004	124.376	3.253	77.067	1.483	0.577	40000.0
305	10.944	122.657	3.229	75.169	1.429	0.599	30000.0
306	11.039	125.401	3.306	77.088	1.461	0.564	20000.0
307	11.041	125.994	3.249	76.606	1.49	0.566	30000.0
308	11.586	130.497	3.523	79.73	1.507	0.542	30000.0
309	11.412	128.973	3.443	78.213	1.502	0.556	20000.0
310	11.145	126.373	3.327	77.17	1.445	0.578	20000.0
311	11.603	131.968	3.507	79.725	1.493	0.543	20000.0
312	11.4	129.056	3.425	78.255	1.492	0.558	20000.0
313	11.373	126.731	3.391	77.002	1.474	0.567	40000.0
314	11.011	125.853	3.254	76.328	1.494	0.569	50000.0
315	11.199	124.769	3.373	77.117	1.436	0.583	20000.0
316	11.222	126.505	3.375	77.214	1.493	0.571	20000.0
317	11.089	124.082	3.295	76.342	1.488	0.578	30000.0
318	11.09	125.979	3.275	76.934	1.464	0.577	30000.0
319	11.211	128.152	3.367	77.688	1.494	0.56	20000.0
320	11.068	126.485	3.296	76.472	1.438	0.581	30000.0
321	11.1	124.393	3.278	75.62	1.453	0.581	20000.0
322	11.487	129.568	3.453	79.446	1.467	0.551	40000.0
323	11.03	125.825	3.296	76.627	1.442	0.579	20000.0
324	11.356	128.189	3.427	78.908	1.46	0.552	30000.0
325	11.485	128.799	3.459	78.489	1.455	0.564	30000.0
326	11.311	129.034	3.465	78.143	1.468	0.564	30000.0
327	11.035	124.375	3.298	76.295	1.448	0.581	30000.0
328	11.728	131.629	3.538	79.513	1.497	0.548	40000.0
329	11.382	127.94	3.384	77.717	1.485	0.57	60000.0
330	11.225	128.085	3.349	77.812	1.48	0.556	40000.0
331	11.391	129.241	3.42	78.624	1.493	0.555	30000.0
332	11.271	127.291	3.361	77.93	1.496	0.564	20000.0
333	10.863	122.354	3.27	76.112	1.458	0.579	40000.0
334	11.322	127.602	3.394	77.854	1.465	0.566	20000.0
335	11.279	126.522	3.361	77.25	1.459	0.565	30000.0
336	11.192	125.867	3.364	77.345	1.471	0.572	20000.0
337	11.634	131.103	3.441	79.665	1.502	0.551	30000.0
338	11.087	124.859	3.321	76.157	1.427	0.59	30000.0
339	11.144	128.1	3.328	77.81	1.482	0.559	50000.0
340	11.232	127.051	3.383	77.316	1.453	0.573	30000.0
341	10.725	122.198	3.146	74.537	1.44	0.598	20000.0
342	11.031	122.977	3.304	75.105	1.459	0.587	50000.0
343	11.363	129.533	3.355	77.984	1.498	0.555	30000.0
344	11.032	124.597	3.314	76.234	1.436	0.585	50000.0
345	10.961	125.476	3.243	75.562	1.452	0.587	30000.0
346	11.303	127.305	3.375	77.901	1.476	0.558	20000.0
347	11.329	126.221	3.4	77.299	1.48	0.57	50000.0
348	11.469	130.329	3.389	79.241	1.506	0.543	40000.0
349	11.036	125.443	3.351	76.806	1.444	0.579	30000.0
350	11.616	129.31	3.428	78.338	1.463	0.554	30000.0
351	11.005	124.682	3.318	76.7	1.45	0.574	30000.0
352	11.073	124.811	3.319	75.648	1.445	0.589	20000.0
353	11.604	127.927	3.449	78.288	1.45	0.563	40000.0
354	11.433	129.61	3.383	78.395	1.503	0.552	50000.0
355	10.864	124.56	3.266	76.433	1.491	0.586	20000.0
356	11.138	126.252	3.323	77.383	1.468	0.568	20000.0
357	11.473	131.181	3.49	79.584	1.478	0.546	30000.0
358	11.449	128.752	3.431	77.792	1.466	0.57	20000.0
359	11.426	129.81	3.429	78.981	1.494	0.546	30000.0
360	11.136	123.054	3.314	75.304	1.478	0.585	20000.0
361	11.034	124.417	3.267	76.208	1.477	0.577	20000.0
362	11.29	127.213	3.363	77.317	1.504	0.574	30000.0
363	11.251	127.561	3.292	77.229	1.522	0.566	20000.0
364	11.242	127.244	3.326	77.31	1.498	0.564	30000.0
365	11.286	126.385	3.408	77.894	1.444	0.561	20000.0
366	11.161	125.701	3.357	77.283	1.471	0.57	30000.0
367	11.664	131.296	3.501	79.96	1.5	0.533	30000.0
368	10.824	122.266	3.233	74.713	1.465	0.603	30000.0
369	11.248	126.887	3.336	76.822	1.463	0.571	40000.0
370	11.449	129.505	3.439	78.951	1.496	0.556	20000.0
371	10.967	123.476	3.275	75.218	1.48	0.579	20000.0
372	11.643	130.504	3.473	79.527	1.492	0.552	30000.0
373	11.45	131.141	3.424	79.337	1.506	0.548	30000.0
374	11.145	126.522	3.333	77.095	1.453	0.565	20000.0
375	11.123	124.95	3.273	76.266	1.465	0.58	30000.0
376	11.184	127.188	3.33	76.897	1.481	0.57	20000.0
377	11.692	128.919	3.527	78.38	1.451	0.566	30000.0
378	11.325	127.959	3.415	78.448	1.473	0.552	20000.0
379	11.066	126.318	3.31	76.977	1.495	0.575	20000.0
380	10.976	122.96	3.254	74.981	1.432	0.596	40000.0
381	11.484	130.586	3.446	79.578	1.467	0.546	30000.0
382	11.491	130.313	3.39	78.532	1.473	0.555	30000.0
383	11.177	126.459	3.383	77.826	1.489	0.57	20000.0
384	11.305	128.594	3.387	78.675	1.462	0.558	30000.0
385	11.427	128.567	3.418	78.059	1.481	0.561	20000.0
386	11.207	125.209	3.309	77.125	1.496	0.578	20000.0
387	11.347	127.796	3.365	78.21	1.512	0.557	30000.0
388	11.375	129.171	3.391	77.662	1.46	0.563	30000.0
389	11.217	127.214	3.356	77.821	1.49	0.568	30000.0
390	11.685	130.841	3.526	80.33	1.502	0.546	20000.0
391	10.949	125.529	3.292	76.817	1.438	0.574	30000.0
392	11.578	132.302	3.456	79.973	1.499	0.535	20000.0
393	11.488	128.496	3.427	78.496	1.486	0.554	70000.0
394	11.196	128.909	3.355	77.976	1.496	0.56	40000.0
395	11.363	129.472	3.382	78.905	1.449	0.554	20000.0
396	11.291	127.657	3.384	77.595	1.476	0.565	20000.0
397	11.546	128.319	3.464	78.249	1.485	0.565	30000.0
398	11.694	131.189	3.456	79.806	1.5	0.543	20000.0
399	11.293	129.523	3.386	77.802	1.487	0.561	40000.0
400	10.908	123.587	3.278	75.492	1.437	0.599	30000.0
401	11.516	129.712	3.46	78.702	1.494	0.558	20000.0
402	10.905	124.758	3.303	76.513	1.473	0.575	20000.0
403	11.082	125.295	3.296	75.535	1.45	0.587	20000.0
404	11.161	126.987	3.363	77.448	1.469	0.574	20000.0
405	11.103	126.413	3.316	76.96	1.474	0.568	30000.0
406	11.623	129.499	3.522	78.728	1.447	0.556	20000.0
407	11.281	126.321	3.371	77.724	1.47	0.562	20000.0
408	11.467	129.609	3.448	78.827	1.48	0.553	20000.0
409	11.453	129.079	3.412	78.431	1.493	0.56	20000.0
410	11.444	128.974	3.399	78.716	1.499	0.552	50000.0
411	11.478	129.976	3.419	78.712	1.488	0.548	20000.0
412	11.125	126.277	3.292	76.424	1.441	0.582	20000.0
413	11.079	125.389	3.31	77.303	1.499	0.568	20000.0
414	11.247	125.709	3.372	77.222	1.468	0.568	20000.0
415	10.999	124.253	3.284	75.722	1.453	0.591	40000.0
416	11.222	128.598	3.34	78.356	1.5	0.55	30000.0
417	11.191	127.195	3.336	77.059	1.485	0.567	20000.0
418	11.019	125.719	3.274	76.347	1.47	0.576	20000.0
419	11.558	129.26	3.466	79.495	1.501	0.548	20000.0
420	10.907	122.734	3.27	75.874	1.442	0.58	40000.0
421	10.753	121.611	3.252	74.692	1.4	0.605	30000.0
422	11.419	128.316	3.36	77.829	1.451	0.562	20000.0
423	11.536	128.203	3.42	77.957	1.499	0.557	40000.0
424	11.184	125.309	3.312	76.624	1.476	0.58	40000.0
425	11.384	130.184	3.425	79.338	1.514	0.54	20000.0
426	11.118	125.276	3.276	76.754	1.505	0.573	20000.0
427	10.943	125.023	3.308	75.453	1.45	0.592	50000.0
428	10.967	123.582	3.248	74.873	1.425	0.587	20000.0
429	11.166	126.558	3.331	77.399	1.497	0.569	30000.0
430	10.949	122.936	3.246	75.336	1.443	0.59	20000.0
431	11.41	128.563	3.448	78.912	1.487	0.549	20000.0
432	11.154	125.888	3.377	77.205	1.45	0.574	20000.0
433	11.364	129.232	3.346	78.402	1.48	0.554	30000.0
434	11.452	127.758	3.395	78.095	1.465	0.568	40000.0
435	10.83	122.557	3.218	75.601	1.457	0.589	20000.0
436	10.891	124.102	3.235	75.585	1.471	0.589	20000.0
437	11.078	126.113	3.266	75.967	1.46	0.581	30000.0
438	11.031	123.67	3.305	76.17	1.447	0.591	30000.0
439	11.493	129.379	3.411	78.697	1.529	0.561	20000.0
440	11.146	126.33	3.326	77.558	1.467	0.571	40000.0
441	11.722	132.025	3.508	79.527	1.49	0.548	30000.0
442	11.293	128.424	3.358	77.721	1.469	0.567	20000.0
443	11.445	128.228	3.463	77.943	1.434	0.569	30000.0
444	11.033	125.267	3.32	76.298	1.454	0.584	20000.0
445	11.261	127.759	3.392	77.651	1.473	0.557	20000.0
446	11.634	129.22	3.448	78.53	1.482	0.554	20000.0
447	11.292	127.037	3.401	76.646	1.471	0.576	50000.0
448	11.134	125.312	3.321	76.134	1.443	0.583	30000.0
449	10.91	122.428	3.252	74.887	1.468	0.59	20000.0
450	11.362	129.014	3.397	77.876	1.456	0.563	20000.0
451	11.469	129.197	3.407	78.752	1.509	0.555	20000.0
452	11.012	122.042	3.272	75.453	1.447	0.593	20000.0
453	11.674	131.937	3.479	79.05	1.507	0.556	30000.0
454	11.747	131.882	3.564	80.137	1.46	0.543	30000.0
455	11.193	125.491	3.311	77.177	1.482	0.576	50000.0
456	11.438	128.353	3.445	78.237	1.451	0.56	20000.0
457	11.32	127.095	3.355	77.037	1.46	0.573	30000.0
458	11.403	127.506	3.424	78.711	1.469	0.561	20000.0
459	11.141	127.618	3.323	77.509	1.492	0.564	20000.0
460	11.045	127.471	3.366	78.027	1.47	0.571	20000.0
461	11.217	127.644	3.373	77.743	1.463	0.567	20000.0
462	11.274	128.548	3.362	77.485	1.485	0.564	20000.0
463	11.128	125.238	3.288	76.65	1.498	0.571	20000.0
464	11.282	127.547	3.394	78.496	1.476	0.558	20000.0
465	11.371	126.462	3.359	77.234	1.477	0.577	40000.0
466	11.28	129.519	3.348	78.094	1.493	0.557	20000.0
467	11.464	129.391	3.419	78.538	1.473	0.551	40000.0
468	11.193	128.003	3.353	77.655	1.492	0.567	20000.0
469	11.145	124.005	3.361	76.414	1.446	0.584	50000.0
470	11.277	127.141	3.454	77.59	1.452	0.575	40000.0
471	11.511	129.621	3.421	78.175	1.496	0.565	20000.0
472	11.396	126.919	3.389	78.007	1.502	0.56	20000.0
473	10.961	123.724	3.252	74.945	1.448	0.592	30000.0
474	11.164	125.95	3.325	76.547	1.5	0.568	20000.0
475	10.967	124.914	3.318	75.959	1.413	0.588	20000.0
476	11.492	127.811	3.414	77.595	1.489	0.567	30000.0
477	11.063	125.735	3.324	77.291	1.473	0.567	40000.0
478	11.519	129.952	3.478	79.661	1.468	0.55	20000.0
479	11.294	128.588	3.399	78.342	1.481	0.557	20000.0
480	11.243	129.35	3.364	78.36	1.491	0.556	20000.0
481	11.229	127.329	3.345	77.166	1.449	0.569	30000.0
482	11.464	129.142	3.399	78.448	1.466	0.555	20000.0
483	11.119	127.58	3.295	76.88	1.497	0.568	20000.0
484	11.362	127.628	3.397	77.053	1.482	0.572	20000.0
485	11.11	125.953	3.306	76.543	1.499	0.577	40000.0
486	10.903	122.43	3.283	75.016	1.459	0.594	30000.0
487	11.187	126.604	3.365	77.89	1.465	0.565	50000.0
488	11.535	130.279	3.399	79.447	1.511	0.541	40000.0
489	11.268	126.781	3.369	77.421	1.447	0.576	30000.0
490	11.116	124.978	3.335	76.594	1.478	0.581	20000.0
491	11.186	127.469	3.332	77.374	1.518	0.558	50000.0
492	11.311	126.385	3.335	77.176	1.504	0.57	50000.0
493	11.36	127.45	3.372	77.406	1.461	0.567	40000.0
494	11.026	125.036	3.246	76.309	1.496	0.583	30000.0
495	11.133	126.457	3.342	76.48	1.455	0.574	30000.0
496	11.642	131.508	3.531	80.313	1.468	0.536	30000.0
497	11.125	127.267	3.288	76.067	1.47	0.576	40000.0
498	11.575	130.852	3.449	79.437	1.494	0.547	30000.0
499	10.941	123.764	3.306	76.135	1.464	0.585	30000.0
500	11.233	128.203	3.353	77.658	1.453	0.566	20000.0
