NMF_Replicate	L1	L1 %	L2	L2 %	KL Divergence	Correlation	Convergence Iterations
1	9.569	169.469	3.042	93.242	2.669	0.298	30000.0
2	9.604	169.967	3.071	93.211	2.711	0.296	30000.0
3	9.637	169.999	3.07	93.246	2.722	0.294	20000.0
4	9.584	169.057	3.053	93.032	2.676	0.302	20000.0
5	9.653	169.916	3.074	92.915	2.694	0.302	20000.0
6	9.591	169.303	3.053	92.899	2.692	0.302	20000.0
7	9.687	170.524	3.016	93.247	2.697	0.295	20000.0
8	9.656	169.865	3.052	93.249	2.704	0.297	20000.0
9	9.6	169.569	3.016	93.097	2.693	0.297	20000.0
10	9.476	168.477	2.989	92.975	2.643	0.304	20000.0
11	9.609	170.072	3.029	93.256	2.694	0.294	40000.0
12	9.634	169.976	3.04	93.126	2.704	0.297	20000.0
13	9.609	169.719	3.01	92.994	2.701	0.3	20000.0
14	9.674	170.231	3.06	93.386	2.704	0.293	30000.0
15	9.641	169.83	3.039	93.099	2.728	0.297	30000.0
16	9.619	170.007	3.039	93.203	2.689	0.295	20000.0
17	9.459	167.735	2.994	92.601	2.616	0.312	20000.0
18	9.655	169.904	3.037	93.104	2.67	0.302	30000.0
19	9.688	170.522	3.054	93.483	2.718	0.291	20000.0
20	9.541	168.643	2.991	92.884	2.658	0.304	20000.0
21	9.554	169.334	3.037	92.909	2.683	0.301	20000.0
22	9.526	168.647	3.02	92.642	2.695	0.305	20000.0
23	9.761	171.03	3.055	93.405	2.714	0.29	20000.0
24	9.628	169.731	3.049	92.974	2.67	0.302	20000.0
25	9.619	169.279	3.041	92.95	2.69	0.302	20000.0
26	9.61	169.593	3.037	93.209	2.667	0.298	20000.0
27	9.6	169.34	3.034	93.081	2.673	0.3	20000.0
28	9.643	170.141	3.04	93.244	2.737	0.291	20000.0
29	9.53	168.885	3.019	92.897	2.707	0.302	20000.0
30	9.634	169.703	2.976	93.058	2.662	0.302	40000.0
31	9.585	169.275	3.022	93.052	2.697	0.297	20000.0
32	9.609	169.235	3.053	92.871	2.667	0.305	20000.0
33	9.583	169.534	3.038	93.113	2.679	0.298	30000.0
34	9.548	169.337	3.014	92.956	2.693	0.299	20000.0
35	9.661	169.941	3.102	93.307	2.679	0.297	20000.0
36	9.748	170.945	3.045	93.334	2.699	0.292	20000.0
37	9.666	170.303	3.045	93.367	2.725	0.291	30000.0
38	9.571	168.664	3.008	92.951	2.658	0.303	20000.0
39	9.75	171.289	3.072	93.5	2.763	0.287	20000.0
40	9.616	169.714	3.053	93.225	2.701	0.296	20000.0
41	9.661	170.397	3.083	93.492	2.729	0.287	30000.0
42	9.566	169.48	3.056	93.04	2.688	0.3	30000.0
43	9.59	169.762	3.037	93.316	2.667	0.297	20000.0
44	9.615	169.446	3.073	93.22	2.685	0.296	20000.0
45	9.595	169.729	3.08	92.878	2.703	0.302	20000.0
46	9.658	170.078	3.031	93.278	2.685	0.295	40000.0
47	9.675	169.97	3.068	93.062	2.684	0.302	20000.0
48	9.659	170.463	3.054	93.402	2.742	0.289	40000.0
49	9.642	170.049	3.034	93.413	2.711	0.292	20000.0
50	9.58	169.827	3.042	93.274	2.695	0.295	30000.0
51	9.776	171.054	3.062	93.442	2.722	0.289	20000.0
52	9.618	169.999	3.075	93.186	2.72	0.295	20000.0
53	9.658	170.439	3.038	93.33	2.733	0.293	30000.0
54	9.62	169.863	3.027	93.34	2.703	0.293	20000.0
55	9.784	170.953	3.072	93.52	2.724	0.288	40000.0
56	9.62	169.379	3.052	93.268	2.69	0.296	20000.0
57	9.715	170.646	3.056	93.597	2.702	0.288	20000.0
58	9.685	170.206	3.068	93.369	2.702	0.294	20000.0
59	9.69	169.875	3.025	93.211	2.649	0.3	20000.0
60	9.521	168.738	2.981	92.872	2.652	0.302	30000.0
61	9.664	170.338	3.139	93.54	2.734	0.291	40000.0
62	9.646	169.95	3.069	93.335	2.709	0.294	20000.0
63	9.59	169.7	3.033	93.131	2.666	0.3	20000.0
64	9.655	170.316	3.078	93.618	2.708	0.289	20000.0
65	9.589	169.869	3.035	93.204	2.702	0.296	20000.0
66	9.666	169.708	3.048	93.061	2.685	0.299	30000.0
67	9.671	169.973	3.054	93.315	2.68	0.297	20000.0
68	9.73	170.676	3.107	93.433	2.718	0.292	40000.0
69	9.579	169.255	3.006	93.073	2.683	0.298	20000.0
70	9.69	170.737	3.091	93.461	2.725	0.291	20000.0
71	9.607	170.026	3.046	93.221	2.734	0.292	20000.0
72	9.634	169.318	3.039	93.122	2.656	0.301	20000.0
73	9.668	170.04	3.075	93.323	2.686	0.294	40000.0
74	9.512	168.482	3.05	92.816	2.66	0.308	30000.0
75	9.592	169.735	3.072	93.123	2.698	0.297	20000.0
76	9.676	170.654	3.0	93.331	2.717	0.292	30000.0
77	9.592	169.517	3.0	92.996	2.658	0.301	40000.0
78	9.552	169.807	3.023	93.318	2.703	0.291	20000.0
79	9.61	169.844	3.005	93.092	2.695	0.297	20000.0
80	9.564	169.768	3.037	93.073	2.703	0.296	20000.0
81	9.651	169.921	3.066	93.207	2.702	0.295	20000.0
82	9.617	169.583	3.046	93.052	2.676	0.3	20000.0
83	9.704	170.491	3.038	93.363	2.708	0.292	20000.0
84	9.466	167.876	3.025	92.726	2.628	0.311	20000.0
85	9.617	170.324	3.083	93.232	2.71	0.295	30000.0
86	9.622	169.479	3.01	93.065	2.659	0.301	20000.0
87	9.691	170.919	3.073	93.599	2.726	0.286	20000.0
88	9.606	169.791	3.051	93.271	2.708	0.295	20000.0
89	9.563	168.902	3.057	93.068	2.669	0.303	20000.0
90	9.489	168.74	3.031	92.752	2.673	0.304	30000.0
91	9.601	169.361	3.042	93.098	2.64	0.303	20000.0
92	9.587	169.206	3.048	93.173	2.67	0.3	40000.0
93	9.604	169.695	3.073	93.211	2.696	0.296	20000.0
94	9.62	170.067	3.053	93.454	2.707	0.289	20000.0
95	9.695	170.262	3.068	93.254	2.707	0.297	30000.0
96	9.669	170.288	3.087	93.327	2.719	0.294	20000.0
97	9.631	169.822	3.067	93.202	2.712	0.296	20000.0
98	9.654	170.556	3.055	93.205	2.731	0.292	20000.0
99	9.617	170.174	3.047	93.113	2.711	0.296	30000.0
100	9.567	169.291	3.014	92.995	2.658	0.302	20000.0
101	9.611	169.182	3.061	92.97	2.656	0.305	20000.0
102	9.613	169.116	3.068	93.086	2.667	0.301	20000.0
103	9.634	169.187	3.049	93.096	2.635	0.307	30000.0
104	9.64	169.785	3.058	93.034	2.72	0.301	20000.0
105	9.753	171.588	3.081	93.677	2.725	0.285	20000.0
106	9.572	169.102	2.967	92.856	2.66	0.302	20000.0
107	9.564	169.548	3.039	92.93	2.734	0.297	20000.0
108	9.593	169.476	3.067	93.005	2.677	0.301	30000.0
109	9.633	170.125	3.06	93.264	2.72	0.294	20000.0
110	9.61	169.688	3.082	93.207	2.682	0.298	20000.0
111	9.582	168.867	3.049	92.921	2.642	0.306	20000.0
112	9.692	170.628	3.052	93.506	2.712	0.29	30000.0
113	9.615	169.51	3.05	93.095	2.696	0.3	30000.0
114	9.526	168.773	3.043	93.07	2.672	0.301	20000.0
115	9.67	170.196	3.069	93.241	2.706	0.295	30000.0
116	9.678	170.139	2.985	93.265	2.711	0.292	20000.0
117	9.612	169.9	3.01	93.205	2.708	0.295	20000.0
118	9.645	170.002	3.029	93.161	2.692	0.298	30000.0
119	9.665	170.203	3.023	93.215	2.729	0.292	40000.0
120	9.657	170.522	3.072	93.408	2.705	0.292	20000.0
121	9.558	169.375	3.002	93.079	2.681	0.297	20000.0
122	9.68	170.278	3.05	93.277	2.695	0.294	20000.0
123	9.534	169.395	2.975	92.841	2.689	0.303	20000.0
124	9.589	169.768	3.016	93.252	2.682	0.297	20000.0
125	9.713	170.476	3.071	93.399	2.693	0.293	20000.0
126	9.628	169.959	3.037	93.186	2.702	0.296	20000.0
127	9.629	169.527	3.02	92.946	2.666	0.302	20000.0
128	9.646	170.17	3.06	93.257	2.717	0.293	20000.0
129	9.464	168.266	2.968	92.583	2.64	0.309	20000.0
130	9.59	168.955	2.99	92.75	2.651	0.304	20000.0
131	9.632	169.619	3.019	93.105	2.675	0.299	40000.0
132	9.628	169.719	3.048	93.063	2.691	0.299	20000.0
133	9.583	169.114	2.971	93.118	2.683	0.299	20000.0
134	9.685	171.027	3.071	93.595	2.735	0.286	20000.0
135	9.656	170.257	3.04	93.372	2.732	0.29	30000.0
136	9.719	170.706	3.071	93.523	2.722	0.288	30000.0
137	9.596	169.488	3.024	92.983	2.702	0.302	20000.0
138	9.629	169.902	3.059	93.127	2.697	0.297	20000.0
139	9.727	170.934	3.093	93.517	2.7	0.287	20000.0
140	9.68	170.268	3.072	93.295	2.7	0.294	30000.0
141	9.627	169.287	3.02	93.055	2.657	0.3	20000.0
142	9.755	171.101	3.114	93.695	2.706	0.289	20000.0
143	9.63	169.812	3.021	93.115	2.66	0.299	40000.0
144	9.662	169.678	3.066	93.184	2.694	0.296	20000.0
145	9.633	169.786	3.06	93.417	2.669	0.295	20000.0
146	9.787	171.744	3.066	93.713	2.766	0.279	20000.0
147	9.528	168.812	2.965	92.766	2.661	0.306	30000.0
148	9.565	169.285	3.001	92.848	2.673	0.304	40000.0
149	9.642	170.128	3.032	93.371	2.696	0.292	20000.0
150	9.629	169.399	3.023	92.732	2.685	0.305	20000.0
151	9.727	170.835	3.081	93.553	2.7	0.291	30000.0
152	9.559	168.963	3.026	93.018	2.654	0.303	20000.0
153	9.572	169.413	3.07	93.057	2.691	0.299	20000.0
154	9.764	171.185	3.08	93.401	2.71	0.291	20000.0
155	9.642	170.15	3.075	93.262	2.706	0.296	20000.0
156	9.61	169.558	3.043	93.157	2.699	0.296	20000.0
157	9.743	171.059	3.037	93.432	2.731	0.289	20000.0
158	9.694	170.835	3.081	93.404	2.728	0.289	20000.0
159	9.59	169.177	3.055	93.152	2.662	0.299	20000.0
160	9.65	170.134	3.029	93.249	2.687	0.294	20000.0
161	9.651	170.04	3.065	93.331	2.692	0.296	20000.0
162	9.747	171.415	3.078	93.603	2.733	0.286	20000.0
163	9.646	170.168	3.044	93.372	2.694	0.293	20000.0
164	9.664	169.957	3.05	93.272	2.712	0.295	30000.0
165	9.646	170.009	3.067	93.218	2.703	0.297	20000.0
166	9.66	169.925	3.071	93.28	2.703	0.296	30000.0
167	9.653	169.983	3.043	93.103	2.716	0.297	30000.0
168	9.554	169.337	3.04	93.067	2.686	0.299	20000.0
169	9.625	170.265	3.08	93.265	2.739	0.293	20000.0
170	9.521	169.327	2.972	92.903	2.674	0.301	20000.0
171	9.617	170.071	3.093	93.461	2.735	0.289	20000.0
172	9.647	169.813	3.005	93.038	2.68	0.298	30000.0
173	9.609	169.499	3.028	93.162	2.647	0.301	20000.0
174	9.668	170.231	3.079	93.306	2.696	0.296	20000.0
175	9.618	170.043	3.032	93.343	2.726	0.292	20000.0
176	9.701	170.736	3.104	93.396	2.748	0.289	20000.0
177	9.67	170.022	3.071	93.151	2.695	0.3	20000.0
178	9.629	170.106	3.05	93.31	2.687	0.295	20000.0
179	9.666	170.256	3.095	93.308	2.709	0.294	30000.0
180	9.531	168.831	3.032	93.145	2.671	0.299	20000.0
181	9.766	171.182	3.084	93.514	2.706	0.29	20000.0
182	9.592	169.983	3.053	93.17	2.693	0.297	30000.0
183	9.598	169.411	3.03	92.859	2.694	0.303	20000.0
184	9.68	170.013	3.035	93.231	2.669	0.298	20000.0
185	9.665	169.977	3.05	93.061	2.684	0.302	40000.0
186	9.677	170.467	3.074	93.564	2.74	0.288	20000.0
187	9.645	170.59	3.094	93.539	2.709	0.292	40000.0
188	9.656	169.59	3.062	93.119	2.676	0.302	40000.0
189	9.609	169.428	2.986	92.787	2.691	0.305	20000.0
190	9.558	169.006	3.033	92.89	2.649	0.305	20000.0
191	9.548	169.595	3.024	92.954	2.669	0.301	40000.0
192	9.545	168.769	3.018	92.816	2.652	0.306	20000.0
193	9.641	170.539	3.069	93.368	2.732	0.29	20000.0
194	9.601	168.68	3.097	93.064	2.673	0.303	30000.0
195	9.623	169.615	3.064	93.205	2.686	0.298	20000.0
196	9.613	169.638	3.081	93.27	2.697	0.297	20000.0
197	9.656	170.597	3.065	93.445	2.713	0.291	20000.0
198	9.609	169.76	3.071	93.098	2.704	0.298	20000.0
199	9.6	169.448	3.086	93.01	2.67	0.304	30000.0
200	9.612	169.568	3.081	93.169	2.71	0.296	30000.0
201	9.678	170.388	3.051	93.316	2.674	0.296	20000.0
202	9.605	169.407	3.029	93.124	2.664	0.299	20000.0
203	9.612	169.761	3.047	93.074	2.697	0.299	30000.0
204	9.682	170.077	3.036	93.231	2.69	0.297	30000.0
205	9.551	169.116	3.022	92.736	2.714	0.302	20000.0
206	9.72	170.8	3.108	93.299	2.735	0.291	20000.0
207	9.625	169.726	3.036	93.221	2.677	0.296	20000.0
208	9.641	170.115	3.051	93.125	2.694	0.296	20000.0
209	9.632	169.918	3.005	93.079	2.691	0.297	20000.0
210	9.628	169.876	3.059	93.085	2.7	0.299	30000.0
211	9.533	168.712	2.994	92.863	2.684	0.303	20000.0
212	9.592	169.745	3.041	93.233	2.682	0.295	20000.0
213	9.685	170.615	3.089	93.407	2.736	0.289	30000.0
214	9.674	170.348	3.065	93.339	2.716	0.294	20000.0
215	9.553	169.041	3.027	92.763	2.67	0.306	40000.0
216	9.59	169.681	3.027	93.216	2.678	0.296	50000.0
217	9.726	171.231	3.108	93.566	2.742	0.287	20000.0
218	9.546	168.664	2.993	92.884	2.646	0.304	20000.0
219	9.523	168.752	3.075	92.979	2.689	0.304	20000.0
220	9.679	170.349	3.058	93.249	2.715	0.295	20000.0
221	9.756	170.911	3.065	93.459	2.72	0.288	20000.0
222	9.682	170.28	3.068	93.137	2.668	0.3	20000.0
223	9.671	170.57	3.033	93.362	2.757	0.287	40000.0
224	9.613	169.594	3.079	93.193	2.697	0.295	30000.0
225	9.694	170.404	3.069	93.381	2.693	0.294	20000.0
226	9.577	169.466	3.034	93.146	2.688	0.297	20000.0
227	9.587	169.497	3.027	93.178	2.687	0.297	30000.0
228	9.623	169.738	3.037	93.095	2.694	0.299	20000.0
229	9.641	170.319	3.015	93.299	2.7	0.292	20000.0
230	9.71	170.445	3.073	93.438	2.702	0.292	20000.0
231	9.7	170.722	3.068	93.519	2.712	0.29	20000.0
232	9.542	168.907	3.084	92.772	2.674	0.306	20000.0
233	9.667	170.113	3.034	93.125	2.703	0.298	20000.0
234	9.679	170.168	3.06	93.262	2.714	0.294	40000.0
235	9.612	169.858	3.063	93.237	2.686	0.296	20000.0
236	9.68	170.64	3.05	93.384	2.705	0.29	20000.0
237	9.592	170.097	3.084	93.393	2.715	0.292	20000.0
238	9.647	170.296	3.046	93.259	2.697	0.295	20000.0
239	9.507	168.714	2.996	92.733	2.666	0.306	30000.0
240	9.599	169.831	3.045	93.293	2.71	0.293	40000.0
241	9.648	169.93	3.07	93.4	2.699	0.294	20000.0
242	9.642	170.178	3.046	93.253	2.736	0.293	30000.0
243	9.614	169.758	3.03	93.129	2.679	0.296	20000.0
244	9.622	170.134	3.067	93.318	2.699	0.294	20000.0
245	9.686	170.382	3.063	93.234	2.688	0.294	30000.0
246	9.635	169.878	3.038	93.073	2.697	0.298	20000.0
247	9.61	169.573	3.058	93.101	2.71	0.297	20000.0
248	9.639	170.1	3.038	93.221	2.722	0.295	20000.0
249	9.629	169.858	3.079	93.254	2.671	0.297	20000.0
250	9.616	169.882	3.06	93.238	2.71	0.296	20000.0
251	9.566	169.644	3.017	93.148	2.663	0.3	30000.0
252	9.608	169.388	3.043	93.029	2.668	0.301	20000.0
253	9.702	170.221	3.018	93.281	2.692	0.295	20000.0
254	9.64	169.862	3.061	93.25	2.695	0.298	30000.0
255	9.483	168.492	3.0	92.642	2.663	0.309	20000.0
256	9.645	169.918	3.085	93.303	2.696	0.295	40000.0
257	9.762	171.244	3.076	93.655	2.726	0.288	20000.0
258	9.727	171.077	3.083	93.472	2.728	0.289	20000.0
259	9.557	168.774	3.049	92.829	2.665	0.304	30000.0
260	9.573	169.356	3.026	92.999	2.654	0.301	20000.0
261	9.613	169.704	3.048	92.858	2.693	0.301	40000.0
262	9.574	169.682	3.065	93.261	2.697	0.295	30000.0
263	9.791	171.749	3.086	93.727	2.717	0.283	20000.0
264	9.584	169.614	3.053	93.169	2.691	0.298	20000.0
265	9.637	169.65	3.059	93.169	2.67	0.299	20000.0
266	9.662	170.248	3.116	93.365	2.73	0.292	40000.0
267	9.535	168.567	3.004	92.608	2.669	0.31	30000.0
268	9.652	169.928	3.071	93.358	2.7	0.294	20000.0
269	9.671	170.157	3.062	93.216	2.69	0.297	20000.0
270	9.756	170.922	3.078	93.471	2.703	0.292	20000.0
271	9.711	171.077	3.046	93.551	2.723	0.289	30000.0
272	9.581	169.652	3.015	93.118	2.684	0.298	20000.0
273	9.612	169.706	3.024	92.994	2.687	0.299	40000.0
274	9.646	170.397	3.043	93.273	2.693	0.295	20000.0
275	9.693	170.37	3.057	93.249	2.696	0.295	20000.0
276	9.632	170.299	3.072	93.343	2.733	0.291	20000.0
277	9.587	169.474	3.022	93.139	2.661	0.302	20000.0
278	9.628	170.262	3.039	93.463	2.73	0.29	20000.0
279	9.657	170.171	3.041	93.279	2.666	0.299	30000.0
280	9.61	169.659	3.014	93.099	2.686	0.297	20000.0
281	9.66	170.251	3.097	93.437	2.734	0.29	20000.0
282	9.603	169.674	3.042	93.133	2.689	0.298	30000.0
283	9.639	169.862	3.022	93.099	2.695	0.299	20000.0
284	9.57	169.244	3.036	93.214	2.692	0.296	20000.0
285	9.624	170.049	3.005	93.314	2.687	0.294	20000.0
286	9.652	170.065	3.055	93.176	2.691	0.296	20000.0
287	9.563	169.202	3.001	92.817	2.667	0.304	20000.0
288	9.628	169.938	3.058	93.212	2.702	0.296	30000.0
289	9.659	169.663	3.05	93.116	2.672	0.301	30000.0
290	9.558	169.238	3.027	92.842	2.687	0.304	20000.0
291	9.599	169.756	3.068	93.369	2.712	0.292	20000.0
292	9.594	169.629	3.003	93.212	2.685	0.295	20000.0
293	9.739	170.815	3.082	93.39	2.695	0.292	30000.0
294	9.691	170.354	3.063	93.147	2.699	0.297	20000.0
295	9.608	169.033	3.0	92.941	2.636	0.304	20000.0
296	9.662	169.807	3.054	93.139	2.696	0.298	20000.0
297	9.731	170.981	3.046	93.553	2.739	0.285	20000.0
298	9.613	169.577	3.025	92.964	2.676	0.302	20000.0
299	9.591	169.33	3.002	93.023	2.662	0.301	20000.0
300	9.674	170.149	3.086	93.366	2.687	0.293	20000.0
301	9.744	171.054	3.081	93.553	2.721	0.289	30000.0
302	9.682	170.131	3.008	93.331	2.679	0.295	30000.0
303	9.615	169.331	3.054	93.168	2.692	0.3	20000.0
304	9.682	170.099	3.033	93.222	2.701	0.294	30000.0
305	9.617	170.125	3.077	93.411	2.702	0.291	30000.0
306	9.579	169.132	3.021	92.944	2.678	0.303	20000.0
307	9.682	170.176	3.05	93.268	2.719	0.294	20000.0
308	9.7	170.601	3.111	93.486	2.73	0.29	20000.0
309	9.576	169.234	3.023	93.098	2.719	0.296	20000.0
310	9.604	169.376	3.034	92.96	2.654	0.303	20000.0
311	9.538	168.981	3.033	93.236	2.666	0.298	20000.0
312	9.652	169.847	3.068	93.265	2.674	0.296	20000.0
313	9.671	170.751	3.136	93.478	2.732	0.286	20000.0
314	9.616	169.931	3.085	93.237	2.704	0.296	20000.0
315	9.643	169.599	3.033	93.061	2.665	0.301	20000.0
316	9.582	169.772	3.027	93.167	2.698	0.294	20000.0
317	9.634	169.721	3.013	93.186	2.674	0.299	30000.0
318	9.694	170.402	3.086	93.438	2.714	0.289	20000.0
319	9.605	169.939	3.059	93.393	2.713	0.291	20000.0
320	9.556	169.054	3.045	93.111	2.673	0.3	40000.0
321	9.703	170.299	3.064	93.338	2.675	0.297	30000.0
322	9.741	170.692	3.05	93.519	2.703	0.288	20000.0
323	9.569	169.347	3.008	93.068	2.646	0.301	20000.0
324	9.609	169.321	3.022	92.997	2.674	0.302	20000.0
325	9.626	169.968	3.051	93.23	2.684	0.298	20000.0
326	9.488	168.919	3.054	93.091	2.696	0.299	20000.0
327	9.711	170.308	3.086	93.382	2.674	0.297	20000.0
328	9.65	170.734	3.036	93.482	2.743	0.285	20000.0
329	9.557	169.13	3.033	93.086	2.727	0.297	30000.0
330	9.572	169.884	3.033	93.243	2.676	0.294	20000.0
331	9.688	170.478	3.083	93.693	2.697	0.288	20000.0
332	9.69	170.666	3.076	93.329	2.764	0.292	30000.0
333	9.686	170.687	3.046	93.252	2.724	0.291	30000.0
334	9.591	169.717	3.045	93.102	2.708	0.296	20000.0
335	9.555	168.67	3.018	92.844	2.673	0.306	20000.0
336	9.63	169.803	3.051	93.228	2.686	0.297	30000.0
337	9.646	169.915	3.047	93.185	2.666	0.299	30000.0
338	9.592	169.554	3.022	92.978	2.677	0.301	30000.0
339	9.497	168.781	3.028	92.888	2.673	0.303	20000.0
340	9.595	169.658	3.044	93.111	2.689	0.296	20000.0
341	9.658	170.201	3.087	93.349	2.726	0.292	20000.0
342	9.679	170.166	3.085	93.223	2.696	0.296	20000.0
343	9.659	169.973	3.068	93.177	2.697	0.296	20000.0
344	9.619	169.892	3.051	93.276	2.692	0.295	20000.0
345	9.65	170.509	3.039	93.16	2.711	0.294	20000.0
346	9.637	169.801	3.06	93.319	2.691	0.296	20000.0
347	9.627	169.737	3.065	93.251	2.668	0.297	20000.0
348	9.741	171.291	3.069	93.759	2.713	0.284	20000.0
349	9.539	168.767	3.021	93.08	2.652	0.302	20000.0
350	9.622	169.462	3.043	92.984	2.665	0.302	30000.0
351	9.529	169.199	3.022	92.841	2.691	0.303	20000.0
352	9.705	170.525	3.067	93.468	2.698	0.293	20000.0
353	9.738	171.129	3.102	93.837	2.762	0.28	30000.0
354	9.653	170.448	3.06	93.417	2.703	0.293	40000.0
355	9.689	170.39	3.047	93.375	2.711	0.292	20000.0
356	9.711	170.776	3.093	93.325	2.734	0.292	20000.0
357	9.585	169.331	3.086	93.143	2.69	0.298	20000.0
358	9.61	169.652	2.996	93.1	2.706	0.298	20000.0
359	9.667	170.408	3.046	93.363	2.689	0.293	30000.0
360	9.675	170.049	3.01	93.165	2.684	0.297	20000.0
361	9.57	168.753	3.052	92.971	2.685	0.3	20000.0
362	9.764	171.721	3.079	93.709	2.742	0.283	40000.0
363	9.601	169.335	3.013	93.185	2.686	0.296	20000.0
364	9.714	170.665	3.087	93.519	2.73	0.289	20000.0
365	9.564	168.999	3.036	92.933	2.665	0.303	20000.0
366	9.587	169.538	3.07	93.022	2.715	0.297	20000.0
367	9.582	168.879	2.995	92.788	2.64	0.308	20000.0
368	9.52	168.888	3.066	93.131	2.679	0.299	20000.0
369	9.683	170.447	3.041	93.271	2.7	0.295	20000.0
370	9.521	168.495	3.019	92.735	2.648	0.309	20000.0
371	9.725	170.788	3.094	93.466	2.731	0.289	30000.0
372	9.772	171.545	3.064	93.555	2.739	0.285	30000.0
373	9.535	169.389	3.011	92.962	2.691	0.3	20000.0
374	9.693	170.501	3.073	93.344	2.725	0.291	20000.0
375	9.558	169.42	3.026	92.977	2.698	0.299	30000.0
376	9.684	170.321	3.03	93.432	2.683	0.292	20000.0
377	9.701	170.752	3.027	93.436	2.692	0.29	20000.0
378	9.585	169.162	3.019	92.949	2.672	0.302	20000.0
379	9.634	170.269	3.04	93.275	2.718	0.292	30000.0
380	9.749	171.275	3.06	93.663	2.744	0.284	20000.0
381	9.658	169.892	3.022	93.064	2.725	0.297	40000.0
382	9.561	168.948	3.044	92.92	2.678	0.303	30000.0
383	9.784	171.127	3.066	93.652	2.695	0.288	30000.0
384	9.572	169.032	3.033	92.872	2.677	0.305	30000.0
385	9.621	169.988	3.025	93.143	2.693	0.297	20000.0
386	9.647	170.526	3.081	93.301	2.76	0.29	20000.0
387	9.577	169.661	3.007	93.018	2.687	0.298	20000.0
388	9.569	169.297	3.019	93.185	2.657	0.298	20000.0
389	9.598	169.61	3.013	93.122	2.674	0.299	20000.0
390	9.559	168.862	3.004	92.72	2.659	0.308	20000.0
391	9.581	169.168	3.029	92.985	2.647	0.303	20000.0
392	9.662	169.782	3.043	93.017	2.686	0.301	20000.0
393	9.595	169.347	3.043	92.776	2.7	0.305	20000.0
394	9.539	168.523	3.046	92.981	2.684	0.302	20000.0
395	9.589	169.344	3.04	92.966	2.651	0.302	20000.0
396	9.7	170.732	3.044	93.234	2.711	0.294	40000.0
397	9.712	170.499	3.01	93.31	2.685	0.295	20000.0
398	9.747	170.125	3.046	93.338	2.697	0.295	30000.0
399	9.624	169.665	3.03	93.265	2.672	0.297	20000.0
400	9.508	168.854	3.001	92.855	2.678	0.302	30000.0
401	9.66	170.237	3.026	93.322	2.675	0.293	20000.0
402	9.619	169.416	3.066	93.221	2.695	0.298	20000.0
403	9.713	170.978	3.056	93.433	2.741	0.289	20000.0
404	9.671	170.789	3.084	93.476	2.72	0.289	20000.0
405	9.698	170.621	3.089	93.426	2.724	0.289	20000.0
406	9.624	170.165	3.066	93.247	2.709	0.294	30000.0
407	9.557	169.004	3.026	93.205	2.656	0.3	20000.0
408	9.573	169.168	3.013	92.729	2.654	0.307	30000.0
409	9.67	170.135	3.065	93.413	2.708	0.293	40000.0
410	9.665	170.053	3.053	93.09	2.702	0.298	30000.0
411	9.691	170.238	3.069	93.188	2.69	0.298	20000.0
412	9.548	168.82	3.023	92.892	2.674	0.304	20000.0
413	9.769	171.136	3.076	93.529	2.706	0.291	20000.0
414	9.576	169.312	2.992	93.017	2.68	0.3	20000.0
415	9.708	170.78	3.042	93.444	2.712	0.289	20000.0
416	9.702	169.815	3.046	93.062	2.682	0.301	20000.0
417	9.693	171.039	3.048	93.42	2.728	0.288	20000.0
418	9.792	171.88	3.11	93.846	2.738	0.284	20000.0
419	9.548	168.915	3.004	92.776	2.675	0.306	20000.0
420	9.695	170.113	3.057	93.289	2.683	0.295	20000.0
421	9.589	169.473	3.06	93.125	2.703	0.297	30000.0
422	9.685	169.911	3.051	93.304	2.69	0.295	20000.0
423	9.633	169.675	3.061	93.258	2.681	0.297	20000.0
424	9.687	170.451	3.061	93.31	2.736	0.292	20000.0
425	9.672	170.429	3.057	93.289	2.734	0.291	20000.0
426	9.634	169.97	3.062	93.301	2.685	0.296	20000.0
427	9.739	171.705	3.06	93.698	2.762	0.281	20000.0
428	9.709	170.766	3.081	93.361	2.718	0.292	20000.0
429	9.594	168.853	3.016	92.886	2.642	0.307	20000.0
430	9.65	169.809	3.044	93.092	2.691	0.299	30000.0
431	9.569	169.241	3.001	92.951	2.671	0.301	40000.0
432	9.595	169.26	3.037	93.145	2.659	0.3	20000.0
433	9.648	169.962	3.021	93.314	2.682	0.294	40000.0
434	9.594	169.199	3.024	93.046	2.664	0.302	20000.0
435	9.67	170.254	3.03	93.174	2.727	0.297	40000.0
436	9.6	169.676	3.019	93.037	2.704	0.296	20000.0
437	9.621	169.36	3.047	93.139	2.648	0.302	20000.0
438	9.621	170.03	3.063	93.367	2.714	0.291	20000.0
439	9.586	169.441	3.044	93.0	2.657	0.302	20000.0
440	9.651	170.464	3.055	93.253	2.711	0.294	20000.0
441	9.641	170.017	3.052	93.272	2.724	0.292	40000.0
442	9.605	169.567	3.026	93.037	2.702	0.297	20000.0
443	9.611	169.867	3.013	93.167	2.727	0.297	30000.0
444	9.636	169.875	3.062	93.243	2.694	0.295	20000.0
445	9.681	169.98	3.086	93.271	2.699	0.298	20000.0
446	9.657	169.99	3.064	93.293	2.705	0.296	20000.0
447	9.631	169.996	3.065	93.218	2.728	0.294	30000.0
448	9.654	170.42	3.065	93.386	2.695	0.293	30000.0
449	9.647	170.134	3.026	92.994	2.721	0.297	20000.0
450	9.68	170.465	3.062	93.402	2.742	0.291	20000.0
451	9.59	168.986	3.034	92.918	2.646	0.305	20000.0
452	9.447	168.204	2.999	92.908	2.686	0.301	40000.0
453	9.771	171.718	3.1	93.671	2.745	0.283	20000.0
454	9.69	169.85	3.074	93.375	2.656	0.299	20000.0
455	9.599	169.628	3.041	93.04	2.703	0.298	20000.0
456	9.58	168.92	3.028	93.041	2.642	0.302	20000.0
457	9.551	169.14	3.06	92.854	2.699	0.304	20000.0
458	9.545	169.47	3.022	93.011	2.734	0.297	20000.0
459	9.626	170.164	3.013	93.209	2.703	0.294	30000.0
460	9.695	169.928	3.099	93.182	2.715	0.296	30000.0
461	9.671	170.122	3.073	93.243	2.701	0.296	30000.0
462	9.497	168.657	3.008	92.82	2.665	0.305	30000.0
463	9.649	170.239	3.013	93.194	2.692	0.295	20000.0
464	9.694	170.371	3.059	93.307	2.697	0.295	20000.0
465	9.712	170.797	3.073	93.507	2.751	0.288	30000.0
466	9.55	169.241	2.999	93.089	2.675	0.298	20000.0
467	9.528	168.742	2.996	92.849	2.634	0.306	20000.0
468	9.66	169.686	3.028	93.123	2.67	0.299	20000.0
469	9.472	167.785	3.0	92.541	2.646	0.311	30000.0
470	9.636	169.651	3.039	93.141	2.695	0.299	20000.0
471	9.583	169.433	3.012	93.03	2.686	0.299	20000.0
472	9.62	169.662	3.04	93.195	2.714	0.294	30000.0
473	9.628	169.877	3.019	93.251	2.685	0.294	30000.0
474	9.517	168.546	3.026	92.938	2.66	0.302	30000.0
475	9.538	169.117	3.029	92.941	2.668	0.304	20000.0
476	9.573	168.959	3.062	93.017	2.664	0.302	30000.0
477	9.532	169.011	3.039	92.981	2.687	0.3	30000.0
478	9.626	170.045	3.057	93.412	2.696	0.293	30000.0
479	9.609	169.993	3.075	93.427	2.71	0.292	30000.0
480	9.653	169.934	3.033	93.171	2.679	0.298	20000.0
481	9.669	170.261	3.027	93.167	2.693	0.297	20000.0
482	9.735	170.394	3.052	93.411	2.704	0.291	20000.0
483	9.664	170.365	3.085	93.39	2.707	0.293	20000.0
484	9.573	169.315	3.072	93.118	2.692	0.299	20000.0
485	9.573	169.785	3.029	93.231	2.727	0.295	20000.0
486	9.593	169.253	2.993	92.962	2.653	0.303	30000.0
487	9.629	169.955	3.019	93.417	2.71	0.29	20000.0
488	9.643	169.783	3.036	93.149	2.682	0.298	20000.0
489	9.775	171.369	3.123	93.603	2.724	0.286	30000.0
490	9.668	170.518	3.034	93.346	2.693	0.293	40000.0
491	9.622	169.962	3.06	93.355	2.698	0.293	30000.0
492	9.616	169.399	3.046	93.034	2.695	0.303	20000.0
493	9.692	170.78	3.087	93.578	2.722	0.289	20000.0
494	9.66	170.347	3.04	93.412	2.712	0.292	20000.0
495	9.642	169.505	3.071	93.12	2.665	0.301	20000.0
496	9.712	170.738	3.071	93.383	2.694	0.295	20000.0
497	9.702	170.892	3.092	93.402	2.73	0.29	20000.0
498	9.585	169.465	3.058	93.189	2.706	0.295	40000.0
499	9.554	169.106	3.027	92.903	2.674	0.304	20000.0
500	9.615	169.666	3.066	93.065	2.663	0.301	30000.0
