NMF_Replicate	L1	L1 %	L2	L2 %	KL Divergence	Correlation	Convergence Iterations
1	104.078	61.123	18.028	41.122	0.469	0.851	40000.0
2	105.029	61.52	18.193	41.086	0.465	0.854	40000.0
3	104.644	60.953	18.276	40.753	0.464	0.857	60000.0
4	105.038	61.314	18.061	41.119	0.471	0.852	70000.0
5	105.802	61.426	18.556	41.365	0.467	0.852	30000.0
6	105.387	61.231	18.295	41.044	0.459	0.856	40000.0
7	104.45	61.472	18.263	41.294	0.469	0.852	30000.0
8	104.88	61.011	18.274	40.948	0.459	0.857	60000.0
9	105.226	61.11	18.396	41.016	0.463	0.857	30000.0
10	104.419	60.785	17.678	40.101	0.471	0.857	70000.0
11	102.823	60.214	17.645	39.921	0.461	0.861	90000.0
12	105.071	61.79	18.357	41.415	0.471	0.851	40000.0
13	104.984	61.446	18.402	41.371	0.467	0.853	30000.0
14	104.684	61.343	18.144	40.822	0.469	0.857	40000.0
15	103.583	60.753	17.858	40.561	0.463	0.856	50000.0
16	104.002	60.517	18.22	40.695	0.461	0.858	40000.0
17	104.171	61.084	18.02	40.745	0.466	0.854	30000.0
18	103.714	60.853	18.031	40.706	0.461	0.856	40000.0
19	105.165	61.424	18.402	41.251	0.462	0.854	20000.0
20	105.273	61.011	18.361	40.737	0.459	0.859	30000.0
21	104.991	61.666	18.188	41.389	0.469	0.852	20000.0
22	105.296	61.584	18.236	41.085	0.468	0.854	50000.0
23	105.799	61.677	18.596	41.382	0.47	0.854	50000.0
24	103.905	60.906	18.073	40.935	0.462	0.856	40000.0
25	104.294	61.165	18.095	40.899	0.46	0.856	20000.0
26	105.214	61.559	18.565	41.447	0.473	0.851	50000.0
27	104.759	61.54	18.073	41.034	0.467	0.853	60000.0
28	105.589	61.375	18.317	41.23	0.462	0.855	40000.0
29	104.345	60.9	17.868	40.566	0.467	0.857	30000.0
30	105.702	61.434	18.19	41.022	0.466	0.855	40000.0
31	105.352	61.443	18.421	41.322	0.465	0.853	60000.0
32	104.03	60.996	17.664	40.42	0.475	0.856	50000.0
33	105.032	61.485	18.19	41.293	0.469	0.851	50000.0
34	104.279	61.058	17.877	40.561	0.473	0.856	50000.0
35	105.239	61.551	18.3	41.402	0.463	0.854	40000.0
36	104.511	61.233	18.143	41.017	0.461	0.854	50000.0
37	104.553	61.236	18.281	41.357	0.464	0.854	60000.0
38	103.155	60.238	17.475	39.759	0.464	0.862	30000.0
39	104.997	61.664	18.457	41.285	0.469	0.853	50000.0
40	105.502	61.474	18.455	41.279	0.468	0.853	90000.0
41	104.308	60.888	18.271	41.057	0.463	0.854	30000.0
42	103.751	60.735	17.947	40.529	0.461	0.859	40000.0
43	104.422	61.039	18.118	41.023	0.461	0.856	30000.0
44	105.224	61.509	18.416	41.266	0.463	0.854	20000.0
45	105.458	61.671	18.515	41.433	0.468	0.852	30000.0
46	105.412	61.22	18.299	41.173	0.467	0.852	40000.0
47	104.367	61.033	18.101	40.857	0.463	0.856	50000.0
48	105.174	61.854	18.259	41.281	0.47	0.854	50000.0
49	105.271	61.8	18.212	41.355	0.47	0.852	60000.0
50	104.641	61.046	18.192	40.969	0.46	0.856	60000.0
51	104.195	60.713	18.253	40.871	0.458	0.857	30000.0
52	103.733	61.353	17.633	40.798	0.474	0.854	40000.0
53	104.928	61.335	18.326	40.94	0.468	0.857	40000.0
54	103.819	60.741	18.195	40.653	0.461	0.858	40000.0
55	104.66	61.049	18.402	41.113	0.458	0.855	50000.0
56	103.821	60.607	17.993	40.574	0.456	0.858	40000.0
57	104.295	60.727	18.205	40.72	0.459	0.857	40000.0
58	104.374	61.006	18.236	40.988	0.462	0.854	40000.0
59	105.105	61.226	18.313	41.372	0.467	0.851	30000.0
60	105.322	61.598	18.536	41.543	0.465	0.852	40000.0
61	106.306	61.996	18.618	41.643	0.473	0.851	40000.0
62	104.112	61.087	18.068	40.956	0.47	0.854	70000.0
63	106.616	61.826	18.623	41.505	0.468	0.852	40000.0
64	105.608	61.624	18.369	41.175	0.467	0.853	50000.0
65	104.511	61.26	18.178	40.935	0.46	0.858	30000.0
66	105.138	61.367	18.38	41.047	0.466	0.854	40000.0
67	104.342	60.966	18.206	40.862	0.462	0.857	20000.0
68	104.815	61.138	18.402	41.12	0.463	0.856	50000.0
69	104.946	61.857	18.313	41.67	0.473	0.85	30000.0
70	104.377	61.244	18.332	40.924	0.465	0.856	30000.0
71	104.913	61.02	18.256	40.902	0.462	0.857	40000.0
72	105.227	60.967	18.249	40.669	0.459	0.859	60000.0
73	103.87	60.704	17.768	40.179	0.469	0.858	50000.0
74	103.916	60.861	18.095	40.753	0.46	0.859	20000.0
75	105.895	61.51	18.537	41.327	0.464	0.852	50000.0
76	105.725	62.085	18.379	41.436	0.468	0.853	60000.0
77	104.242	61.075	18.108	40.933	0.464	0.855	30000.0
78	104.85	61.293	18.285	41.039	0.465	0.854	40000.0
79	105.581	62.089	18.51	41.523	0.477	0.85	40000.0
80	104.337	61.092	18.04	40.821	0.464	0.857	60000.0
81	105.094	61.333	18.379	41.113	0.465	0.855	30000.0
82	104.936	61.202	18.44	41.464	0.464	0.853	30000.0
83	105.445	61.604	18.475	41.15	0.467	0.856	30000.0
84	104.804	60.82	18.421	40.71	0.457	0.86	20000.0
85	104.283	61.018	18.109	41.148	0.463	0.853	60000.0
86	105.186	61.199	18.38	41.199	0.466	0.854	30000.0
87	105.186	61.576	18.299	41.112	0.466	0.855	40000.0
88	104.055	60.946	18.15	40.965	0.459	0.855	40000.0
89	104.812	60.984	18.282	40.947	0.461	0.855	30000.0
90	104.625	61.107	18.133	40.844	0.464	0.857	30000.0
91	105.099	61.502	18.379	41.266	0.468	0.853	30000.0
92	104.963	61.415	18.472	41.257	0.466	0.853	40000.0
93	104.947	61.213	18.222	41.264	0.462	0.855	40000.0
94	103.465	60.763	18.033	40.482	0.462	0.858	20000.0
95	105.422	61.33	18.162	40.831	0.473	0.856	40000.0
96	104.153	61.212	18.197	41.048	0.466	0.855	50000.0
97	103.368	60.835	17.638	40.498	0.47	0.854	60000.0
98	106.595	62.282	18.494	41.717	0.472	0.85	80000.0
99	105.917	61.724	18.573	41.332	0.468	0.853	50000.0
100	103.832	60.726	17.721	40.414	0.467	0.857	40000.0
101	102.46	60.114	17.381	39.836	0.462	0.86	90000.0
102	106.001	61.586	18.399	41.095	0.467	0.855	50000.0
103	104.614	61.03	18.262	41.0	0.464	0.855	40000.0
104	105.008	61.366	18.362	41.322	0.466	0.854	50000.0
105	103.824	61.365	17.929	40.92	0.471	0.854	50000.0
106	104.231	61.368	17.979	41.037	0.469	0.853	30000.0
107	104.054	61.176	18.202	40.968	0.465	0.855	50000.0
108	105.47	61.384	18.415	41.305	0.465	0.852	30000.0
109	105.432	61.3	18.209	40.988	0.466	0.855	30000.0
110	104.829	61.459	18.153	41.23	0.468	0.852	50000.0
111	105.836	61.656	18.427	41.395	0.466	0.853	20000.0
112	105.752	61.697	18.451	41.362	0.469	0.853	30000.0
113	104.418	60.819	18.402	40.88	0.457	0.857	40000.0
114	105.297	61.506	18.298	41.22	0.469	0.853	30000.0
115	104.07	60.7	17.753	40.339	0.468	0.857	50000.0
116	105.891	61.514	18.552	41.311	0.467	0.854	50000.0
117	105.427	61.555	18.377	41.135	0.465	0.857	30000.0
118	104.463	61.164	18.342	41.207	0.466	0.853	60000.0
119	105.094	61.483	18.316	41.438	0.466	0.852	40000.0
120	104.787	60.98	18.15	40.719	0.464	0.858	30000.0
121	105.676	61.713	18.455	41.17	0.468	0.855	40000.0
122	104.39	61.099	17.895	40.818	0.47	0.855	60000.0
123	104.754	61.081	18.55	41.098	0.46	0.855	50000.0
124	104.552	61.287	17.919	40.71	0.471	0.855	60000.0
125	104.713	60.97	18.138	40.882	0.461	0.856	50000.0
126	105.369	60.822	18.336	40.821	0.465	0.856	80000.0
127	105.09	61.311	18.346	41.04	0.465	0.856	50000.0
128	105.604	61.879	18.516	41.485	0.47	0.853	40000.0
129	104.876	61.439	18.218	41.233	0.469	0.853	40000.0
130	105.914	61.423	18.454	41.229	0.462	0.855	30000.0
131	104.468	60.969	18.31	40.965	0.463	0.856	30000.0
132	105.844	62.383	18.567	41.787	0.481	0.846	30000.0
133	104.472	61.046	18.133	40.955	0.464	0.856	60000.0
134	105.712	61.557	18.402	41.483	0.465	0.854	40000.0
135	104.318	60.927	18.338	40.976	0.459	0.856	50000.0
136	104.242	61.189	18.098	41.128	0.467	0.853	60000.0
137	105.574	61.646	18.594	41.238	0.469	0.854	30000.0
138	105.723	61.757	18.356	41.298	0.469	0.853	20000.0
139	104.491	61.201	18.354	41.299	0.462	0.853	20000.0
140	104.836	61.151	18.285	41.074	0.464	0.854	50000.0
141	104.263	61.098	18.033	40.791	0.465	0.856	40000.0
142	105.85	62.137	18.4	41.61	0.473	0.851	50000.0
143	104.989	61.264	18.195	41.063	0.468	0.854	30000.0
144	105.794	61.352	18.261	41.187	0.467	0.853	50000.0
145	104.96	61.157	18.313	41.178	0.464	0.853	40000.0
146	104.416	61.022	17.783	40.564	0.471	0.855	50000.0
147	105.736	61.748	18.166	41.039	0.476	0.853	70000.0
148	104.198	60.967	18.184	41.029	0.463	0.855	30000.0
149	105.525	61.565	18.336	41.427	0.469	0.852	40000.0
150	104.858	60.917	18.107	40.794	0.466	0.856	20000.0
151	104.969	61.424	18.241	41.085	0.468	0.854	60000.0
152	105.903	61.821	18.569	41.51	0.47	0.853	20000.0
153	104.917	61.356	18.304	41.318	0.47	0.854	50000.0
154	104.475	61.401	18.069	40.858	0.462	0.856	20000.0
155	104.055	61.332	18.17	41.135	0.466	0.854	40000.0
156	104.543	61.281	18.127	40.938	0.464	0.856	50000.0
157	104.911	61.287	18.325	41.073	0.463	0.856	40000.0
158	104.795	61.681	18.237	41.254	0.471	0.853	30000.0
159	102.535	59.691	17.478	39.656	0.459	0.863	40000.0
160	104.982	61.33	18.072	41.187	0.474	0.852	30000.0
161	104.204	60.955	18.043	41.075	0.468	0.854	60000.0
162	104.889	61.075	18.376	41.158	0.466	0.853	60000.0
163	105.349	61.914	18.503	41.58	0.474	0.85	40000.0
164	105.754	61.616	18.477	41.381	0.466	0.853	30000.0
165	105.018	61.598	18.183	41.146	0.469	0.853	30000.0
166	105.147	61.258	18.295	41.043	0.465	0.856	40000.0
167	104.439	61.253	18.155	40.936	0.462	0.855	20000.0
168	105.642	61.861	18.475	41.586	0.47	0.851	40000.0
169	104.549	61.359	18.235	41.132	0.465	0.854	40000.0
170	105.936	62.026	18.512	41.89	0.476	0.847	50000.0
171	103.391	60.324	17.851	40.35	0.46	0.858	50000.0
172	105.152	61.612	18.367	41.309	0.464	0.853	30000.0
173	104.054	60.718	17.709	40.261	0.468	0.859	50000.0
174	103.845	60.862	17.766	40.608	0.47	0.855	40000.0
175	105.396	61.458	18.409	41.077	0.466	0.856	30000.0
176	103.189	61.025	17.36	40.297	0.471	0.857	50000.0
177	105.22	61.271	18.327	41.047	0.465	0.855	50000.0
178	104.162	61.422	18.121	41.289	0.472	0.851	30000.0
179	105.112	61.174	18.486	41.15	0.462	0.854	40000.0
180	104.521	60.894	18.041	40.841	0.458	0.856	30000.0
181	105.087	61.516	18.29	41.169	0.462	0.853	50000.0
182	105.875	61.777	18.431	41.537	0.47	0.85	50000.0
183	104.936	61.385	18.292	41.174	0.464	0.854	60000.0
184	103.809	60.59	17.424	40.189	0.47	0.857	50000.0
185	104.556	61.256	18.264	41.0	0.466	0.854	30000.0
186	105.737	61.323	18.341	41.119	0.465	0.853	40000.0
187	104.717	61.396	18.319	41.0	0.469	0.856	40000.0
188	103.949	60.982	17.571	40.301	0.471	0.858	60000.0
189	105.57	61.599	18.324	41.185	0.47	0.853	60000.0
190	105.231	61.445	18.253	41.2	0.466	0.853	50000.0
191	104.557	60.961	17.875	40.736	0.468	0.856	50000.0
192	104.966	61.187	18.098	40.771	0.463	0.857	40000.0
193	105.143	61.214	18.392	41.023	0.463	0.856	50000.0
194	104.647	61.322	18.294	41.113	0.466	0.855	30000.0
195	104.69	60.745	18.075	40.273	0.466	0.86	40000.0
196	104.984	61.307	18.357	41.203	0.464	0.854	70000.0
197	104.967	61.102	18.176	40.767	0.466	0.856	40000.0
198	105.377	61.347	18.366	41.039	0.468	0.854	50000.0
199	105.287	61.506	18.184	41.01	0.467	0.856	40000.0
200	104.908	61.464	18.287	41.275	0.466	0.852	40000.0
201	105.278	61.196	18.488	41.151	0.463	0.856	40000.0
202	105.61	61.636	18.415	41.356	0.469	0.852	40000.0
203	103.697	60.644	17.683	40.151	0.469	0.858	30000.0
204	105.139	60.972	18.403	40.686	0.459	0.858	80000.0
205	105.467	61.772	18.353	41.381	0.471	0.852	40000.0
206	105.707	61.806	18.237	41.409	0.478	0.85	50000.0
207	105.697	61.426	18.383	41.132	0.463	0.855	40000.0
208	105.107	61.345	18.418	41.039	0.465	0.856	50000.0
209	104.369	61.162	18.127	40.903	0.466	0.856	30000.0
210	104.122	60.816	17.778	40.307	0.472	0.858	30000.0
211	104.293	61.392	18.287	41.316	0.468	0.852	40000.0
212	104.7	60.987	18.164	40.5	0.461	0.859	30000.0
213	104.765	61.275	17.829	40.616	0.473	0.856	50000.0
214	104.816	60.95	18.268	41.05	0.461	0.855	50000.0
215	104.895	61.33	18.322	41.211	0.467	0.853	40000.0
216	104.9	61.532	17.915	40.92	0.478	0.852	70000.0
217	105.439	61.398	18.319	41.08	0.466	0.855	50000.0
218	105.116	61.139	18.352	40.976	0.459	0.856	20000.0
219	104.29	60.925	18.078	40.844	0.466	0.857	60000.0
220	105.966	61.694	18.506	41.307	0.467	0.854	40000.0
221	104.637	61.373	18.432	41.349	0.468	0.853	60000.0
222	105.4	61.179	18.472	40.72	0.465	0.859	60000.0
223	104.55	61.019	18.219	40.784	0.459	0.857	30000.0
224	103.358	60.66	17.422	40.249	0.467	0.857	60000.0
225	104.617	61.406	17.998	41.107	0.468	0.854	50000.0
226	105.23	61.355	18.428	41.219	0.464	0.854	60000.0
227	105.309	61.223	18.419	41.119	0.464	0.855	40000.0
228	105.95	61.972	18.395	41.481	0.473	0.852	50000.0
229	106.16	61.62	18.533	41.318	0.465	0.854	90000.0
230	104.783	60.827	18.177	40.87	0.459	0.856	30000.0
231	104.476	60.578	18.225	40.925	0.457	0.857	40000.0
232	103.932	60.547	18.094	40.468	0.457	0.86	40000.0
233	104.191	60.835	17.955	40.576	0.461	0.857	60000.0
234	105.031	61.038	18.382	40.925	0.457	0.858	40000.0
235	104.36	60.742	18.036	40.582	0.462	0.855	80000.0
236	103.833	61.045	18.105	40.808	0.465	0.856	60000.0
237	105.206	61.454	18.25	41.287	0.471	0.853	30000.0
238	104.379	61.117	18.322	41.137	0.467	0.853	60000.0
239	104.051	60.67	18.153	40.584	0.458	0.858	40000.0
240	104.619	60.996	18.265	40.663	0.461	0.858	50000.0
241	104.351	61.248	18.193	41.185	0.465	0.852	30000.0
242	105.111	61.284	18.307	40.893	0.463	0.857	50000.0
243	105.052	61.175	18.498	40.993	0.462	0.855	70000.0
244	104.936	61.483	18.335	41.383	0.465	0.854	60000.0
245	106.179	61.595	18.604	41.21	0.47	0.853	50000.0
246	105.06	61.391	18.017	40.81	0.471	0.854	50000.0
247	105.242	61.56	18.315	41.25	0.469	0.854	40000.0
248	104.949	61.052	18.311	40.885	0.461	0.857	40000.0
249	105.555	61.581	18.254	41.268	0.472	0.852	60000.0
250	104.621	61.486	18.13	41.241	0.468	0.852	60000.0
251	105.475	61.824	18.409	41.653	0.47	0.85	40000.0
252	104.803	61.383	18.173	41.19	0.467	0.853	20000.0
253	104.918	61.317	18.274	41.157	0.461	0.854	30000.0
254	103.41	60.44	17.592	39.911	0.467	0.861	40000.0
255	104.928	61.247	18.184	40.962	0.461	0.856	60000.0
256	104.407	60.716	18.064	40.438	0.46	0.861	30000.0
257	103.744	60.793	18.051	40.63	0.46	0.859	40000.0
258	104.014	60.957	18.104	40.843	0.466	0.856	40000.0
259	105.437	61.567	18.387	41.288	0.467	0.854	40000.0
260	104.923	61.109	18.253	40.904	0.462	0.856	40000.0
261	105.253	61.277	18.284	41.158	0.465	0.855	50000.0
262	105.293	61.627	18.552	41.566	0.464	0.853	50000.0
263	104.863	61.032	18.276	40.86	0.467	0.857	50000.0
264	103.747	61.069	18.078	41.097	0.466	0.854	40000.0
265	105.287	61.675	18.465	41.287	0.469	0.854	40000.0
266	104.545	61.305	18.156	40.929	0.461	0.857	30000.0
267	103.996	61.025	18.035	41.158	0.463	0.853	50000.0
268	105.137	60.821	18.381	40.759	0.459	0.859	20000.0
269	104.57	61.432	18.237	41.142	0.467	0.852	40000.0
270	104.814	61.118	18.251	40.905	0.462	0.857	60000.0
271	104.27	60.509	18.159	40.506	0.455	0.859	20000.0
272	105.631	61.402	18.376	41.243	0.469	0.85	50000.0
273	105.576	61.62	18.358	41.38	0.468	0.852	20000.0
274	104.653	61.114	18.315	40.985	0.465	0.854	30000.0
275	103.703	60.869	17.848	40.325	0.47	0.859	50000.0
276	104.946	61.57	18.168	41.199	0.474	0.852	40000.0
277	103.401	60.723	17.824	40.773	0.468	0.854	60000.0
278	105.075	61.079	18.311	40.672	0.463	0.859	40000.0
279	104.131	61.022	18.16	40.832	0.461	0.857	30000.0
280	105.956	61.626	18.596	41.351	0.471	0.854	70000.0
281	104.468	61.312	18.147	41.034	0.467	0.854	40000.0
282	104.538	61.009	18.205	40.694	0.464	0.859	30000.0
283	105.764	61.735	18.341	41.123	0.468	0.855	30000.0
284	105.415	61.61	18.22	41.429	0.477	0.848	70000.0
285	104.61	60.929	18.159	41.126	0.462	0.855	30000.0
286	104.182	61.614	18.135	41.234	0.477	0.851	50000.0
287	104.835	61.49	18.206	41.124	0.469	0.854	40000.0
288	105.35	61.592	18.519	41.342	0.467	0.853	50000.0
289	104.39	60.887	18.147	40.667	0.461	0.858	50000.0
290	104.884	61.298	18.153	41.072	0.466	0.854	40000.0
291	104.653	60.874	18.368	40.758	0.46	0.858	30000.0
292	104.284	60.677	18.234	40.905	0.458	0.856	30000.0
293	103.538	60.674	18.045	40.646	0.46	0.858	20000.0
294	104.892	61.238	18.29	41.438	0.464	0.853	30000.0
295	104.268	61.393	18.167	41.11	0.47	0.853	60000.0
296	104.703	61.47	18.251	41.196	0.47	0.853	60000.0
297	103.839	60.915	18.14	40.795	0.459	0.858	30000.0
298	104.998	61.026	18.353	41.054	0.46	0.856	40000.0
299	105.036	61.775	18.466	41.718	0.47	0.848	40000.0
300	104.321	61.12	18.127	40.748	0.459	0.856	40000.0
301	103.982	60.515	17.904	40.486	0.459	0.858	50000.0
302	105.58	61.385	18.225	40.82	0.471	0.855	40000.0
303	105.113	61.131	18.416	40.814	0.462	0.859	30000.0
304	104.483	61.246	18.168	40.86	0.466	0.855	30000.0
305	104.722	61.166	18.193	41.063	0.461	0.855	20000.0
306	104.013	60.885	18.224	40.774	0.461	0.858	40000.0
307	104.724	61.456	18.218	41.096	0.466	0.853	40000.0
308	105.095	61.106	18.296	41.028	0.465	0.855	40000.0
309	104.536	61.177	18.213	41.17	0.467	0.854	40000.0
310	105.075	61.441	18.297	41.098	0.465	0.852	30000.0
311	103.688	60.618	18.114	40.552	0.461	0.859	40000.0
312	105.464	61.591	18.676	41.556	0.461	0.853	30000.0
313	105.559	61.749	18.415	41.504	0.474	0.85	60000.0
314	104.628	61.674	18.078	41.242	0.472	0.852	40000.0
315	105.112	61.276	18.25	40.949	0.464	0.856	30000.0
316	104.682	61.201	18.376	41.102	0.463	0.855	40000.0
317	103.699	60.662	18.11	40.743	0.459	0.858	30000.0
318	104.639	61.033	18.177	41.144	0.462	0.855	50000.0
319	104.375	60.478	18.272	40.979	0.452	0.857	20000.0
320	104.849	61.205	18.495	41.272	0.467	0.851	30000.0
321	105.866	61.935	18.512	41.702	0.468	0.851	50000.0
322	103.899	61.017	17.888	40.625	0.466	0.857	40000.0
323	104.605	61.096	18.232	41.101	0.464	0.855	30000.0
324	105.226	60.872	18.296	40.786	0.46	0.857	20000.0
325	104.541	60.804	18.162	40.648	0.457	0.859	70000.0
326	104.769	61.184	18.315	40.989	0.466	0.857	30000.0
327	105.085	61.756	18.326	41.513	0.47	0.851	30000.0
328	102.965	60.118	17.604	39.94	0.461	0.861	40000.0
329	104.88	61.088	18.19	40.906	0.464	0.856	30000.0
330	105.477	61.204	18.524	40.936	0.465	0.856	90000.0
331	103.153	60.308	17.527	40.092	0.468	0.859	40000.0
332	103.38	60.864	17.712	40.441	0.473	0.856	30000.0
333	104.128	60.972	17.997	40.779	0.463	0.855	40000.0
334	105.047	61.235	18.384	41.049	0.462	0.857	20000.0
335	105.25	61.42	18.281	41.147	0.465	0.855	60000.0
336	105.066	61.63	18.375	41.308	0.469	0.852	60000.0
337	105.049	61.509	18.061	40.948	0.467	0.856	30000.0
338	104.517	61.522	18.274	41.412	0.467	0.851	40000.0
339	104.443	61.137	18.242	40.962	0.464	0.855	50000.0
340	105.176	61.198	18.379	41.018	0.465	0.856	30000.0
341	104.357	61.341	18.17	41.071	0.466	0.856	30000.0
342	105.782	61.95	18.369	41.5	0.471	0.85	30000.0
343	103.657	60.728	17.604	40.04	0.469	0.86	110000.0
344	104.736	61.421	18.144	41.012	0.464	0.856	40000.0
345	105.097	61.204	18.239	41.007	0.463	0.856	40000.0
346	104.392	60.966	18.102	40.67	0.462	0.857	20000.0
347	104.674	61.112	18.174	40.862	0.457	0.858	20000.0
348	104.784	61.27	17.883	40.744	0.477	0.854	90000.0
349	104.968	61.457	18.152	41.108	0.465	0.855	90000.0
350	104.443	60.87	18.268	40.684	0.462	0.859	30000.0
351	105.418	61.663	18.348	41.292	0.47	0.853	40000.0
352	103.807	60.671	18.043	40.869	0.463	0.856	30000.0
353	105.076	61.38	18.288	41.066	0.466	0.855	40000.0
354	104.468	61.008	18.118	40.685	0.46	0.859	20000.0
355	104.997	61.803	18.194	41.337	0.469	0.852	30000.0
356	103.799	60.743	18.023	40.582	0.459	0.858	30000.0
357	104.971	61.236	18.167	41.042	0.466	0.853	40000.0
358	105.759	61.456	18.266	41.104	0.47	0.852	50000.0
359	105.301	61.491	18.393	41.119	0.467	0.855	30000.0
360	104.889	61.471	18.35	41.199	0.464	0.855	20000.0
361	106.134	61.321	18.641	41.377	0.461	0.856	70000.0
362	105.44	61.345	18.351	41.026	0.463	0.855	50000.0
363	105.076	61.363	17.962	40.566	0.475	0.856	60000.0
364	104.276	61.245	18.058	40.928	0.463	0.856	50000.0
365	105.539	61.432	18.429	41.295	0.468	0.853	30000.0
366	103.723	60.936	17.935	40.948	0.462	0.854	50000.0
367	104.847	61.054	18.394	41.067	0.463	0.856	30000.0
368	105.116	60.842	18.437	41.03	0.461	0.855	60000.0
369	104.549	61.238	18.25	41.098	0.465	0.856	30000.0
370	103.804	61.127	17.919	41.223	0.464	0.852	60000.0
371	104.506	60.92	18.102	40.797	0.462	0.857	30000.0
372	105.164	61.685	18.348	41.24	0.471	0.853	100000.0
373	105.154	61.566	18.251	41.137	0.464	0.855	50000.0
374	105.329	61.726	18.552	41.382	0.466	0.852	50000.0
375	104.75	61.078	18.339	40.96	0.464	0.855	40000.0
376	105.065	61.268	18.347	41.187	0.466	0.855	20000.0
377	104.714	60.676	18.384	40.704	0.457	0.861	30000.0
378	104.495	61.025	18.178	40.987	0.462	0.854	70000.0
379	104.899	61.355	18.309	41.215	0.467	0.853	30000.0
380	104.891	61.294	18.236	41.132	0.463	0.854	20000.0
381	105.243	61.643	18.386	41.425	0.469	0.85	30000.0
382	104.392	61.054	18.009	40.752	0.464	0.857	50000.0
383	104.615	61.397	18.281	41.454	0.467	0.852	40000.0
384	105.117	61.412	18.353	41.395	0.468	0.851	70000.0
385	105.101	61.351	18.249	41.074	0.469	0.854	60000.0
386	104.406	60.877	18.189	40.879	0.46	0.857	70000.0
387	104.822	61.513	18.19	41.108	0.467	0.855	50000.0
388	105.484	61.551	18.417	41.382	0.468	0.853	50000.0
389	103.538	60.961	17.496	40.399	0.474	0.856	70000.0
390	103.824	60.441	18.069	40.517	0.456	0.858	30000.0
391	104.922	61.537	18.315	41.386	0.469	0.852	40000.0
392	104.953	61.075	18.326	40.842	0.462	0.857	50000.0
393	104.427	61.442	18.018	41.073	0.477	0.85	40000.0
394	103.997	61.452	17.742	40.96	0.475	0.852	30000.0
395	105.145	60.949	18.516	41.027	0.458	0.857	40000.0
396	104.444	61.258	18.108	40.996	0.468	0.855	60000.0
397	105.622	61.64	18.353	41.27	0.47	0.853	40000.0
398	103.738	60.785	18.091	40.682	0.463	0.856	50000.0
399	104.246	60.915	18.216	40.761	0.463	0.857	30000.0
400	104.664	60.829	18.234	40.829	0.46	0.857	40000.0
401	105.009	61.287	18.272	41.054	0.463	0.857	30000.0
402	104.406	61.14	18.131	41.029	0.464	0.856	20000.0
403	105.002	61.158	18.275	40.99	0.462	0.857	50000.0
404	103.858	60.918	17.917	40.681	0.464	0.857	30000.0
405	105.72	61.347	18.511	41.118	0.469	0.855	20000.0
406	103.754	60.452	18.073	40.392	0.458	0.859	40000.0
407	103.571	60.476	17.73	40.274	0.464	0.86	50000.0
408	104.677	60.937	18.253	40.887	0.46	0.857	40000.0
409	103.689	60.607	18.035	40.731	0.459	0.856	20000.0
410	104.611	61.052	18.115	40.777	0.465	0.856	80000.0
411	104.848	61.017	18.392	41.082	0.46	0.855	40000.0
412	105.725	61.459	18.532	41.234	0.464	0.855	60000.0
413	104.336	61.134	18.198	40.913	0.463	0.856	60000.0
414	105.643	61.548	18.356	41.345	0.464	0.854	50000.0
415	104.104	60.935	18.016	40.937	0.459	0.855	30000.0
416	105.401	61.578	18.485	41.341	0.468	0.854	40000.0
417	104.6	61.327	18.033	41.136	0.469	0.854	30000.0
418	106.068	61.563	18.708	41.628	0.465	0.854	40000.0
419	104.135	61.281	18.175	40.935	0.466	0.855	30000.0
420	105.716	61.556	18.571	41.367	0.469	0.853	30000.0
421	103.597	60.568	17.472	39.877	0.471	0.862	130000.0
422	104.569	61.639	18.02	41.177	0.468	0.852	50000.0
423	104.789	61.694	18.405	41.383	0.466	0.853	40000.0
424	105.338	61.146	18.338	41.021	0.466	0.854	70000.0
425	104.089	60.614	18.168	40.751	0.458	0.858	30000.0
426	104.021	61.128	17.716	40.802	0.471	0.852	50000.0
427	105.924	61.759	18.463	41.613	0.466	0.851	30000.0
428	105.401	61.563	18.355	41.221	0.467	0.854	30000.0
429	105.562	61.219	18.424	41.072	0.464	0.855	50000.0
430	104.241	61.131	18.086	40.796	0.464	0.857	50000.0
431	105.55	61.943	18.474	41.51	0.471	0.851	40000.0
432	104.592	61.052	17.81	40.48	0.472	0.857	40000.0
433	105.964	61.725	18.735	41.5	0.468	0.855	30000.0
434	105.311	61.453	18.265	41.243	0.466	0.853	50000.0
435	103.329	60.14	17.854	40.17	0.456	0.859	30000.0
436	104.693	61.461	17.83	40.885	0.474	0.854	60000.0
437	105.126	61.42	17.922	40.94	0.472	0.853	30000.0
438	104.341	60.633	18.176	40.685	0.456	0.858	20000.0
439	104.36	61.147	18.12	41.048	0.46	0.853	30000.0
440	105.329	61.452	18.31	41.159	0.467	0.855	50000.0
441	104.66	60.779	18.195	40.631	0.46	0.859	50000.0
442	104.565	61.097	18.186	41.056	0.462	0.854	60000.0
443	105.184	61.464	18.198	41.137	0.466	0.855	30000.0
444	106.664	62.322	18.648	42.006	0.473	0.848	70000.0
445	105.614	61.883	18.444	41.46	0.468	0.852	50000.0
446	104.256	61.109	18.173	40.716	0.465	0.858	40000.0
447	104.748	61.45	18.158	41.28	0.464	0.854	30000.0
448	105.432	61.512	18.467	41.096	0.464	0.856	40000.0
449	104.738	60.879	18.299	40.717	0.459	0.859	40000.0
450	104.207	60.863	18.159	41.133	0.461	0.854	60000.0
451	105.649	61.727	18.397	41.587	0.473	0.85	30000.0
452	104.385	61.153	18.13	40.972	0.463	0.854	80000.0
453	103.492	60.871	17.959	40.672	0.459	0.856	40000.0
454	104.788	61.532	18.261	41.361	0.468	0.851	60000.0
455	104.605	61.291	18.223	41.248	0.46	0.855	50000.0
456	104.514	60.826	18.093	40.651	0.463	0.858	40000.0
457	104.782	60.98	18.337	40.967	0.462	0.857	40000.0
458	104.528	60.848	18.176	40.65	0.46	0.857	20000.0
459	105.377	61.708	18.39	41.588	0.466	0.851	50000.0
460	104.47	60.59	18.279	40.534	0.459	0.86	40000.0
461	105.541	61.727	18.272	41.399	0.472	0.852	30000.0
462	104.858	61.38	18.202	41.149	0.465	0.852	30000.0
463	104.248	61.336	18.119	41.19	0.467	0.853	30000.0
464	105.372	61.379	18.436	41.278	0.466	0.854	60000.0
465	104.451	60.893	18.173	40.693	0.458	0.858	40000.0
466	103.829	60.448	18.004	40.573	0.455	0.859	50000.0
467	105.122	61.329	18.222	41.374	0.463	0.853	40000.0
468	104.816	60.922	18.165	40.924	0.463	0.856	40000.0
469	104.633	61.335	18.26	41.139	0.463	0.855	40000.0
470	104.962	61.637	18.346	41.281	0.467	0.854	30000.0
471	105.088	61.108	18.45	41.25	0.463	0.855	60000.0
472	105.586	61.533	18.418	41.092	0.467	0.854	50000.0
473	104.712	61.511	18.089	40.984	0.467	0.855	40000.0
474	104.737	61.304	18.288	40.891	0.468	0.854	40000.0
475	105.94	61.71	18.54	41.208	0.472	0.853	90000.0
476	104.278	60.9	18.199	40.95	0.461	0.855	20000.0
477	103.707	60.615	18.078	40.826	0.46	0.856	40000.0
478	105.058	61.156	18.373	40.863	0.46	0.857	20000.0
479	105.186	61.256	18.299	41.055	0.467	0.856	70000.0
480	104.229	60.96	18.15	40.921	0.46	0.855	40000.0
481	104.356	60.822	18.107	40.944	0.461	0.854	40000.0
482	104.618	60.891	18.234	40.791	0.463	0.856	50000.0
483	105.526	61.634	18.413	41.222	0.468	0.853	50000.0
484	105.628	61.795	18.4	41.439	0.471	0.851	30000.0
485	105.166	61.487	18.536	41.195	0.466	0.854	30000.0
486	105.344	61.461	18.499	41.222	0.469	0.854	60000.0
487	105.539	61.798	18.507	41.532	0.468	0.851	30000.0
488	104.05	60.683	18.005	40.771	0.459	0.857	40000.0
489	104.407	61.156	18.343	40.905	0.471	0.854	40000.0
490	103.962	60.877	18.188	40.77	0.461	0.857	40000.0
491	105.321	61.548	18.392	41.093	0.465	0.857	60000.0
492	103.762	61.018	18.016	40.711	0.467	0.855	20000.0
493	104.646	61.276	18.188	41.058	0.466	0.856	40000.0
494	105.059	61.361	18.375	41.2	0.468	0.854	20000.0
495	103.798	60.808	18.015	40.74	0.462	0.857	60000.0
496	104.151	61.333	18.19	41.084	0.467	0.854	40000.0
497	104.118	61.221	18.099	41.15	0.467	0.853	50000.0
498	104.983	61.427	18.237	40.976	0.467	0.855	40000.0
499	104.678	61.362	18.032	41.055	0.467	0.855	60000.0
500	105.795	61.476	18.485	41.21	0.468	0.855	30000.0
