NMF_Replicate	L1	L1 %	L2	L2 %	KL Divergence	Correlation	Convergence Iterations
1	11.998	117.662	3.572	73.632	1.321	0.612	20000.0
2	11.269	111.227	3.341	69.772	1.332	0.64	20000.0
3	11.515	114.583	3.477	72.103	1.378	0.619	20000.0
4	11.75	113.628	3.455	71.373	1.341	0.625	20000.0
5	11.911	115.951	3.568	72.921	1.29	0.622	30000.0
6	12.163	119.953	3.645	74.942	1.385	0.592	30000.0
7	12.036	116.672	3.577	72.913	1.325	0.615	40000.0
8	11.526	113.152	3.444	70.765	1.335	0.631	30000.0
9	11.511	114.427	3.463	72.172	1.329	0.618	20000.0
10	11.916	118.464	3.54	73.26	1.388	0.607	20000.0
11	11.327	111.416	3.372	70.528	1.334	0.639	30000.0
12	11.769	116.614	3.573	72.59	1.336	0.621	20000.0
13	12.142	119.43	3.622	74.204	1.34	0.602	20000.0
14	11.843	115.784	3.562	73.061	1.312	0.616	30000.0
15	11.683	115.243	3.539	72.723	1.349	0.615	20000.0
16	11.711	115.529	3.453	71.764	1.368	0.621	30000.0
17	11.407	113.003	3.42	71.177	1.338	0.63	30000.0
18	12.169	119.64	3.621	74.053	1.342	0.607	20000.0
19	11.882	116.834	3.58	74.342	1.386	0.599	20000.0
20	12.125	118.55	3.608	73.901	1.335	0.604	20000.0
21	11.34	113.501	3.454	71.511	1.342	0.622	20000.0
22	11.704	114.631	3.471	71.853	1.352	0.627	20000.0
23	11.772	115.57	3.536	73.233	1.35	0.61	30000.0
24	12.581	121.461	3.772	75.81	1.353	0.589	30000.0
25	11.582	113.545	3.543	72.52	1.333	0.621	20000.0
26	12.015	116.815	3.578	73.763	1.363	0.604	30000.0
27	11.75	115.404	3.516	72.869	1.374	0.617	20000.0
28	11.835	116.838	3.567	73.357	1.357	0.61	20000.0
29	11.362	113.28	3.424	71.201	1.351	0.621	50000.0
30	11.962	117.711	3.619	73.905	1.33	0.608	30000.0
31	11.765	113.879	3.526	72.802	1.362	0.62	30000.0
32	11.785	116.437	3.469	72.565	1.331	0.616	30000.0
33	11.728	115.615	3.561	72.726	1.324	0.614	30000.0
34	11.04	108.742	3.325	69.376	1.302	0.656	20000.0
35	11.879	117.21	3.567	73.939	1.317	0.608	40000.0
36	11.137	110.555	3.32	69.626	1.29	0.642	40000.0
37	11.532	114.003	3.454	71.39	1.332	0.627	40000.0
38	11.579	113.326	3.476	71.749	1.306	0.63	30000.0
39	12.313	120.398	3.652	73.868	1.377	0.603	40000.0
40	11.497	114.101	3.475	72.139	1.331	0.624	20000.0
41	11.866	118.635	3.554	73.521	1.317	0.617	20000.0
42	11.693	116.175	3.517	72.901	1.33	0.62	20000.0
43	11.485	112.019	3.411	70.755	1.304	0.63	20000.0
44	11.569	114.599	3.472	72.351	1.34	0.623	30000.0
45	11.989	115.4	3.561	73.139	1.332	0.612	30000.0
46	12.097	119.339	3.604	74.69	1.347	0.601	20000.0
47	12.089	119.174	3.654	74.436	1.36	0.596	40000.0
48	11.23	110.482	3.366	69.667	1.317	0.641	20000.0
49	12.299	119.283	3.686	74.238	1.34	0.597	20000.0
50	11.928	118.331	3.591	74.152	1.379	0.601	20000.0
51	11.359	109.948	3.396	70.195	1.356	0.637	20000.0
52	11.671	116.733	3.512	73.307	1.337	0.611	30000.0
53	11.318	109.829	3.37	70.366	1.313	0.641	30000.0
54	12.25	119.377	3.692	74.625	1.368	0.604	30000.0
55	11.685	117.008	3.549	73.423	1.374	0.601	20000.0
56	11.258	109.72	3.343	69.469	1.327	0.646	20000.0
57	11.927	115.445	3.537	72.222	1.312	0.629	20000.0
58	11.724	115.64	3.497	72.862	1.341	0.619	40000.0
59	11.454	112.667	3.446	71.099	1.377	0.626	20000.0
60	11.791	114.322	3.509	72.36	1.33	0.62	30000.0
61	11.909	118.429	3.557	73.68	1.339	0.606	20000.0
62	12.158	121.225	3.686	75.702	1.385	0.583	50000.0
63	10.929	108.231	3.224	68.711	1.355	0.648	30000.0
64	11.791	115.49	3.5	72.506	1.362	0.622	20000.0
65	11.412	112.123	3.377	70.134	1.34	0.633	20000.0
66	12.047	117.597	3.584	73.21	1.326	0.616	20000.0
67	11.704	115.305	3.498	72.499	1.343	0.624	40000.0
68	12.151	119.653	3.613	74.236	1.354	0.598	20000.0
69	11.897	116.531	3.57	73.861	1.346	0.608	20000.0
70	11.849	115.992	3.537	73.395	1.365	0.614	20000.0
71	11.599	113.494	3.454	71.831	1.342	0.629	30000.0
72	11.505	111.974	3.397	71.498	1.329	0.626	30000.0
73	11.551	114.981	3.448	71.739	1.305	0.623	20000.0
74	11.389	113.633	3.391	72.207	1.347	0.616	20000.0
75	11.843	116.607	3.515	73.531	1.414	0.602	30000.0
76	11.337	113.114	3.393	70.75	1.352	0.634	30000.0
77	11.747	115.444	3.561	73.141	1.337	0.614	40000.0
78	11.632	114.805	3.5	72.222	1.354	0.619	30000.0
79	12.035	117.991	3.642	74.023	1.347	0.607	20000.0
80	11.944	116.029	3.605	73.875	1.317	0.614	20000.0
81	11.524	113.77	3.438	71.971	1.369	0.623	30000.0
82	12.016	115.361	3.601	72.353	1.33	0.629	20000.0
83	11.11	110.28	3.311	70.076	1.34	0.637	20000.0
84	11.603	114.338	3.462	73.373	1.347	0.61	30000.0
85	11.087	107.739	3.326	68.256	1.312	0.657	20000.0
86	11.799	116.804	3.505	72.361	1.356	0.622	20000.0
87	11.673	116.921	3.537	73.201	1.334	0.605	20000.0
88	11.916	116.676	3.54	72.503	1.337	0.619	30000.0
89	11.559	113.698	3.475	71.395	1.321	0.633	20000.0
90	11.32	112.351	3.357	70.961	1.364	0.628	40000.0
91	11.87	115.486	3.542	72.143	1.324	0.617	60000.0
92	11.258	110.983	3.318	70.878	1.356	0.633	20000.0
93	11.649	115.055	3.453	72.537	1.364	0.614	40000.0
94	11.394	112.574	3.371	70.564	1.356	0.627	20000.0
95	11.716	114.912	3.538	73.331	1.337	0.622	30000.0
96	10.962	108.312	3.288	68.788	1.304	0.649	40000.0
97	11.673	117.295	3.528	73.103	1.362	0.608	40000.0
98	11.511	114.24	3.437	72.24	1.353	0.619	50000.0
99	11.398	111.778	3.429	71.813	1.365	0.634	20000.0
100	11.451	112.835	3.386	70.758	1.331	0.637	20000.0
