NMF_Replicate	L1	L1 %	L2	L2 %	KL Divergence	Correlation	Convergence Iterations
1	11.5	169.117	3.339	92.065	2.481	0.313	40000.0
2	11.518	169.446	3.325	92.284	2.513	0.308	30000.0
3	11.466	168.91	3.334	92.087	2.498	0.312	40000.0
4	11.549	168.324	3.357	91.771	2.494	0.31	30000.0
5	11.491	168.695	3.358	91.802	2.461	0.316	20000.0
6	11.553	169.369	3.355	92.274	2.512	0.306	20000.0
7	11.638	169.171	3.366	92.227	2.502	0.308	20000.0
8	11.513	168.141	3.335	91.73	2.461	0.319	30000.0
9	11.496	168.917	3.328	92.248	2.513	0.309	30000.0
10	11.564	169.378	3.372	92.255	2.493	0.306	30000.0
11	11.439	168.893	3.304	91.952	2.49	0.314	20000.0
12	11.493	168.434	3.344	91.964	2.504	0.316	20000.0
13	11.554	167.732	3.372	91.667	2.445	0.332	40000.0
14	11.445	168.154	3.342	91.632	2.454	0.327	40000.0
15	11.475	167.149	3.328	91.265	2.428	0.329	30000.0
16	11.462	169.01	3.317	92.223	2.513	0.311	20000.0
17	11.401	168.663	3.321	92.046	2.497	0.317	20000.0
18	11.635	167.98	3.361	91.754	2.461	0.32	20000.0
19	11.575	168.642	3.349	92.059	2.482	0.315	40000.0
20	11.591	168.489	3.358	91.903	2.473	0.322	20000.0
21	11.573	169.746	3.334	92.488	2.509	0.299	20000.0
22	11.459	167.951	3.368	91.768	2.454	0.323	20000.0
23	11.513	168.266	3.308	91.657	2.458	0.32	30000.0
24	11.52	167.914	3.317	91.357	2.433	0.325	20000.0
25	11.586	167.957	3.346	91.762	2.449	0.326	20000.0
26	11.555	167.801	3.375	91.65	2.455	0.324	40000.0
27	11.514	168.048	3.368	91.703	2.461	0.324	40000.0
28	11.383	169.761	3.296	92.482	2.539	0.299	20000.0
29	11.511	167.786	3.32	91.68	2.463	0.326	20000.0
30	11.474	169.559	3.319	92.374	2.532	0.302	20000.0
31	11.583	168.68	3.356	91.82	2.449	0.318	20000.0
32	11.503	168.782	3.334	92.215	2.473	0.309	20000.0
33	11.466	168.613	3.324	92.109	2.519	0.31	20000.0
34	11.656	168.534	3.347	91.749	2.469	0.314	20000.0
35	11.409	168.599	3.297	91.797	2.459	0.314	40000.0
36	11.449	168.143	3.357	91.554	2.459	0.328	30000.0
37	11.536	168.533	3.357	92.1	2.479	0.309	40000.0
38	11.309	169.152	3.238	92.005	2.576	0.311	40000.0
39	11.538	168.795	3.372	92.009	2.462	0.312	40000.0
40	11.499	169.532	3.316	92.261	2.5	0.304	40000.0
41	11.616	170.129	3.366	92.09	2.505	0.309	40000.0
42	11.505	167.835	3.351	91.599	2.456	0.325	20000.0
43	11.521	169.171	3.342	92.192	2.49	0.309	20000.0
44	11.482	169.056	3.31	91.992	2.481	0.311	20000.0
45	11.672	169.429	3.377	92.069	2.475	0.317	20000.0
46	11.573	168.436	3.386	91.858	2.485	0.318	20000.0
47	11.577	169.655	3.336	92.193	2.487	0.308	40000.0
48	11.521	168.572	3.326	91.874	2.467	0.32	20000.0
49	11.45	169.001	3.325	91.958	2.517	0.315	20000.0
50	11.262	166.732	3.263	91.369	2.568	0.321	40000.0
51	11.524	167.261	3.329	91.446	2.417	0.333	20000.0
52	11.509	168.9	3.357	91.879	2.463	0.32	20000.0
53	11.367	168.657	3.315	91.84	2.544	0.315	50000.0
54	11.519	167.698	3.375	91.694	2.458	0.324	20000.0
55	11.395	169.21	3.302	92.288	2.539	0.305	20000.0
56	11.445	167.818	3.323	91.633	2.436	0.319	30000.0
57	11.387	168.851	3.297	92.053	2.526	0.311	20000.0
58	11.557	168.3	3.382	91.86	2.463	0.322	20000.0
59	11.47	168.389	3.346	91.807	2.488	0.319	30000.0
60	11.587	169.486	3.362	91.783	2.46	0.316	40000.0
61	11.626	168.31	3.366	91.61	2.445	0.324	30000.0
62	11.534	168.815	3.328	91.736	2.446	0.319	20000.0
63	11.642	169.756	3.365	92.153	2.477	0.311	40000.0
64	11.592	169.51	3.337	91.999	2.461	0.314	30000.0
65	11.584	168.569	3.357	91.853	2.465	0.313	20000.0
66	11.406	168.954	3.305	92.127	2.511	0.307	30000.0
67	11.448	167.902	3.326	91.742	2.453	0.317	40000.0
68	11.544	169.135	3.376	91.926	2.505	0.318	20000.0
69	11.469	168.34	3.345	91.771	2.487	0.322	20000.0
70	11.581	169.122	3.382	91.937	2.491	0.318	20000.0
71	11.573	167.856	3.372	91.596	2.468	0.319	20000.0
72	11.504	167.84	3.332	91.585	2.434	0.33	20000.0
73	11.512	166.979	3.354	91.617	2.447	0.331	30000.0
74	11.628	168.191	3.379	91.807	2.46	0.322	30000.0
75	11.479	169.723	3.314	92.243	2.544	0.307	20000.0
76	11.519	168.516	3.344	91.701	2.474	0.323	20000.0
77	11.551	168.516	3.364	91.844	2.466	0.322	30000.0
78	11.388	168.639	3.316	92.024	2.474	0.31	40000.0
79	11.492	168.92	3.36	91.864	2.483	0.315	20000.0
80	11.328	167.777	3.293	91.82	2.489	0.323	40000.0
81	11.351	168.395	3.314	91.944	2.516	0.317	20000.0
82	11.57	168.941	3.379	92.134	2.483	0.308	30000.0
83	11.576	168.666	3.346	91.739	2.442	0.326	20000.0
84	11.491	167.464	3.329	91.713	2.458	0.316	20000.0
85	11.532	169.688	3.345	92.575	2.546	0.304	20000.0
86	11.427	167.492	3.301	91.555	2.476	0.327	20000.0
87	11.66	169.234	3.389	92.093	2.498	0.315	50000.0
88	11.628	169.852	3.382	92.102	2.485	0.309	30000.0
89	11.597	167.559	3.351	91.483	2.457	0.32	30000.0
90	11.404	168.684	3.294	92.173	2.51	0.312	20000.0
91	11.461	168.074	3.368	91.701	2.464	0.324	20000.0
92	11.501	167.634	3.319	91.482	2.458	0.321	20000.0
93	11.559	167.611	3.376	91.611	2.441	0.322	20000.0
94	11.464	168.058	3.351	91.721	2.447	0.323	20000.0
95	11.583	168.049	3.368	91.724	2.464	0.321	20000.0
96	11.547	168.332	3.364	91.736	2.464	0.326	20000.0
97	11.631	168.393	3.333	91.897	2.548	0.312	20000.0
98	11.395	168.233	3.322	91.777	2.521	0.316	30000.0
99	11.524	168.538	3.368	91.748	2.47	0.323	20000.0
100	11.511	167.926	3.35	91.701	2.466	0.326	20000.0
101	11.573	169.153	3.35	91.936	2.494	0.312	50000.0
102	11.49	168.314	3.334	91.822	2.48	0.32	30000.0
103	11.568	168.353	3.353	91.915	2.462	0.322	30000.0
104	11.439	168.366	3.319	91.956	2.489	0.311	20000.0
105	11.448	169.713	3.284	92.308	2.53	0.303	20000.0
106	11.44	168.65	3.312	91.831	2.468	0.311	20000.0
107	11.559	168.987	3.337	92.143	2.506	0.316	50000.0
108	11.588	169.383	3.341	92.154	2.502	0.31	30000.0
109	11.543	167.859	3.366	91.838	2.476	0.321	30000.0
110	11.431	168.012	3.336	91.652	2.482	0.318	30000.0
111	11.542	168.723	3.328	91.912	2.482	0.312	40000.0
112	11.545	168.093	3.362	91.7	2.451	0.323	20000.0
113	11.538	169.436	3.359	92.236	2.495	0.304	20000.0
114	11.5	169.566	3.33	92.383	2.517	0.304	30000.0
115	11.281	167.594	3.257	91.663	2.489	0.323	20000.0
116	11.411	167.181	3.327	91.478	2.446	0.331	20000.0
117	11.544	167.714	3.333	91.392	2.444	0.328	20000.0
118	11.635	168.792	3.35	91.819	2.443	0.32	30000.0
119	11.474	168.195	3.363	91.605	2.47	0.32	30000.0
120	11.61	169.341	3.369	91.982	2.485	0.311	30000.0
121	11.54	168.759	3.371	92.226	2.481	0.312	20000.0
122	11.595	168.557	3.347	91.872	2.46	0.318	30000.0
123	11.486	168.455	3.339	91.817	2.469	0.317	40000.0
124	11.483	168.771	3.311	91.741	2.492	0.315	20000.0
125	11.534	168.428	3.331	91.832	2.478	0.319	20000.0
126	11.549	168.813	3.356	92.039	2.48	0.308	40000.0
127	11.549	168.851	3.338	91.788	2.478	0.314	20000.0
128	11.43	168.114	3.302	91.791	2.494	0.316	40000.0
129	11.409	167.955	3.33	91.837	2.483	0.321	20000.0
130	11.457	169.092	3.302	92.288	2.512	0.308	40000.0
131	11.533	168.826	3.363	91.752	2.461	0.323	30000.0
132	11.346	168.517	3.29	91.926	2.499	0.317	20000.0
133	11.399	168.615	3.312	92.103	2.491	0.308	20000.0
134	11.539	167.563	3.339	91.619	2.443	0.328	20000.0
135	11.418	168.494	3.316	92.105	2.494	0.313	20000.0
136	11.53	169.128	3.327	91.933	2.495	0.304	20000.0
137	11.587	168.628	3.366	91.762	2.463	0.318	20000.0
138	11.413	166.467	3.337	91.49	2.494	0.328	30000.0
139	11.534	168.583	3.343	91.728	2.459	0.32	50000.0
140	11.525	167.796	3.331	91.644	2.433	0.33	30000.0
141	11.564	168.666	3.369	92.169	2.482	0.31	50000.0
142	11.696	168.942	3.387	91.894	2.464	0.325	20000.0
143	11.364	167.655	3.327	91.643	2.452	0.321	20000.0
144	11.589	169.382	3.356	92.25	2.515	0.306	20000.0
145	11.606	169.787	3.34	92.268	2.513	0.304	30000.0
146	11.48	169.093	3.344	91.957	2.498	0.307	20000.0
147	11.708	169.094	3.381	92.015	2.459	0.32	40000.0
148	11.494	168.138	3.366	91.671	2.477	0.324	20000.0
149	11.572	169.051	3.368	91.974	2.449	0.313	20000.0
150	11.471	169.085	3.309	92.058	2.486	0.312	20000.0
151	11.354	169.085	3.34	92.055	2.558	0.31	20000.0
152	11.577	169.119	3.336	92.095	2.492	0.312	20000.0
153	11.433	168.578	3.308	92.101	2.5	0.312	40000.0
154	11.524	168.144	3.36	91.732	2.464	0.322	20000.0
155	11.535	169.233	3.325	91.865	2.488	0.316	20000.0
156	11.49	168.089	3.354	91.661	2.465	0.317	20000.0
157	11.638	168.985	3.383	91.913	2.48	0.32	30000.0
158	11.427	167.912	3.296	91.504	2.451	0.324	20000.0
159	11.385	168.467	3.307	91.982	2.51	0.313	20000.0
160	11.512	167.967	3.341	91.624	2.483	0.313	30000.0
161	11.483	168.521	3.324	91.999	2.47	0.311	20000.0
162	11.55	168.991	3.349	92.105	2.475	0.307	20000.0
163	11.413	169.437	3.298	92.21	2.555	0.307	30000.0
164	11.583	168.82	3.376	91.942	2.498	0.32	20000.0
165	11.498	168.959	3.334	92.209	2.518	0.311	40000.0
166	11.409	167.292	3.318	91.765	2.483	0.322	20000.0
167	11.408	168.988	3.293	92.148	2.538	0.311	20000.0
168	11.377	168.045	3.349	91.696	2.452	0.318	20000.0
169	11.463	168.319	3.345	92.11	2.537	0.313	20000.0
170	11.43	168.66	3.318	92.131	2.488	0.315	30000.0
171	11.657	168.62	3.392	91.974	2.475	0.316	40000.0
172	11.609	168.876	3.356	91.917	2.481	0.32	40000.0
173	11.394	168.563	3.301	91.949	2.491	0.315	20000.0
174	11.609	168.252	3.376	91.688	2.449	0.326	20000.0
175	11.51	169.174	3.339	92.19	2.494	0.31	40000.0
176	11.419	169.04	3.313	92.191	2.527	0.309	30000.0
177	11.484	168.129	3.324	91.604	2.485	0.315	40000.0
178	11.614	168.099	3.378	91.624	2.448	0.33	20000.0
179	11.556	168.582	3.34	91.848	2.466	0.315	20000.0
180	11.42	169.151	3.295	92.299	2.524	0.305	30000.0
181	11.52	168.208	3.317	91.744	2.453	0.324	20000.0
182	11.487	166.472	3.317	91.281	2.449	0.322	30000.0
183	11.517	168.383	3.333	91.81	2.471	0.323	60000.0
184	11.5	168.881	3.333	91.985	2.517	0.313	30000.0
185	11.35	169.055	3.273	92.064	2.538	0.308	40000.0
186	11.605	169.032	3.399	92.025	2.48	0.317	40000.0
187	11.479	168.507	3.322	91.853	2.505	0.315	20000.0
188	11.52	168.552	3.343	91.904	2.485	0.318	20000.0
189	11.333	167.86	3.317	91.862	2.492	0.32	30000.0
190	11.444	169.439	3.342	92.407	2.535	0.306	30000.0
191	11.527	168.455	3.344	91.755	2.482	0.319	30000.0
192	11.489	168.82	3.349	92.046	2.533	0.309	20000.0
193	11.594	167.24	3.384	91.408	2.446	0.324	30000.0
194	11.479	169.264	3.331	92.103	2.502	0.311	40000.0
195	11.415	167.816	3.303	91.368	2.438	0.334	30000.0
196	11.606	168.531	3.355	91.662	2.467	0.325	30000.0
197	11.551	168.437	3.348	91.669	2.467	0.326	20000.0
198	11.5	168.834	3.318	92.078	2.504	0.313	40000.0
199	11.526	168.506	3.332	91.849	2.477	0.311	20000.0
200	11.544	169.276	3.359	92.164	2.498	0.312	40000.0
201	11.559	167.536	3.343	91.532	2.442	0.331	20000.0
202	11.533	169.36	3.312	92.116	2.509	0.31	40000.0
203	11.631	169.015	3.339	92.011	2.469	0.319	20000.0
204	11.441	168.771	3.317	92.036	2.501	0.309	30000.0
205	11.557	168.491	3.343	91.663	2.458	0.317	20000.0
206	11.565	167.918	3.313	91.427	2.433	0.323	40000.0
207	11.471	169.682	3.346	92.531	2.546	0.294	30000.0
208	11.482	169.155	3.324	92.137	2.529	0.305	20000.0
209	11.67	168.95	3.374	92.044	2.474	0.316	30000.0
210	11.506	168.224	3.343	91.838	2.468	0.316	20000.0
211	11.459	169.175	3.355	92.227	2.486	0.3	20000.0
212	11.623	168.82	3.412	91.849	2.46	0.32	40000.0
213	11.535	168.084	3.354	91.714	2.462	0.327	20000.0
214	11.637	169.167	3.368	91.85	2.473	0.322	20000.0
215	11.566	168.76	3.382	91.884	2.483	0.32	20000.0
216	11.595	168.54	3.38	91.915	2.451	0.318	30000.0
217	11.486	167.304	3.339	91.29	2.448	0.324	20000.0
218	11.478	168.855	3.32	91.859	2.478	0.312	30000.0
219	11.574	169.745	3.381	91.954	2.504	0.312	30000.0
220	11.383	168.753	3.305	92.042	2.528	0.314	20000.0
221	11.522	167.795	3.361	91.628	2.446	0.326	20000.0
222	11.614	169.362	3.335	92.267	2.506	0.309	20000.0
223	11.417	168.146	3.308	91.702	2.474	0.323	20000.0
224	11.363	168.247	3.305	91.893	2.543	0.315	30000.0
225	11.48	168.751	3.31	91.889	2.504	0.316	20000.0
226	11.484	168.731	3.331	91.63	2.441	0.322	30000.0
227	11.483	169.224	3.34	92.212	2.506	0.307	20000.0
228	11.492	169.313	3.296	92.277	2.515	0.306	30000.0
229	11.458	168.162	3.338	92.02	2.487	0.318	20000.0
230	11.552	168.87	3.356	92.231	2.512	0.313	40000.0
231	11.495	169.677	3.33	92.467	2.531	0.298	40000.0
232	11.604	168.689	3.381	91.989	2.473	0.315	30000.0
233	11.474	168.658	3.324	91.873	2.475	0.312	20000.0
234	11.437	168.111	3.325	91.498	2.465	0.326	20000.0
235	11.632	168.309	3.353	91.786	2.449	0.324	30000.0
236	11.478	168.246	3.324	91.719	2.458	0.32	30000.0
237	11.686	168.443	3.378	92.337	2.558	0.311	40000.0
238	11.644	170.057	3.365	92.306	2.499	0.308	20000.0
239	11.304	169.061	3.286	92.142	2.534	0.306	30000.0
240	11.56	169.395	3.342	92.044	2.468	0.311	20000.0
241	11.405	169.113	3.308	92.104	2.517	0.312	20000.0
242	11.596	168.313	3.343	91.755	2.456	0.316	30000.0
243	11.617	169.433	3.388	92.076	2.493	0.314	30000.0
244	11.356	169.511	3.283	92.358	2.534	0.307	30000.0
245	11.49	168.019	3.345	91.462	2.446	0.334	20000.0
246	11.51	168.65	3.337	92.075	2.502	0.315	40000.0
247	11.542	169.95	3.353	92.563	2.54	0.301	20000.0
248	11.517	168.766	3.342	91.854	2.492	0.319	60000.0
249	11.587	168.524	3.358	91.738	2.452	0.325	20000.0
250	11.443	167.447	3.328	91.437	2.45	0.33	30000.0
251	11.467	168.726	3.334	91.8	2.479	0.312	30000.0
252	11.554	168.19	3.353	91.72	2.453	0.326	20000.0
253	11.604	168.738	3.389	91.676	2.461	0.327	20000.0
254	11.604	167.56	3.37	91.612	2.438	0.329	20000.0
255	11.572	169.467	3.358	92.004	2.475	0.313	30000.0
256	11.347	168.503	3.294	91.848	2.542	0.314	40000.0
257	11.569	169.574	3.358	92.058	2.496	0.309	20000.0
258	11.505	168.205	3.335	91.622	2.454	0.326	30000.0
259	11.505	168.271	3.332	91.663	2.482	0.322	40000.0
260	11.379	168.392	3.332	92.147	2.534	0.315	20000.0
261	11.572	167.812	3.333	91.571	2.44	0.323	20000.0
262	11.569	168.638	3.355	91.727	2.431	0.321	20000.0
263	11.486	168.96	3.313	92.127	2.516	0.313	20000.0
264	11.555	167.734	3.343	91.555	2.451	0.33	40000.0
265	11.493	169.383	3.36	91.942	2.487	0.311	30000.0
266	11.626	168.724	3.356	91.998	2.476	0.316	30000.0
267	11.502	167.752	3.328	91.673	2.445	0.325	20000.0
268	11.5	167.011	3.377	91.548	2.436	0.324	30000.0
269	11.54	168.861	3.349	91.848	2.488	0.321	20000.0
270	11.535	169.482	3.344	92.289	2.507	0.303	20000.0
271	11.541	169.098	3.365	91.981	2.498	0.314	30000.0
272	11.586	169.047	3.36	92.022	2.471	0.309	20000.0
273	11.498	168.291	3.347	91.907	2.477	0.318	30000.0
274	11.602	168.719	3.351	91.796	2.461	0.323	20000.0
275	11.546	169.421	3.313	92.074	2.494	0.311	40000.0
276	11.551	168.388	3.344	91.932	2.473	0.315	20000.0
277	11.487	167.551	3.34	91.624	2.439	0.326	20000.0
278	11.425	169.14	3.312	92.219	2.526	0.309	30000.0
279	11.561	168.543	3.334	91.976	2.473	0.317	30000.0
280	11.501	168.787	3.332	91.772	2.461	0.316	40000.0
281	11.477	168.532	3.357	91.775	2.478	0.321	20000.0
282	11.421	168.408	3.327	91.974	2.514	0.315	30000.0
283	11.502	168.263	3.336	91.771	2.46	0.32	20000.0
284	11.537	168.828	3.334	91.868	2.47	0.314	30000.0
285	11.506	167.851	3.334	91.696	2.455	0.322	30000.0
286	11.486	168.064	3.318	91.429	2.424	0.325	50000.0
287	11.481	168.413	3.365	91.926	2.48	0.31	20000.0
288	11.499	167.834	3.343	91.713	2.444	0.329	30000.0
289	11.618	168.516	3.371	91.865	2.46	0.322	20000.0
290	11.571	168.798	3.381	91.978	2.472	0.317	20000.0
291	11.42	169.006	3.314	92.154	2.502	0.31	30000.0
292	11.59	167.81	3.336	91.622	2.452	0.329	30000.0
293	11.479	168.498	3.329	91.611	2.455	0.322	20000.0
294	11.585	168.715	3.353	91.705	2.487	0.324	40000.0
295	11.479	168.96	3.336	91.978	2.515	0.317	30000.0
296	11.576	168.371	3.366	91.637	2.444	0.33	20000.0
297	11.487	168.505	3.359	91.88	2.474	0.318	30000.0
298	11.594	168.874	3.345	92.048	2.501	0.308	20000.0
299	11.595	169.102	3.394	91.98	2.493	0.316	40000.0
300	11.409	167.976	3.326	91.561	2.461	0.317	30000.0
301	11.436	168.625	3.328	91.838	2.497	0.313	20000.0
302	11.566	168.49	3.337	92.016	2.489	0.316	40000.0
303	11.448	169.676	3.338	92.397	2.561	0.306	20000.0
304	11.572	168.315	3.361	91.69	2.459	0.317	20000.0
305	11.553	168.477	3.327	91.809	2.456	0.317	30000.0
306	11.422	168.363	3.325	91.89	2.502	0.316	20000.0
307	11.494	167.493	3.364	91.55	2.423	0.328	30000.0
308	11.546	169.451	3.346	91.949	2.485	0.312	40000.0
309	11.525	168.272	3.331	91.734	2.454	0.322	20000.0
310	11.285	167.746	3.245	91.696	2.565	0.314	20000.0
311	11.398	168.234	3.317	91.964	2.506	0.316	30000.0
312	11.655	168.942	3.342	91.903	2.449	0.317	40000.0
313	11.461	168.655	3.289	91.783	2.48	0.319	30000.0
314	11.489	169.069	3.336	92.195	2.542	0.303	40000.0
315	11.585	168.217	3.375	91.785	2.445	0.323	30000.0
316	11.395	167.426	3.349	91.486	2.462	0.321	30000.0
317	11.529	168.387	3.337	91.744	2.465	0.32	30000.0
318	11.415	169.037	3.314	92.213	2.553	0.309	20000.0
319	11.473	166.983	3.344	91.417	2.443	0.322	20000.0
320	11.539	168.558	3.356	91.718	2.463	0.317	20000.0
321	11.465	168.994	3.351	92.326	2.516	0.305	60000.0
322	11.345	168.884	3.281	92.123	2.526	0.311	20000.0
323	11.377	166.615	3.319	91.278	2.422	0.328	40000.0
324	11.353	168.968	3.271	92.001	2.515	0.311	40000.0
325	11.52	167.955	3.339	91.434	2.452	0.324	40000.0
326	11.527	168.377	3.311	91.778	2.445	0.323	30000.0
327	11.495	168.028	3.341	91.686	2.438	0.326	20000.0
328	11.531	169.139	3.33	92.249	2.515	0.305	30000.0
329	11.419	168.408	3.335	92.023	2.504	0.314	30000.0
330	11.545	168.183	3.387	91.707	2.463	0.32	20000.0
331	11.543	168.957	3.329	91.903	2.478	0.314	30000.0
332	11.587	169.386	3.362	92.048	2.487	0.315	40000.0
333	11.555	168.634	3.357	91.807	2.472	0.322	20000.0
334	11.52	167.991	3.37	91.831	2.468	0.325	20000.0
335	11.496	168.589	3.309	91.789	2.449	0.316	20000.0
336	11.556	169.015	3.34	92.06	2.472	0.312	30000.0
337	11.449	168.834	3.344	92.323	2.524	0.307	20000.0
338	11.549	168.883	3.339	91.849	2.465	0.317	20000.0
339	11.409	168.46	3.308	91.758	2.484	0.319	30000.0
340	11.472	168.781	3.325	91.99	2.518	0.315	20000.0
341	11.481	167.857	3.34	91.677	2.451	0.325	30000.0
342	11.483	168.315	3.344	91.911	2.486	0.322	30000.0
343	11.432	167.893	3.32	91.613	2.459	0.315	30000.0
344	11.557	169.163	3.344	92.05	2.49	0.315	30000.0
345	11.63	169.949	3.351	92.503	2.521	0.301	30000.0
346	11.652	167.982	3.378	91.702	2.453	0.326	20000.0
347	11.401	167.328	3.326	91.436	2.44	0.331	20000.0
348	11.556	168.808	3.375	92.028	2.488	0.308	20000.0
349	11.578	168.392	3.377	91.918	2.476	0.323	20000.0
350	11.468	169.406	3.324	91.956	2.495	0.306	40000.0
351	11.535	169.488	3.319	92.348	2.532	0.306	30000.0
352	11.427	167.412	3.329	91.566	2.457	0.32	30000.0
353	11.507	169.558	3.329	92.27	2.547	0.309	50000.0
354	11.525	168.994	3.332	92.08	2.488	0.313	40000.0
355	11.349	168.378	3.322	92.05	2.521	0.313	40000.0
356	11.706	169.232	3.373	92.093	2.454	0.312	30000.0
357	11.599	169.903	3.361	92.354	2.5	0.3	30000.0
358	11.569	169.213	3.368	92.213	2.491	0.308	30000.0
359	11.52	167.434	3.345	91.625	2.447	0.327	20000.0
360	11.593	169.079	3.366	92.11	2.487	0.307	30000.0
361	11.53	168.042	3.341	91.599	2.452	0.332	20000.0
362	11.283	168.67	3.29	92.028	2.541	0.312	40000.0
363	11.413	168.555	3.313	92.004	2.536	0.313	30000.0
364	11.596	168.703	3.351	91.91	2.47	0.318	20000.0
365	11.662	168.676	3.378	91.889	2.446	0.317	20000.0
366	11.562	168.273	3.352	91.662	2.453	0.322	30000.0
367	11.582	169.247	3.364	92.059	2.492	0.31	20000.0
368	11.537	168.889	3.376	92.008	2.487	0.318	40000.0
369	11.53	167.5	3.374	91.584	2.433	0.327	20000.0
370	11.511	168.685	3.361	91.788	2.475	0.319	20000.0
371	11.551	169.112	3.371	91.893	2.48	0.317	30000.0
372	11.535	168.579	3.324	91.859	2.479	0.32	30000.0
373	11.38	168.657	3.318	91.767	2.491	0.311	20000.0
374	11.508	168.984	3.325	92.252	2.521	0.311	30000.0
375	11.51	167.831	3.343	91.592	2.46	0.326	20000.0
376	11.512	169.155	3.313	92.356	2.523	0.308	40000.0
377	11.395	169.133	3.281	92.197	2.516	0.312	30000.0
378	11.499	168.098	3.326	91.441	2.454	0.329	30000.0
379	11.385	168.065	3.272	91.612	2.608	0.312	40000.0
380	11.619	169.816	3.364	92.154	2.495	0.303	20000.0
381	11.569	169.427	3.339	91.977	2.462	0.313	30000.0
382	11.508	168.748	3.353	91.707	2.458	0.319	30000.0
383	11.413	170.093	3.282	92.455	2.57	0.301	20000.0
384	11.501	168.868	3.337	91.838	2.491	0.316	40000.0
385	11.499	167.869	3.349	91.786	2.459	0.316	20000.0
386	11.409	168.222	3.302	92.003	2.488	0.315	20000.0
387	11.625	169.373	3.394	91.901	2.458	0.318	20000.0
388	11.311	167.587	3.27	91.708	2.587	0.315	20000.0
389	11.513	169.924	3.324	92.51	2.54	0.3	20000.0
390	11.601	168.53	3.354	92.06	2.486	0.313	30000.0
391	11.381	168.394	3.299	91.766	2.501	0.313	20000.0
392	11.63	168.292	3.362	91.907	2.437	0.322	20000.0
393	11.625	168.61	3.361	91.968	2.471	0.321	30000.0
394	11.535	168.883	3.342	91.881	2.478	0.319	40000.0
395	11.464	168.745	3.35	91.751	2.496	0.316	40000.0
396	11.546	168.791	3.35	91.711	2.465	0.315	20000.0
397	11.476	168.826	3.339	91.976	2.503	0.315	30000.0
398	11.539	168.972	3.375	92.033	2.509	0.314	20000.0
399	11.433	168.838	3.302	91.91	2.509	0.312	20000.0
400	11.48	168.728	3.342	91.884	2.47	0.314	20000.0
401	11.537	169.03	3.345	92.152	2.499	0.304	20000.0
402	11.399	167.873	3.297	91.671	2.477	0.323	60000.0
403	11.492	168.372	3.347	91.75	2.474	0.325	20000.0
404	11.515	167.767	3.336	91.529	2.439	0.332	20000.0
405	11.491	169.57	3.336	92.158	2.481	0.311	20000.0
406	11.558	168.688	3.346	92.168	2.48	0.316	40000.0
407	11.626	167.781	3.353	91.623	2.441	0.327	30000.0
408	11.447	168.686	3.344	91.984	2.479	0.311	30000.0
409	11.494	168.469	3.353	91.674	2.464	0.32	20000.0
410	11.538	168.629	3.353	91.821	2.48	0.32	40000.0
411	11.403	168.089	3.293	91.795	2.492	0.321	20000.0
412	11.435	169.543	3.329	92.368	2.54	0.305	20000.0
413	11.557	169.15	3.325	92.076	2.514	0.31	20000.0
414	11.574	168.507	3.346	91.684	2.455	0.319	20000.0
415	11.504	168.278	3.359	91.634	2.445	0.32	20000.0
416	11.416	168.146	3.305	91.765	2.481	0.319	20000.0
417	11.486	168.434	3.349	91.7	2.487	0.316	30000.0
418	11.544	167.816	3.358	91.737	2.445	0.322	30000.0
419	11.553	168.939	3.345	91.936	2.476	0.319	20000.0
420	11.575	168.012	3.325	91.715	2.437	0.328	40000.0
421	11.398	168.451	3.322	91.884	2.531	0.315	20000.0
422	11.495	168.103	3.334	91.678	2.458	0.327	40000.0
423	11.405	168.242	3.307	91.806	2.476	0.319	40000.0
424	11.581	168.38	3.36	91.864	2.457	0.323	20000.0
425	11.557	168.557	3.346	91.832	2.477	0.313	20000.0
426	11.563	167.874	3.359	91.566	2.431	0.328	20000.0
427	11.414	169.87	3.295	92.425	2.556	0.303	30000.0
428	11.417	168.25	3.295	91.96	2.503	0.316	20000.0
429	11.5	168.387	3.313	91.673	2.463	0.325	30000.0
430	11.615	169.52	3.348	92.108	2.475	0.309	30000.0
431	11.595	169.482	3.362	92.134	2.501	0.31	20000.0
432	11.423	168.103	3.326	91.793	2.503	0.32	30000.0
433	11.544	168.014	3.343	91.484	2.46	0.334	40000.0
434	11.474	170.193	3.33	92.55	2.595	0.299	20000.0
435	11.525	168.426	3.338	91.876	2.468	0.32	20000.0
436	11.497	168.608	3.337	91.884	2.477	0.315	20000.0
437	11.396	167.296	3.282	91.671	2.47	0.321	30000.0
438	11.535	167.545	3.376	91.524	2.469	0.328	50000.0
439	11.513	169.526	3.352	92.253	2.513	0.307	20000.0
440	11.535	167.704	3.348	91.662	2.44	0.327	30000.0
441	11.566	168.076	3.376	91.842	2.456	0.317	20000.0
442	11.454	168.736	3.328	91.894	2.473	0.321	40000.0
443	11.375	168.766	3.294	91.961	2.488	0.312	20000.0
444	11.432	167.459	3.317	91.634	2.452	0.318	20000.0
445	11.398	168.948	3.294	92.185	2.512	0.306	30000.0
446	11.58	169.235	3.37	92.221	2.503	0.308	20000.0
447	11.521	168.4	3.347	91.878	2.488	0.312	20000.0
448	11.657	167.863	3.377	91.637	2.427	0.332	40000.0
449	11.592	169.298	3.358	92.078	2.486	0.313	20000.0
450	11.589	168.706	3.37	91.883	2.467	0.317	40000.0
451	11.584	169.015	3.35	91.929	2.479	0.313	20000.0
452	11.458	168.213	3.313	91.756	2.473	0.31	40000.0
453	11.487	168.167	3.328	91.751	2.46	0.322	30000.0
454	11.59	168.398	3.339	91.771	2.44	0.319	50000.0
455	11.495	168.167	3.335	91.76	2.452	0.325	30000.0
456	11.486	168.877	3.324	92.019	2.492	0.315	20000.0
457	11.508	167.155	3.351	91.587	2.443	0.319	30000.0
458	11.621	168.291	3.393	91.683	2.446	0.328	20000.0
459	11.48	167.356	3.328	91.764	2.529	0.32	20000.0
460	11.573	168.811	3.361	92.127	2.489	0.308	30000.0
461	11.527	168.614	3.343	91.958	2.483	0.309	20000.0
462	11.518	167.934	3.358	91.764	2.446	0.327	20000.0
463	11.558	168.333	3.376	92.009	2.47	0.319	30000.0
464	11.577	167.892	3.374	91.681	2.449	0.326	20000.0
465	11.37	168.138	3.306	91.884	2.486	0.32	20000.0
466	11.556	169.584	3.364	91.985	2.474	0.312	40000.0
467	11.472	168.577	3.321	91.885	2.471	0.32	30000.0
468	11.565	169.155	3.372	92.012	2.489	0.315	20000.0
469	11.484	168.119	3.327	91.92	2.46	0.32	20000.0
470	11.421	168.736	3.318	91.965	2.528	0.31	20000.0
471	11.512	169.481	3.356	92.309	2.514	0.306	40000.0
472	11.554	168.842	3.332	91.984	2.491	0.314	20000.0
473	11.505	167.7	3.348	91.568	2.447	0.321	20000.0
474	11.549	168.778	3.362	92.186	2.52	0.308	30000.0
475	11.433	168.507	3.342	91.712	2.474	0.323	40000.0
476	11.595	168.518	3.352	91.815	2.445	0.321	30000.0
477	11.551	168.904	3.363	91.832	2.457	0.319	20000.0
478	11.37	168.588	3.304	92.051	2.525	0.316	40000.0
479	11.455	167.562	3.347	91.607	2.457	0.327	20000.0
480	11.458	168.167	3.332	91.84	2.469	0.315	30000.0
481	11.572	168.388	3.343	91.792	2.469	0.314	50000.0
482	11.502	167.901	3.323	91.688	2.485	0.32	20000.0
483	11.531	169.224	3.341	92.331	2.513	0.309	30000.0
484	11.553	168.131	3.36	91.669	2.449	0.32	20000.0
485	11.453	168.282	3.337	91.711	2.448	0.325	20000.0
486	11.494	167.775	3.363	91.63	2.473	0.326	40000.0
487	11.623	168.768	3.362	91.897	2.462	0.318	20000.0
488	11.675	169.334	3.365	92.061	2.486	0.312	20000.0
489	11.489	168.773	3.358	91.953	2.498	0.317	40000.0
490	11.434	168.775	3.3	92.137	2.519	0.311	20000.0
491	11.567	169.186	3.353	92.078	2.473	0.313	30000.0
492	11.505	167.892	3.339	91.835	2.459	0.323	40000.0
493	11.556	169.09	3.322	91.869	2.48	0.312	20000.0
494	11.37	168.971	3.286	92.221	2.535	0.307	20000.0
495	11.491	168.116	3.346	91.771	2.448	0.319	20000.0
496	11.509	167.914	3.346	91.643	2.453	0.327	40000.0
497	11.423	169.738	3.299	92.395	2.561	0.301	30000.0
498	11.539	169.044	3.352	91.918	2.478	0.315	20000.0
499	11.454	168.981	3.326	91.859	2.481	0.315	30000.0
500	11.522	168.745	3.321	92.009	2.535	0.313	20000.0
