Samples	SBS96A	SBS96B	SBS96C	SBS96D	SBS96E	SBS96F	SBS96G
TCGA-2F-A9KO-01A-11D-A38G-08	312	142	220	0	0	0	10
TCGA-2F-A9KP-01A-11D-A38G-08	34	35	18	24	39	0	10
TCGA-2F-A9KQ-01A-11D-A38G-08	0	8	21	17	26	0	4
TCGA-2F-A9KR-01A-11D-A38G-08	98	100	0	11	22	23	28
TCGA-2F-A9KT-01A-11D-A38G-08	224	117	0	13	27	18	15
TCGA-2F-A9KW-01A-11D-A38G-08	6	25	29	0	27	40	11
TCGA-4Z-AA7M-01A-11D-A391-08	315	167	0	68	50	29	1
TCGA-4Z-AA7N-01A-11D-A391-08	0	6	15	0	3	0	0
TCGA-4Z-AA7O-01A-31D-A391-08	56	45	45	22	40	20	16
TCGA-4Z-AA7Q-01A-11D-A391-08	173	30	0	30	25	29	7
TCGA-4Z-AA7R-01A-11D-A391-08	174	118	82	0	17	24	20
TCGA-4Z-AA7S-01A-11D-A391-08	0	5	0	0	48	7	10
TCGA-4Z-AA7W-01A-11D-A391-08	394	134	132	0	0	6	0
TCGA-4Z-AA7Y-01A-11D-A391-08	120	110	110	0	4	0	5
TCGA-4Z-AA80-01A-11D-A391-08	185	115	27	27	46	45	54
TCGA-4Z-AA81-01A-11D-A391-08	72	80	77	0	15	0	13
TCGA-4Z-AA82-01A-11D-A391-08	25	26	0	6	33	39	0
TCGA-4Z-AA83-01A-11D-A391-08	26	23	0	11	32	12	2
TCGA-4Z-AA84-01A-11D-A391-08	2	358	53	163	34	40	11
TCGA-4Z-AA86-01A-11D-A391-08	111	57	85	0	3	0	11
TCGA-4Z-AA87-01A-11D-A391-08	83	54	86	0	48	5	12
TCGA-4Z-AA89-01A-11D-A391-08	73	37	24	5	19	0	0
TCGA-5N-A9KI-01A-31D-A42E-08	28	63	30	23	28	27	14
TCGA-5N-A9KM-01A-11D-A42E-08	2	23	14	127	29	75	0
TCGA-BL-A0C8-01A-11D-A271-08	19	11	75	0	50	6	14
TCGA-BL-A13I-01A-11D-A271-08	33	9	35	43	16	8	4
TCGA-BL-A13J-01A-11D-A271-08	25	9	31	16	0	50	0
TCGA-BL-A3JM-01A-12D-A21A-08	30	45	95	28	37	14	3
TCGA-BL-A5ZZ-01A-31D-A30E-08	9	41	60	32	45	12	0
TCGA-BT-A0S7-01A-11D-A10S-08	0	0	0	19	7	14	5
TCGA-BT-A0YX-01A-11D-A10S-08	495	254	5	0	27	0	0
TCGA-BT-A20J-01A-11D-A14W-08	195	167	140	0	34	0	29
TCGA-BT-A20N-01A-11D-A14W-08	53	17	77	30	19	108	11
TCGA-BT-A20O-01A-21D-A14W-08	26	32	73	30	15	37	0
TCGA-BT-A20P-01A-11D-A14W-08	61	0	0	0	19	12	10
TCGA-BT-A20Q-01A-11D-A14W-08	42	26	0	7	16	0	18
TCGA-BT-A20R-01A-12D-A16O-08	162	89	0	0	36	0	32
TCGA-BT-A20T-01A-11D-A14W-08	114	126	62	10	9	3	7
TCGA-BT-A20U-01A-11D-A14W-08	48	25	19	0	8	1	5
TCGA-BT-A20V-01A-11D-A14W-08	24	14	0	12	43	13	21
TCGA-BT-A20W-01A-21D-A14W-08	23	4	0	3	24	23	6
TCGA-BT-A20X-01A-11D-A16O-08	7	2	10	20	7	28	10
TCGA-BT-A2LA-01A-11D-A18F-08	47	44	0	0	121	0	0
TCGA-BT-A2LB-01A-11D-A18F-08	65	340	0	285	35	30	30
TCGA-BT-A2LD-01A-12D-A20D-08	9	17	0	15	58	18	5
TCGA-BT-A3PH-01A-11D-A21Z-08	335	102	108	0	17	0	0
TCGA-BT-A3PJ-01A-21D-A21Z-08	171	239	0	122	26	54	27
TCGA-BT-A3PK-01A-21D-A21Z-08	90	42	10	180	18	93	3
TCGA-BT-A42B-01A-32D-A23M-08	3	10	4	3	43	16	0
TCGA-BT-A42C-01A-11D-A23M-08	90	55	134	43	19	75	29
TCGA-BT-A42E-01A-11D-A23U-08	60	23	100	0	13	0	3
TCGA-BT-A42F-01A-11D-A23U-08	56	45	96	0	0	0	0
TCGA-C4-A0EZ-01A-21D-A10S-08	44	43	2	44	62	35	15
TCGA-C4-A0F0-01A-12D-A10S-08	0	4	38	26	25	22	0
TCGA-C4-A0F1-01A-11D-A10S-08	70	60	0	0	38	23	18
TCGA-C4-A0F6-01A-11D-A10S-08	58	24	122	0	31	0	10
TCGA-C4-A0F7-01A-11D-A10S-08	7	12	0	1	53	19	5
TCGA-CF-A1HR-01A-11D-A13W-08	136	85	64	6	16	0	8
TCGA-CF-A1HS-01A-11D-A13W-08	192	0	0	49	13	33	13
TCGA-CF-A27C-01A-11D-A16O-08	59	33	83	0	7	0	0
TCGA-CF-A3MF-01A-12D-A21A-08	0	4	0	2	16	3	0
TCGA-CF-A3MG-01A-11D-A20D-08	33	26	93	0	18	0	0
TCGA-CF-A3MH-01A-11D-A20D-08	10	2	5	11	20	3	1
TCGA-CF-A3MI-01A-11D-A20D-08	27	10	0	11	31	0	6
TCGA-CF-A47S-01A-11D-A23U-08	0	4	0	0	16	9	1
TCGA-CF-A47T-01A-11D-A23U-08	1	6	0	9	10	1	5
TCGA-CF-A47V-01A-11D-A23U-08	1	9	94	0	13	11	2
TCGA-CF-A47W-01A-11D-A23U-08	0	4	0	4	11	14	3
TCGA-CF-A47X-01A-31D-A23U-08	155	109	98	0	31	0	7
TCGA-CF-A47Y-01A-11D-A23U-08	21	1	23	13	6	12	4
TCGA-CF-A5U8-01A-11D-A289-08	0	3	7	23	17	17	5
TCGA-CF-A5UA-01A-11D-A289-08	22	0	0	0	48	14	10
TCGA-CF-A7I0-01A-22D-A34U-08	4	14	24	6	12	6	2
TCGA-CF-A8HX-01A-11D-A364-08	21	30	0	0	10	14	6
TCGA-CF-A8HY-01A-11D-A364-08	0	0	42	0	14	34	5
TCGA-CF-A9FF-01A-11D-A38G-08	63	66	0	11	16	6	5
TCGA-CF-A9FH-01A-11D-A38G-08	1	1	0	5	18	6	10
TCGA-CF-A9FL-01A-11D-A38G-08	0	3	0	8	19	25	8
TCGA-CF-A9FM-01A-11D-A38G-08	0	0	0	15	7	7	0
TCGA-CU-A0YN-01A-21D-A10S-08	1	17	13	78	35	58	0
TCGA-CU-A0YO-01A-11D-A10S-08	23	24	9	13	31	7	7
TCGA-CU-A0YR-01A-12D-A10S-08	6	15	0	99	21	34	1
TCGA-CU-A3KJ-01A-11D-A21A-08	131	55	0	35	31	26	3
TCGA-CU-A3QU-01A-11D-A22Z-08	37	32	0	17	23	8	12
TCGA-CU-A3YL-01A-11D-A22Z-08	152	88	0	4	23	3	11
TCGA-CU-A5W6-01A-11D-A289-08	38	73	129	0	17	0	3
TCGA-CU-A72E-01A-12D-A339-08	52	27	0	12	24	7	0
TCGA-DK-A1A3-01A-11D-A13W-08	206	365	35	92	12	29	12
TCGA-DK-A1A5-01A-11D-A13W-08	168	100	0	16	19	2	10
TCGA-DK-A1A6-01A-11D-A13W-08	98	27	114	7	0	38	0
TCGA-DK-A1A7-01A-11D-A13W-08	2	28	37	122	47	28	0
TCGA-DK-A1AA-01A-11D-A13W-08	9	9	0	38	10	29	7
TCGA-DK-A1AB-01A-11D-A13W-08	95	77	71	0	1	0	0
TCGA-DK-A1AC-01A-11D-A13W-08	340	1222	304	0	0	0	36
TCGA-DK-A1AD-01A-11D-A13W-08	74	55	25	62	26	32	15
TCGA-DK-A1AE-01A-11D-A13W-08	25	33	59	0	15	9	1
TCGA-DK-A1AF-01A-11D-A13W-08	61	32	2	7	0	9	4
TCGA-DK-A1AG-01A-11D-A13W-08	53	41	44	0	20	0	11
TCGA-DK-A2HX-01A-12D-A18F-08	0	34	70	0	19	1	6
TCGA-DK-A2I1-01A-11D-A17V-08	97	59	61	0	9	0	12
TCGA-DK-A2I2-01A-11D-A17V-08	7	30	32	32	10	0	0
TCGA-DK-A2I4-01A-11D-A21A-08	438	559	95	0	7	0	25
TCGA-DK-A2I6-01A-12D-A18F-08	49	111	0	126	15	44	20
TCGA-DK-A3IK-01A-32D-A21A-08	56	12	79	0	35	56	15
TCGA-DK-A3IL-01A-11D-A20D-08	18	6	0	35	26	108	24
TCGA-DK-A3IM-01A-11D-A20D-08	0	4	5	25	36	30	1
TCGA-DK-A3IN-01A-11D-A20D-08	231	154	13	19	18	19	8
TCGA-DK-A3IQ-01A-31D-A20D-08	29	56	111	0	13	0	10
TCGA-DK-A3IS-01A-21D-A21A-08	132	145	124	0	23	0	4
TCGA-DK-A3IT-01A-31D-A20D-08	267	72	151	0	0	4	8
TCGA-DK-A3IU-01A-11D-A20D-08	132	188	148	2	11	23	4
TCGA-DK-A3IV-01A-22D-A21A-08	20	25	2	16	12	9	5
TCGA-DK-A3WW-01A-22D-A23M-08	643	567	261	0	0	0	62
TCGA-DK-A3WX-01A-22D-A22Z-08	0	13	13	2	20	5	0
TCGA-DK-A3WY-01A-11D-A22Z-08	7	5	6	0	1	0	0
TCGA-DK-A3X1-01A-12D-A22Z-08	355	421	244	0	0	0	97
TCGA-DK-A3X2-01A-11D-A22Z-08	15	18	31	9	55	17	2
TCGA-DK-A6AV-01A-12D-A30E-08	13	38	59	0	19	17	9
TCGA-DK-A6AW-01A-11D-A30E-08	0	9	0	21	16	0	4920
TCGA-DK-A6B0-01A-11D-A31L-08	0	0	7	9	6	3	0
TCGA-DK-A6B1-01A-12D-A30E-08	19	53	28	26	42	4	8
TCGA-DK-A6B2-01A-11D-A30E-08	18	29	87	22	44	32	12
TCGA-DK-A6B5-01A-11D-A31L-08	52	45	20	19	5	28	0
TCGA-DK-A6B6-01A-11D-A30E-08	274	762	239	0	0	0	0
TCGA-DK-AA6L-01A-11D-A391-08	201	107	135	0	7	5	0
TCGA-DK-AA6M-01A-11D-A391-08	8	16	0	0	33	17	12
TCGA-DK-AA6P-01A-11D-A391-08	38	66	74	13	5	17	6
TCGA-DK-AA6Q-01A-11D-A391-08	56	29	5	14	12	24	5
TCGA-DK-AA6R-01A-11D-A42E-08	32	45	107	0	14	200	15
TCGA-DK-AA6S-01A-21D-A391-08	349	187	90	0	0	60	0
TCGA-DK-AA6T-01A-11D-A391-08	23	0	0	18	23	7	12
TCGA-DK-AA6U-01A-11D-A391-08	138	112	0	16	33	217	18
TCGA-DK-AA6W-01A-12D-A391-08	77	71	116	0	45	0	1
TCGA-DK-AA6X-01A-12D-A42E-08	42	20	47	0	9	0	9
TCGA-DK-AA71-01A-31D-A391-08	247	263	325	0	0	0	0
TCGA-DK-AA74-01A-11D-A391-08	84	45	108	0	3	0	7
TCGA-DK-AA75-01A-11D-A391-08	130	323	6	47	32	32	65
TCGA-DK-AA76-01A-11D-A391-08	48	51	118	0	15	38	22
TCGA-DK-AA77-01A-11D-A391-08	42	81	27	48	56	222	3
TCGA-E5-A2PC-01A-11D-A202-08	0	50	91	59	17	66	13
TCGA-E5-A4TZ-01A-11D-A31L-08	190	77	220	0	89	0	2
TCGA-E5-A4U1-01A-11D-A31L-08	291	186	238	0	10	9	14
TCGA-E7-A3X6-01A-12D-A22Z-08	28	30	48	0	10	0	0
TCGA-E7-A3Y1-01A-11D-A22Z-08	0	9	27	68	40	49	1
TCGA-E7-A4IJ-01A-31D-A26M-08	149	94	45	28	6	89	27
TCGA-E7-A4XJ-01A-11D-A26M-08	0	3	0	4	34	4	5
TCGA-E7-A519-01A-11D-A26M-08	10	11	2	48	12	0	1
TCGA-E7-A541-01A-11D-A26M-08	178	127	27	138	36	38	4
TCGA-E7-A5KE-01A-11D-A289-08	19	63	57	38	60	35	11
TCGA-E7-A5KF-01A-11D-A289-08	71	86	100	0	0	0	7
TCGA-E7-A677-01A-11D-A30E-08	19	23	0	106	42	84	13
TCGA-E7-A678-01A-11D-A30E-08	0	0	11	26	20	7	1
TCGA-E7-A6MD-01A-41D-A34U-08	194	163	170	0	32	0	19
TCGA-E7-A6ME-01A-22D-A32B-08	16	0	0	77	21	42	1
TCGA-E7-A6MF-01A-12D-A32B-08	10	16	32	0	0	0	0
TCGA-E7-A7DU-01A-11D-A32B-08	56	104	171	0	0	0	6
TCGA-E7-A7DV-01A-11D-A339-08	162	33	124	0	5	0	14
TCGA-E7-A7PW-01A-11D-A34U-08	26	28	0	0	15	29	8
TCGA-E7-A7XN-01A-11D-A34U-08	776	350	0	18	0	0	0
TCGA-E7-A85H-01A-11D-A34U-08	28	56	13	262	56	91	11
TCGA-E7-A8O7-01A-11D-A364-08	8	4	0	6	14	6	2
TCGA-E7-A8O8-01A-11D-A364-08	0	15	42	22	46	20	4
TCGA-E7-A97P-01A-11D-A38G-08	6	7	69	96	22	36	9
TCGA-E7-A97Q-01A-11D-A38G-08	12	9	4	21	12	8	3
TCGA-FD-A3B3-01A-12D-A202-08	39	36	71	3	25	12	7
TCGA-FD-A3B4-01A-12D-A202-08	3	0	0	0	15	54	20
TCGA-FD-A3B5-01A-11D-A20D-08	32	25	83	0	15	2	18
TCGA-FD-A3B6-01A-21D-A20D-08	66	43	174	0	14	9	8
TCGA-FD-A3B7-01A-31D-A20D-08	14	1	0	31	21	5	2
TCGA-FD-A3B8-01A-31D-A20D-08	6	3	23	0	1	0	2
TCGA-FD-A3N5-01A-11D-A21A-08	12	20	1	203	35	133	12
TCGA-FD-A3N6-01A-11D-A21A-08	11	30	13	0	50	8	27
TCGA-FD-A3NA-01A-11D-A21A-08	98	68	0	15	11	12	1
TCGA-FD-A3SJ-01A-12D-A22Z-08	75	35	90	43	27	33	0
TCGA-FD-A3SL-01A-21D-A22Z-08	40	7	58	68	34	58	20
TCGA-FD-A3SM-01A-11D-A22Z-08	67	44	91	0	20	0	0
TCGA-FD-A3SN-01A-12D-A22Z-08	91	298	0	48	28	29	40
TCGA-FD-A3SO-01A-11D-A22Z-08	215	199	0	12	14	6	18
TCGA-FD-A3SP-01A-31D-A22Z-08	15	32	57	0	34	0	7
TCGA-FD-A3SQ-01A-21D-A22Z-08	0	16	29	7	31	1	8
TCGA-FD-A3SR-01A-11D-A22Z-08	37	16	51	6	28	12	19
TCGA-FD-A3SS-01A-12D-A22Z-08	174	273	115	0	0	0	53
TCGA-FD-A43N-01A-11D-A23U-08	43	2	96	0	70	9	3
TCGA-FD-A43P-01A-31D-A23U-08	122	65	264	0	20	10	21
TCGA-FD-A43S-01A-21D-A23U-08	0	0	0	1	0	0	0
TCGA-FD-A43U-01A-11D-A23U-08	0	13	1	17	33	24	5
TCGA-FD-A43X-01A-11D-A23U-08	105	91	175	0	22	0	7
TCGA-FD-A43Y-01A-21D-A26M-08	0	3	12	32	11	21	0
TCGA-FD-A5BR-01A-11D-A26M-08	4	6	2	8	34	42	6
TCGA-FD-A5BS-01A-21D-A26M-08	4	15	2	5	1	4	4
TCGA-FD-A5BT-01A-11D-A26M-08	73	21	13	26	24	0	11
TCGA-FD-A5BU-01A-31D-A26M-08	2	2	15	4	32	24	0
TCGA-FD-A5BV-01A-11D-A26M-08	14	2	5	25	29	73	0
TCGA-FD-A5BX-01A-11D-A26M-08	105	104	212	0	0	0	4
TCGA-FD-A5BY-01A-31D-A289-08	1	9	27	0	17	5	2
TCGA-FD-A5BZ-01A-11D-A289-08	44	28	0	7	31	34	20
TCGA-FD-A5C0-01A-11D-A289-08	11	21	0	57	40	26	3
TCGA-FD-A5C1-01A-11D-A289-08	35	20	75	0	45	0	3
TCGA-FD-A62N-01A-11D-A30E-08	0	6	18	22	12	42	12
TCGA-FD-A62O-01A-11D-A30E-08	88	61	0	11	38	0	27
TCGA-FD-A62P-01A-32D-A30E-08	181	113	123	0	26	0	21
TCGA-FD-A62S-01A-11D-A30E-08	2	4	0	24	25	32	0
TCGA-FD-A6TA-01A-12D-A339-08	127	74	110	0	0	0	5
TCGA-FD-A6TB-01A-12D-A339-08	81	35	90	0	6	0	11
TCGA-FD-A6TC-01A-21D-A339-08	494	351	313	0	0	0	28
TCGA-FD-A6TD-01A-51D-A339-08	7	44	83	0	23	3	0
TCGA-FD-A6TE-01A-12D-A339-08	94	68	116	0	8	0	4
TCGA-FD-A6TF-01A-52D-A32B-08	44	17	90	0	22	8	0
TCGA-FD-A6TG-01A-11D-A32B-08	59	53	281	10	8	53	10
TCGA-FD-A6TH-01A-11D-A32B-08	57	56	0	27	33	23	9
TCGA-FD-A6TI-01A-11D-A32B-08	0	4	18	25	46	36	18
TCGA-FD-A6TK-01A-42D-A339-08	24	34	6	28	19	16	0
TCGA-FJ-A3Z7-01A-12D-A23M-08	171	131	7	18	31	51	0
TCGA-FJ-A3Z9-01A-11D-A26M-08	10	8	0	0	52	4	8
TCGA-FJ-A3ZE-01A-11D-A23M-08	46	4	0	35	25	384	44
TCGA-FJ-A3ZF-01A-11D-A23M-08	32	75	147	0	36	26	9
TCGA-FJ-A871-01A-11D-A34U-08	2	2	1	31	25	0	0
TCGA-FT-A3EE-01A-11D-A202-08	9	37	0	43	31	26	8
TCGA-FT-A61P-01A-11D-A30E-08	18	33	35	61	31	17	9
TCGA-G2-A2EC-01A-11D-A17V-08	71	50	32	17	15	9	11
TCGA-G2-A2EF-01A-12D-A18F-08	102	99	104	0	10	0	0
TCGA-G2-A2EJ-01A-11D-A17V-08	187	62	0	10	35	50	10
TCGA-G2-A2EK-01A-22D-A18F-08	3	4	45	0	24	0	0
TCGA-G2-A2EL-01A-12D-A18F-08	133	49	91	0	17	0	11
TCGA-G2-A2EO-01A-11D-A17V-08	497	354	238	0	0	0	0
TCGA-G2-A2ES-01A-11D-A17V-08	14	154	117	117	20	78	24
TCGA-G2-A3IB-01A-11D-A20D-08	2	18	22	0	3	62	12
TCGA-G2-A3IE-01A-11D-A20D-08	131	104	192	0	3	0	4
TCGA-G2-A3VY-01A-11D-A22Z-08	378	73	478	0	0	0	0
TCGA-G2-AA3B-01A-11D-A391-08	492	140	248	0	0	0	8
TCGA-G2-AA3C-01A-21D-A391-08	118	67	58	0	29	18	2
TCGA-G2-AA3D-01A-11D-A391-08	131	38	96	0	0	0	0
TCGA-G2-AA3F-01A-12D-A42E-08	6	14	94	6	21	18	4
TCGA-GC-A3BM-01A-11D-A22Z-08	24	28	0	19	64	1	10
TCGA-GC-A3I6-01A-11D-A20D-08	38	66	124	0	4	2	0
TCGA-GC-A3OO-01A-11D-A22Z-08	27	84	48	0	0	12	0
TCGA-GC-A3RB-01A-12D-A21Z-08	26	40	107	0	34	0	2
TCGA-GC-A3RC-01A-11D-A22Z-08	92	118	0	150	17	70	26
TCGA-GC-A3RD-01A-12D-A22Z-08	27	23	0	1	26	25	0
TCGA-GC-A3WC-01A-31D-A22Z-08	57	38	0	49	26	20	5
TCGA-GC-A3YS-01A-11D-A23M-08	105	66	53	15	34	16	16
TCGA-GC-A4ZW-01A-11D-A26M-08	558	159	0	74	24	4	9
TCGA-GC-A6I1-01A-12D-A31L-08	135	103	0	20	20	15	0
TCGA-GC-A6I3-01A-11D-A31L-08	100	32	60	26	29	35	13
TCGA-GD-A2C5-01A-12D-A17V-08	132	72	16	26	26	23	24
TCGA-GD-A3OP-01A-21D-A21Z-08	62	137	183	0	20	20	0
TCGA-GD-A3OQ-01A-32D-A21Z-08	30	16	38	0	27	0	5
TCGA-GD-A3OS-01A-12D-A21Z-08	3	20	27	6	38	21	0
TCGA-GD-A6C6-01A-21D-A31L-08	151	84	24	19	26	35	8
TCGA-GD-A76B-01A-11D-A32B-08	36	45	100	0	21	2	9
TCGA-GU-A42P-01A-11D-A23U-08	118	118	0	23	25	39	22
TCGA-GU-A42Q-01A-11D-A23U-08	94	38	22	16	25	9	18
TCGA-GU-A42R-01A-11D-A23M-08	30	38	128	0	11	0	5
TCGA-GU-A762-01A-11D-A339-08	10	2	54	0	31	9	6
TCGA-GU-A763-01A-11D-A32B-08	10	0	29	3	14	24	0
TCGA-GU-A764-01A-11D-A34U-08	27	29	34	3	9	28	6
TCGA-GU-A766-01A-11D-A32B-08	114	78	16	6	4	8	12
TCGA-GU-A767-01A-11D-A32B-08	133	42	0	58	12	197	30
TCGA-GU-AATO-01A-11D-A391-08	111	105	167	0	4	0	0
TCGA-GU-AATP-01A-11D-A391-08	96	124	129	0	19	15	14
TCGA-GU-AATQ-01A-11D-A391-08	101	28	0	44	14	22	2
TCGA-GV-A3JV-01A-11D-A21Z-08	17	22	0	1	94	0	9
TCGA-GV-A3JW-01A-11D-A20D-08	15	9	43	0	21	6	6
TCGA-GV-A3JX-01A-11D-A20D-08	111	42	153	0	9	0	12
TCGA-GV-A3JZ-01A-11D-A21A-08	267	137	0	0	27	46	68
TCGA-GV-A3QF-01A-31D-A22Z-08	0	9	39	32	30	48	2
TCGA-GV-A3QG-01A-11D-A21Z-08	6	10	31	15	24	22	0
TCGA-GV-A3QH-01A-11D-A21Z-08	35	6	119	0	36	0	0
TCGA-GV-A3QI-01A-11D-A21Z-08	42	44	126	139	34	183	6
TCGA-GV-A3QK-01B-11D-A23M-08	15	33	69	4	39	10	12
TCGA-GV-A40E-01A-12D-A23M-08	78	0	83	4	25	8	4
TCGA-GV-A40G-01A-11D-A23M-08	0	37	60	9	60	22	2
TCGA-GV-A6ZA-01A-12D-A339-08	190	94	0	29	30	0	18
TCGA-H4-A2HO-01A-11D-A17V-08	7	12	34	9	38	3	0
TCGA-H4-A2HQ-01A-11D-A17V-08	222	137	16	82	7	70	18
TCGA-HQ-A2OE-01A-11D-A202-08	35	27	44	18	27	21	6
TCGA-HQ-A2OF-01A-11D-A26M-08	6	13	0	0	104	1	6
TCGA-HQ-A5ND-01A-11D-A26M-08	14	12	0	23	30	17	12
TCGA-HQ-A5NE-01A-12D-A289-08	137	135	166	0	9	0	6
TCGA-K4-A3WS-01A-11D-A22Z-08	78	49	108	20	0	94	3
TCGA-K4-A3WU-01B-11D-A23M-08	100	25	10	14	50	11	16
TCGA-K4-A3WV-01A-11D-A22Z-08	0	7	6	20	36	1	6
TCGA-K4-A4AB-01B-12D-A289-08	0	12	43	13	37	15	2
TCGA-K4-A4AC-01A-21D-A26M-08	48	32	0	22	34	27	20
TCGA-K4-A54R-01A-11D-A26M-08	623	412	92	0	0	0	52
TCGA-K4-A5RH-01A-11D-A30E-08	35	83	37	13	14	16	14
TCGA-K4-A5RI-01A-11D-A289-08	14	18	47	26	39	17	6
TCGA-K4-A5RJ-01A-11D-A289-08	114	111	242	0	0	0	3
TCGA-K4-A6FZ-01A-11D-A31L-08	45	90	191	169	0	0	0
TCGA-K4-A6MB-01A-11D-A31L-08	78	97	212	0	29	0	0
TCGA-K4-A83P-01A-11D-A34U-08	100	76	0	90	24	0	4
TCGA-K4-AAQO-01A-11D-A38G-08	96	59	34	43	31	38	0
TCGA-KQ-A41N-01A-11D-A339-08	29	36	0	104	20	54	15
TCGA-KQ-A41O-01A-12D-A34U-08	155	32	65	0	40	2	13
TCGA-KQ-A41P-01A-12D-A339-08	196	121	4	24	21	0	21
TCGA-KQ-A41Q-01A-11D-A339-08	27	26	80	0	35	0	19
TCGA-KQ-A41R-01A-21D-A34U-08	56	429	130	201	66	87	16
TCGA-KQ-A41S-01A-12D-A339-08	139	88	4	15	15	8	10
TCGA-LC-A66R-01A-41D-A30E-08	59	26	0	28	21	3	23
TCGA-LT-A5Z6-01A-11D-A289-08	210	215	252	0	0	0	0
TCGA-LT-A8JT-01A-11D-A364-08	21	20	0	9	24	10	6
TCGA-MV-A51V-01A-11D-A26M-08	1294	185	522	0	0	0	54
TCGA-PQ-A6FI-01A-11D-A31L-08	63	32	0	39	27	15	10
TCGA-PQ-A6FN-01A-11D-A31L-08	19	22	0	9	17	29	1
TCGA-R3-A69X-01A-22D-A30E-08	142	44	45	3	21	0	5
TCGA-S5-A6DX-01A-11D-A31L-08	424	239	79	0	36	9	48
TCGA-S5-AA26-01A-11D-A38G-08	170	68	0	0	32	7	7
TCGA-SY-A9G0-01A-12D-A38G-08	11	4	27	0	21	0	1
TCGA-SY-A9G5-01A-11D-A38G-08	507	321	393	0	0	0	0
TCGA-UY-A78K-01A-11D-A339-08	169	74	134	371	3	201	51
TCGA-UY-A78L-01A-12D-A339-08	117	88	0	17	12	23	5
TCGA-UY-A78M-01A-21D-A34U-08	13	26	87	0	36	0	0
TCGA-UY-A78N-01A-12D-A339-08	0	28	0	161	40	39	7
TCGA-UY-A78O-01A-12D-A339-08	48	22	83	0	57	0	11
TCGA-UY-A78P-01A-12D-A364-08	229	88	0	8	13	3	10
TCGA-UY-A8OB-01A-12D-A42E-08	81	7	0	279	7	1	18
TCGA-UY-A8OC-01A-11D-A364-08	39	35	0	12	22	0	8
TCGA-UY-A8OD-01A-11D-A364-08	23	22	0	20	33	15	0
TCGA-UY-A9PA-01A-11D-A38G-08	27	31	0	77	20	46	0
TCGA-UY-A9PB-01A-11D-A38G-08	161	142	196	117	43	82	0
TCGA-UY-A9PD-01A-11D-A38G-08	18	58	95	74	62	59	6
TCGA-UY-A9PE-01A-11D-A38G-08	78	49	21	0	28	60	23
TCGA-UY-A9PF-01A-11D-A38G-08	0	463	74	36	13	28	15
TCGA-UY-A9PH-01A-11D-A38G-08	172	165	88	0	20	0	23
TCGA-XF-A8HB-01A-11D-A364-08	21	0	0	6	43	5	18
TCGA-XF-A8HC-01A-11D-A364-08	34	83	8	5	37	27	0
TCGA-XF-A8HD-01A-11D-A364-08	245	102	191	0	19	0	30
TCGA-XF-A8HE-01A-11D-A364-08	230	219	0	12	0	16	13
TCGA-XF-A8HF-01A-11D-A364-08	3	14	69	18	13	63	5
TCGA-XF-A8HG-01A-11D-A364-08	69	93	0	83	64	36	2
TCGA-XF-A8HH-01A-11D-A38G-08	56	38	0	0	33	3	14
TCGA-XF-A8HI-01A-11D-A38G-08	24	29	30	0	13	0	0
TCGA-XF-A9SG-01A-12D-A42E-08	49	75	82	0	19	0	7
TCGA-XF-A9SH-01A-11D-A391-08	4	2	34	0	12	0	1
TCGA-XF-A9SI-01A-11D-A391-08	152	95	170	0	0	0	0
TCGA-XF-A9SJ-01A-11D-A391-08	98	172	4	51	20	8	0
TCGA-XF-A9SK-01A-11D-A42E-08	38	27	89	0	14	0	15
TCGA-XF-A9SL-01A-11D-A391-08	58	5	10	18	0	1	0
TCGA-XF-A9SM-01A-11D-A42E-08	116	84	90	0	0	0	0
TCGA-XF-A9SP-01A-11D-A391-08	112	63	106	4	39	18	28
TCGA-XF-A9ST-01A-11D-A42E-08	119	71	246	125	16	72	21
TCGA-XF-A9SU-01A-31D-A391-08	7	4	0	14	28	0	8
TCGA-XF-A9SV-01A-21D-A42E-08	13	9	0	15	26	20	7
TCGA-XF-A9SW-01A-11D-A42E-08	0	21	28	0	17	7	5
TCGA-XF-A9SX-01A-21D-A391-08	11	12	5	55	15	27	5
TCGA-XF-A9SY-01A-21D-A42E-08	107	34	66	0	0	256	45
TCGA-XF-A9SZ-01A-11D-A391-08	68	62	0	36	16	47	5
TCGA-XF-A9T0-01A-11D-A391-08	75	623	0	198	36	88	23
TCGA-XF-A9T2-01A-11D-A42E-08	13	19	57	0	13	0	0
TCGA-XF-A9T3-01A-11D-A42E-08	26	43	31	327	28	48	13
TCGA-XF-A9T4-01A-11D-A391-08	0	4	27	0	15	0	1
TCGA-XF-A9T5-01A-11D-A42E-08	396	257	207	0	0	0	0
TCGA-XF-A9T6-01A-11D-A42E-08	3	108	0	134	34	62	25
TCGA-XF-A9T8-01A-11D-A391-08	540	223	119	0	17	0	0
TCGA-XF-AAME-01A-12D-A42E-08	0	0	0	12	1	7	0
TCGA-XF-AAMF-01A-21D-A42E-08	36	21	0	3	19	8	3
TCGA-XF-AAMG-01A-11D-A42E-08	468	170	477	0	27	0	61
TCGA-XF-AAMH-01A-11D-A42E-08	0	2	7	17	27	13	2
TCGA-XF-AAMJ-01A-11D-A42E-08	3	0	0	0	34	8	1
TCGA-XF-AAML-01A-11D-A42E-08	162	231	196	0	6	0	36
TCGA-XF-AAMQ-01A-11D-A42E-08	77	65	98	0	16	0	9
TCGA-XF-AAMR-01A-31D-A42E-08	35	43	0	6	16	9	6
TCGA-XF-AAMT-01A-11D-A42E-08	17	0	41	0	12	42	8
TCGA-XF-AAMW-01A-11D-A42E-08	0	0	2	16	2	18	5
TCGA-XF-AAMX-01A-11D-A42E-08	86	42	94	32	31	94	23
TCGA-XF-AAMY-01A-11D-A42E-08	38	34	38	0	32	0	0
TCGA-XF-AAMZ-01A-11D-A42E-08	142	34	26	0	56	32	19
TCGA-XF-AAN0-01A-11D-A42E-08	180	121	167	0	5	0	21
TCGA-XF-AAN1-01A-31D-A42E-08	0	2	47	20	35	0	4
TCGA-XF-AAN2-01A-11D-A42E-08	237	180	165	0	0	0	2
TCGA-XF-AAN3-01A-11D-A42E-08	94	63	0	16	15	2	5
TCGA-XF-AAN4-01A-11D-A42E-08	17	0	3	15	2	0	1
TCGA-XF-AAN5-01A-11D-A42E-08	211	30	85	0	25	13	15
TCGA-XF-AAN7-01A-11D-A42E-08	0	23	17	53	45	32	0
TCGA-XF-AAN8-01A-11D-A42E-08	0	0	0	0	1	1	0
TCGA-YC-A89H-01A-11D-A364-08	54	1756	0	207	70	76	12
TCGA-YC-A8S6-01A-31D-A38G-08	31	13	53	0	10	0	13
TCGA-YC-A9TC-01A-22D-A391-08	36	13	42	0	23	14	4
TCGA-YF-AA3L-01A-11D-A38G-08	8	14	171	83	36	65	9
TCGA-YF-AA3M-01A-11D-A42E-08	32	25	0	72	45	32	0
TCGA-ZF-A9R0-01A-11D-A38G-08	121	58	30	0	25	0	7
TCGA-ZF-A9R1-01A-11D-A391-08	40	24	0	3	34	10	1
TCGA-ZF-A9R2-01A-11D-A391-08	71	25	4	40	10	24	0
TCGA-ZF-A9R3-01A-11D-A38G-08	24	13	33	0	29	3	4
TCGA-ZF-A9R4-01A-11D-A38G-08	48	68	176	0	6	0	0
TCGA-ZF-A9R5-01A-12D-A42E-08	2	0	0	49	35	21	6
TCGA-ZF-A9R7-01A-11D-A38G-08	564	248	0	0	36	0	28
TCGA-ZF-A9R9-01A-11D-A38G-08	63	63	53	8	37	0	16
TCGA-ZF-A9RC-01A-11D-A38G-08	101	766	137	240	9	0	0
TCGA-ZF-A9RD-01A-11D-A42E-08	71	51	35	7	18	29	8
TCGA-ZF-A9RE-01A-11D-A38G-08	4	0	0	8	36	13	10
TCGA-ZF-A9RF-01A-11D-A38G-08	36	30	154	9	27	29	10
TCGA-ZF-A9RG-01A-21D-A42E-08	73	146	68	4	0	0	11
TCGA-ZF-A9RL-01A-11D-A38G-08	162	16	45	36	36	77	24
TCGA-ZF-A9RM-01A-11D-A38G-08	0	7	9	39	20	24	3
TCGA-ZF-A9RN-01A-11D-A42E-08	78	19	43	9	31	48	14
TCGA-ZF-AA4N-01A-11D-A38G-08	45	44	41	15	16	23	11
TCGA-ZF-AA4R-01A-11D-A38G-08	12	7	29	0	8	14	0
TCGA-ZF-AA4T-01A-11D-A38G-08	0	13	15	24	34	34	0
TCGA-ZF-AA4U-01A-11D-A38G-08	0	3	10	26	33	9	0
TCGA-ZF-AA4V-01A-11D-A38G-08	130	336	174	191	16	22	8
TCGA-ZF-AA4W-01A-12D-A38G-08	95	15	159	1	153	131	33
TCGA-ZF-AA4X-01A-11D-A38G-08	295	314	160	0	0	0	15
TCGA-ZF-AA51-01A-21D-A391-08	485	168	106	20	11	35	0
TCGA-ZF-AA52-01A-12D-A391-08	39	54	0	22	18	0	19
TCGA-ZF-AA53-01A-11D-A391-08	138	47	15	0	8	0	0
TCGA-ZF-AA54-01A-11D-A391-08	60	28	116	0	7	0	0
TCGA-ZF-AA56-01A-31D-A391-08	60	16	0	0	24	17	3
TCGA-ZF-AA58-01A-12D-A42E-08	78	41	53	45	8	46	0
TCGA-ZF-AA5H-01A-11D-A391-08	4	16	26	3	25	4	0
TCGA-ZF-AA5N-01A-11D-A42E-08	11	3	0	19	18	7	3
TCGA-ZF-AA5P-01A-11D-A391-08	9	0	28	0	8	0	7
