MutationType	SBS96A	SBS96B	SBS96C	SBS96D	SBS96E	SBS96F	SBS96G	SBS96H
A[C>A]A	0.0005363399746885307	0.0030946829110800006	0.01603823632173446	0.005066466512470003	9.934938142839656e-05	0.00033783638949931214	0.03760063303168863	0.0023450578566988727
A[C>A]C	0.0009466883551192087	0.0032175419277755283	0.015510715552581931	0.010463258498176862	0.0012974671116349518	0.001291384521209693	0.04494554870668799	0.0011351946313238484
A[C>A]G	0.00017602834135411005	0.0011490012303745356	0.0056915180823339144	0.003800231717539674	0.00012754632739666504	0.000545900452022579	0.012171382479588032	0.0009920375675162702
A[C>A]T	6.37194403181951e-05	0.0015579183218093248	0.011030629165255202	0.002504157586914108	0.00172135394988436	0.0075442620683461425	0.028977197347790935	0.001474015709450441
A[C>G]A	0.00047683049525912936	0.007299511901182939	0.016354177303387667	0.000621741509261837	0.0005236099122465702	0.0009285221944010118	0.010006363160324546	0.0018680216601632295
A[C>G]C	0.0006493545362097268	0.005769246464787849	0.013839041461372431	0.0010310600665155022	0.0003759986331018759	0.0001047899774134038	0.012274566273095082	0.003577782423553433
A[C>G]G	7.51167967666504e-05	0.0038672240840875245	0.009836542896833231	0.000401871396062971	0.0003996351278899386	0.00013611315845360393	0.0061994296193038055	4.0779443636241225e-05
A[C>G]T	0.0003801550620701164	0.008274030938128476	0.020428407924481584	2.780674422226781e-05	0.000919843484631258	0.0001079072359281259	0.007736329804097542	0.002600909010861642
A[C>T]A	0.004182596409991612	0.0032365819849447695	0.006359077164241205	0.007772475186836344	0.012890523904177826	0.000602479419107651	0.003985835596808727	0.07088498703716323
A[C>T]C	0.0003563883540801348	0.0015812826212814731	0.005524719612236673	0.005717324130435955	0.016483595448393316	0.004180909503484146	0.0009446126887276946	0.06217743673967197
A[C>T]G	0.0011040081694412365	0.010414645390570043	0.012133241930410417	0.23946863954449646	0.046471972206268336	0.018769409440923483	0.007881478537928609	0.005184226673558942
A[C>T]T	0.00038100556418920226	0.0019946583511784156	0.0025595967649586627	0.0009145856825414522	0.0034045223885181314	0.005171227685291058	0.0007067702790883317	0.0719338294447225
A[T>A]A	6.790353492293378e-05	0.0012083732323451386	0.00919466829635146	0.0017629395159909397	0.0030547571987549417	0.0007916856861684209	0.0034549418805660823	0.0005927221293649225
A[T>A]C	0.000806126695568123	0.0014186538220263855	0.00903085343092555	0.008281481461053088	0.0044027271843436475	0.00018253868868680457	0.009327366992796795	0.0011256927033089141
A[T>A]G	0.0008161678960877818	0.0012760889767770242	0.01401590461954389	0.00601435402143497	0.0005484679170911875	5.75092160714874e-06	0.012442587581090934	0.002741766319347704
A[T>A]T	0.00020166807583518674	0.000899058648629967	0.011771810914346134	0.0025084167988573968	0.00942717457737308	0.0015782726774341428	0.001497827522645821	0.003864464974423754
A[T>C]A	0.0001808559446772156	0.0015149242009660276	0.014768185391489623	0.009968728038624483	0.02876508141378872	0.0009869039098023222	0.004517080234774767	0.003878204122745956
A[T>C]C	0.0001542482288394116	0.0019070308195164216	0.010743613921338824	0.0020158283323364126	0.018431267245104438	0.0023753299268378216	0.004554431896267204	0.0036429823351209053
A[T>C]G	0.00019370958310293673	0.0026874054703290256	0.014429697857546707	0.019847112104043843	0.03785488473623991	0.0004945154069433784	0.0044531964182160525	0.0007652375989612705
A[T>C]T	0.0004411496657857176	0.0025636775074884496	0.019892645733070737	0.024336914019542747	0.005480623213530635	0.0029781825215177376	0.005951959778134021	0.0014630662797874695
A[T>G]A	0.00022266579560519862	0.0005801258195470108	0.006317384404008024	0.0003986419875114182	0.00011958570175138239	0.0007015963637386449	0.002521930303329605	0.003525110392820807
A[T>G]C	5.703283285674843e-05	0.0011206969374718482	0.007994884177591898	0.001131249453631716	0.0013936506360641943	0.0019398497535948992	0.00237380306217058	0.0007255130414554287
A[T>G]G	6.67761787975305e-05	0.0012868826998469062	0.009264156679999474	0.0002650743387133896	0.0006077985293733547	0.00039733456889132413	0.0070882819030473315	0.0002915622876065909
A[T>G]T	0.0001299143355170459	0.0005442928525144097	0.00736956093533928	0.001314136018202002	0.0011950323702956504	0.005880958117103376	0.0033835935179614084	0.00028851158886428153
C[C>A]A	0.0004956053403398357	0.003474130893348928	0.004347148975260634	0.000595243674511039	0.010362051095813512	0.0027698874657507986	0.0663759685443838	0.0014991212280044265
C[C>A]C	0.00012063597268956983	0.0036211612479310133	0.008264868829091679	0.001942252273729346	0.021392281635664402	0.0010054593257018496	0.03705071399873123	0.0029356765286829615
C[C>A]G	0.0003771053636593892	0.0005691969777343071	0.0013592198769475131	0.001337632898595394	0.008265043287537991	0.0007154640809640114	0.026385151746682822	0.00013838227570522576
C[C>A]T	0.00016814408110482843	0.0015287514429245875	0.0013051822067228045	0.00018521963664014151	0.05769632960297167	0.011974907883442939	0.026323265673844163	0.001191225480549149
C[C>G]A	0.0011249228085267132	0.009913376130919605	0.015537090058600043	0.0004108609318240745	0.0001864416583736359	1.902068635484255e-09	0.008716863199986815	0.00030507631165616766
C[C>G]C	0.0004197342703203333	0.005502442043939062	0.01654359256123949	0.0015838635253634333	2.3403771010066523e-10	3.0484003739061906e-09	0.009774318535966017	0.00022811861852523263
C[C>G]G	9.199074753380902e-05	0.0035216892159609823	0.010531351272054302	0.0075949382882597545	0.00012985239936021757	0.00010216616994918722	0.0058406744818623865	0.0003584191434745141
C[C>G]T	0.0007200840267881052	0.012229510523020395	0.021623545003635815	0.000598588119966557	0.0003914502872953092	0.0001402421543438943	0.013399598294261097	0.00032402294042062785
C[C>T]A	0.014396675428891911	0.008038816342418476	0.012464006685494947	0.011104621914551985	0.0007130148106831845	7.266074626704722e-05	0.005996620928893719	0.08415058312634938
C[C>T]C	0.0017157060610989755	0.0029712383656915905	0.006456444600758045	0.008173250290234305	0.004201391849706217	0.0006979912900417275	0.00616007983149376	0.08710832980414852
C[C>T]G	0.010060334570473138	0.002911814089788529	0.007213426256512767	0.21396063022315503	0.02722492326109242	0.013972440680298405	0.00489066777693002	0.021435484685859808
C[C>T]T	0.0032573846285441164	0.005128023205221852	0.012003469852925604	0.00251462004063211	0.0023348308899870177	0.003938674466680766	0.002603431795150548	0.1150537174101919
C[T>A]A	5.963681926147402e-05	0.0009582804027608647	0.008756193062207988	0.00016966324906483215	0.0017015803150256944	1.5834242006462772e-10	0.002565440017512843	8.276685404707163e-05
C[T>A]C	0.00033793969835306824	0.0021280699066119463	0.017108523061380367	0.0005149785038325628	0.0038393518153898186	0.0004526350759618345	0.009244979784677015	0.001452260803162801
C[T>A]G	0.0006795067693761752	0.0022143489042100555	0.02607881373924613	0.0026039941473431217	0.0024548820314910244	9.351143775893433e-05	0.013634646529926556	0.0008970493390620504
C[T>A]T	8.889983813504898e-05	0.002818283245014996	0.015528401067694458	0.0015296412772316402	0.0013332027011792888	0.0007450490817427635	0.011490093746579916	0.0001996873245406796
C[T>C]A	0.00010252750664868041	0.0008450999760905775	0.006082231208350578	0.00010304045533081841	0.023555496380728357	7.167411908126485e-05	0.0024053520841423683	0.00010646094562454067
C[T>C]C	0.0004896136925288126	0.0019088148287599851	0.01879686988231049	0.0001535766488403636	0.02107207574544077	0.00012411005158079115	0.006774940153452221	0.0001940218281552859
C[T>C]G	0.00015653662177680694	0.002152558776801126	0.003976743106550708	0.00012864971987578192	0.06709877188331166	0.00024304551764014093	0.0003506285292945966	0.0002652856379064529
C[T>C]T	0.0002489416644396374	0.0023245219066745726	0.018261971501649002	0.0015613641893024459	0.019874255189904943	0.000887496546039503	0.004701012624876924	0.0035406182020087727
C[T>G]A	6.969694250894776e-06	0.0006627466595331502	0.004855419191505309	0.0008035718846451658	0.00017317358404486782	0.0013111233429762875	0.0026014561152599355	6.593052539409749e-05
C[T>G]C	0.00019847757960640293	0.001083505961658716	0.007513117472453303	0.0015118216691082154	0.006804142058361322	0.0010753124027032754	0.00550208044014196	0.00018430887024225483
C[T>G]G	1.4598026627936634e-06	0.003425280409539835	0.012133984960829671	0.00026037289730499656	0.006379776515997946	0.0021505403862803973	0.005478412101003041	0.00014811638480616195
C[T>G]T	2.8297877617717404e-05	0.0025059868130731036	0.0118369769858094	0.0015482190104231276	0.006396368704029783	0.008158435395918786	0.009763987289766076	0.0002537195739731928
G[C>A]A	0.0005808700129085249	0.0015421878265958026	0.011143436922653698	0.01013055394612791	1.4772287877491409e-05	0.0017272200109437108	0.04902571340151104	0.006048091092594405
G[C>A]C	4.081749620425512e-05	0.0011687255687794496	0.0017859626717260698	0.002631673351528301	0.0015090982779608665	0.002379817140521482	0.0676707661866676	0.0009065236370640264
G[C>A]G	8.535563898308141e-05	0.00013620385012975928	0.0010183234382764995	0.006933170640922895	0.00016214833028629577	0.00010042524879655091	0.022062470886856318	0.0005847032000252312
G[C>A]T	0.00029272849046547555	0.0011137159242512538	0.004975354805594259	0.0030125194773073945	0.004998351039248518	0.0069015676678245656	0.05372909586721744	0.002468668149620958
G[C>G]A	0.0010771657186916031	0.00360520825251665	0.013218873798146418	0.00028187895139808016	0.00013789402133679117	0.0001165088301442756	0.007921248066688357	0.00031955871162046856
G[C>G]C	0.00036197675952044504	0.0028804805807521356	0.016645628762967817	0.0007004657939496948	0.00459876598417759	6.540968459535179e-05	0.008153542602451182	0.0007115528303105236
G[C>G]G	0.0002979700190104035	0.0021004166515030064	0.00835847087757708	0.0004695558707723357	0.00027112859763697136	1.2270497675714865e-09	0.004251080549601262	0.0002613796524232086
G[C>G]T	0.000376547546739811	0.007247564218432881	0.015349217892817762	0.0015496488845552273	0.0009651256743187999	0.00010942748328708896	0.012976843176041022	0.00020185757349413792
G[C>T]A	0.002792765845798169	0.007705263713374734	0.0042315031272742425	0.005304952532743542	0.043767829506658015	0.0010883805086789762	0.0011725164324281672	0.07034936322271824
G[C>T]C	0.001847222910285418	0.0027842261398217127	0.0018803267328921579	0.002493144776862124	0.07284186193550989	0.013086617968712062	0.00045841692534919284	0.06735034146927955
G[C>T]G	0.0012365157852827645	0.007362715758624347	0.0020664529101273254	0.19988711603730916	0.08332182418701836	0.028997257551119218	0.0015552434298267363	0.014135996887030834
G[C>T]T	0.0006129576039279102	0.002295596327743027	0.0020401244481555443	0.0018887102996636082	0.0397283641202157	0.015028257364979538	0.00023837523043442133	0.07818233229452744
G[T>A]A	0.00044673495490068403	0.0011906589159338319	0.006942063036644924	0.0005241223241811355	0.0025029337841376105	3.89133063549707e-11	0.0020492684633721153	0.00014783262694052725
G[T>A]C	0.000973847708993162	0.0014906237949234118	0.010994370581698604	0.0016969928193225805	0.003767650711903116	0.00037628571068398743	0.003423442784744232	0.0011354442979249276
G[T>A]G	0.00019864888695161076	0.0009936052992180553	0.014781550883275022	0.00030743483538868356	0.001790489204592234	0.0	0.008993258023572762	0.0009703350807436663
G[T>A]T	0.00012878187731576058	0.0010295187748909764	0.00893350005155139	0.000912907429917908	0.0008622252829760554	0.000378431211415257	0.0054569324122245464	0.003981356194271939
G[T>C]A	2.8406860509750943e-06	0.001637522952220071	0.001709210737094085	2.144619652717239e-05	0.06015604347546855	0.004226479055758262	1.111148023229802e-05	0.0002461843584773222
G[T>C]C	5.016175723510319e-05	0.0015395409371372593	0.011050667136711866	0.001747445412453999	0.023458089446313352	0.0031837426773897734	0.005277758759810581	0.00014945579426421318
G[T>C]G	1.0827977298777796e-05	0.0014487192777176271	0.003826354465090089	6.000245754168177e-05	0.04650223705918483	0.002429999832545434	0.0003399757036789381	0.00020709675596887684
G[T>C]T	0.00025581683743200126	0.0016683582358506346	0.010503838757522034	0.0036150956515737494	0.03339763483876231	0.005494554021934164	0.004324396569531988	0.0021420436101861925
G[T>G]A	1.711796345255401e-05	0.0007305155667623957	0.0068201997679770655	0.00035069204526019603	8.102462357371731e-05	1.6366778927690006e-09	0.002121514754914066	0.0008115188635267145
G[T>G]C	2.5135343342060247e-05	0.0005130713951901385	0.007583637014275943	0.00024169466986826219	0.0018339490929261614	0.000979031485695714	0.004110319940756726	0.00026854271760510075
G[T>G]G	5.031195128515975e-05	0.0017987313981019497	0.01394583948837726	6.612698652187276e-05	0.0005287477372278815	0.00024388616093319121	0.005293509170134002	0.004773249661084265
G[T>G]T	9.251062861265425e-06	0.0005287269976948821	0.00811921356311668	8.948667867580088e-05	0.0036745695017692797	0.0017005266532558547	0.0012180067057096873	9.922511581689264e-05
T[C>A]A	0.019450779795240472	0.04047932686841818	0.00927599428120277	0.0012971602849937449	2.363396133932838e-05	0.03750644782558084	0.03523993270223889	0.002410909899916074
T[C>A]C	0.010361171664583686	0.017601154652464174	0.01011576043226532	0.009402160397981984	0.0014614251837010582	0.011774352293892093	0.06850542353838682	0.001644383727929707
T[C>A]G	0.006274547946763221	0.0021154134929584744	0.002193455648588619	0.005983628517885366	0.00017216475380730592	0.0032783244659658523	0.02154740657284856	0.0002828194153892749
T[C>A]T	0.00040067582873107733	0.019125575127074284	0.01913138764206702	2.2371929734532613e-08	3.95671999650929e-06	0.26595774120153476	0.0004653756094121705	0.0037909116328640542
T[C>G]A	0.031325414482792066	0.23076074495897506	0.02637845976261038	1.3148964032862854e-06	9.3389373706945e-05	6.840555117904046e-10	0.0014752462022784717	0.0038554339194410954
T[C>G]C	0.010818192955791995	0.08643959946408138	0.01883028346949545	0.00013535812548162978	3.4184584992118517e-06	0.00012837404831823207	0.010286569545911572	0.002019904256413021
T[C>G]G	0.0031703061991411154	0.024993455116975455	0.009129552948247781	0.00041525665919395926	0.00017612212616850174	1.374765250954351e-09	0.0034827291259251856	0.0010355239663298486
T[C>G]T	0.03789321111071083	0.3170838582598268	0.002000479234139797	2.6248003766517558e-05	0.0005508196246740851	3.8578320982196604e-10	0.002356868732671332	2.0481281191832676e-07
T[C>T]A	0.42167966370565774	0.03024447517557324	0.001166346870887443	0.001895915933576828	0.0028817706851442322	0.0016407169871066763	0.0012357823159463597	0.012669482969447206
T[C>T]C	0.10095741453706705	0.00814597056799866	0.025516814418156734	0.02441958384733112	7.361010002716748e-05	0.017993907350022504	0.012090892695138878	0.06919454839301517
T[C>T]G	0.0975628348656972	0.0010456399775915254	0.0037908550718839824	0.0742972913533328	0.004353994896082203	0.3673748915195465	1.3389752267016774e-06	0.0025131513132590298
T[C>T]T	0.198775336670052	0.002000733737819029	0.020804631716536293	0.0008159650021057918	4.725930244973142e-07	0.03249348592603116	0.0008474151548225117	0.05879807461532232
T[T>A]A	0.00010864512063497258	0.0007506055953986248	0.0077244924850253015	0.004733152948831787	0.001689108888666196	0.00024304718597613828	0.004046972567055093	0.0006032897269631547
T[T>A]C	0.0002112794587404677	0.0012448248629127105	0.01148992996628133	0.002624087075607065	0.0005358683249416436	0.0005705505412042839	0.00617037627407024	0.0006219729829624321
T[T>A]G	9.078827378359002e-05	0.0010005525100212226	0.012611230565398231	0.000288827648020499	0.00025202562347681836	0.00039416618689056546	0.004180501366517433	0.0007948837052817943
T[T>A]T	1.7252990857864247e-05	0.001478332506797301	0.013333312799070341	0.001508753594560046	0.000710092646352905	0.001439036570372992	0.0044975061068615214	0.0007329423480915435
T[T>C]A	8.973890333854854e-05	0.0009685494521493212	0.006536296405092675	0.00013900870361685947	0.017598934744599348	0.0021640307013585697	0.004049092152425007	0.002182136657754498
T[T>C]C	0.00044840484947852177	0.0015621987450784916	0.015036113186157309	0.0030330591148147903	0.015270570091430272	0.003851315876469016	0.0073269786147034215	0.0005744425880692786
T[T>C]G	9.286200234922327e-05	0.0008979678078896759	0.00443328201043532	0.0015265594732696488	0.021539306433871388	0.0016477995024906705	0.000933506232316709	0.000417136789896837
T[T>C]T	9.406510504176008e-05	0.0009241195853574888	0.014389474815882465	0.003962969404129705	0.010356858594343066	0.006324544883100316	0.0035397376723974986	0.003367481412362082
T[T>G]A	9.083492581069664e-06	0.0009623953606484748	0.007538287295957396	0.00013760626966118018	0.00014534711621268316	0.006380364320614717	0.003353525586348914	0.0006796603174340157
T[T>G]C	9.772260603292724e-05	0.0007659750174464402	0.008558003678509883	0.0003623174830073157	0.00043216534670318654	0.0041183677631051975	0.0025943635153258668	0.00453466103336541
T[T>G]G	0.0002824088451355029	0.0011027978245226322	0.013268321687600945	0.0015072823094846774	0.0008810871144787313	0.0019151903681936346	0.004438332781578317	0.00019544703532534412
T[T>G]T	2.251634665299207e-06	0.0028926559094794016	0.010145249236146035	4.4534834303342155e-05	0.00034394038746940226	0.03545302302017808	0.0024717796622828283	0.001390451843885522
