NMF_Replicate	L1	L1 %	L2	L2 %	KL Divergence	Correlation	Convergence Iterations
1	121.228	56.714	20.946	38.484	0.412	0.868	20000.0
2	121.164	56.583	21.148	38.359	0.417	0.869	60000.0
3	120.655	56.7	20.989	38.5	0.421	0.867	60000.0
4	121.28	56.339	21.067	38.428	0.415	0.869	30000.0
5	122.264	57.387	21.428	38.968	0.421	0.865	30000.0
6	121.441	56.954	21.133	38.573	0.416	0.868	40000.0
7	121.384	56.73	20.98	38.454	0.415	0.868	60000.0
8	120.597	56.586	20.962	38.479	0.415	0.869	30000.0
9	121.402	56.795	21.305	38.892	0.414	0.867	40000.0
10	120.696	56.411	21.182	38.481	0.413	0.869	40000.0
11	121.137	56.73	21.041	38.477	0.416	0.87	40000.0
12	120.58	56.784	20.96	38.58	0.419	0.868	40000.0
13	120.006	56.436	20.857	38.5	0.418	0.867	20000.0
14	120.837	56.861	20.981	38.601	0.421	0.866	30000.0
15	121.767	56.638	21.224	38.519	0.413	0.869	20000.0
16	121.084	56.615	20.913	38.302	0.42	0.869	40000.0
17	121.388	56.75	21.16	38.634	0.419	0.867	50000.0
18	120.571	56.767	20.608	38.307	0.425	0.865	40000.0
19	120.204	56.042	20.729	37.879	0.413	0.872	50000.0
20	120.754	56.867	20.826	38.39	0.415	0.87	40000.0
21	120.416	56.711	20.598	38.164	0.422	0.87	40000.0
22	120.927	56.357	21.033	38.433	0.41	0.869	30000.0
23	121.165	56.752	21.026	38.526	0.421	0.868	70000.0
24	119.767	56.25	20.799	38.225	0.413	0.871	30000.0
25	121.348	56.871	21.244	38.839	0.42	0.867	70000.0
26	121.074	56.707	21.038	38.488	0.417	0.868	50000.0
27	119.932	56.38	20.7	38.224	0.412	0.87	30000.0
28	120.261	56.814	20.852	38.487	0.424	0.867	20000.0
29	120.862	56.642	20.987	38.416	0.416	0.868	40000.0
30	119.893	56.255	20.747	38.076	0.41	0.871	40000.0
31	121.746	57.027	21.103	38.655	0.418	0.867	40000.0
32	121.653	57.174	21.378	39.002	0.417	0.865	30000.0
33	120.903	56.831	21.076	38.725	0.421	0.866	90000.0
34	120.584	57.118	20.603	38.578	0.429	0.863	40000.0
35	120.523	56.54	20.912	38.208	0.413	0.871	30000.0
36	121.483	57.017	21.041	38.762	0.422	0.865	50000.0
37	121.456	56.686	20.999	38.31	0.415	0.869	30000.0
38	119.421	56.067	20.767	38.04	0.415	0.871	40000.0
39	122.002	57.222	21.276	39.092	0.417	0.865	30000.0
40	120.957	57.296	21.036	38.909	0.424	0.864	40000.0
41	120.543	56.561	21.002	38.436	0.417	0.867	40000.0
42	121.214	57.01	21.189	38.798	0.417	0.866	20000.0
43	121.881	57.302	21.303	39.448	0.433	0.861	90000.0
44	121.167	56.501	21.076	38.347	0.419	0.869	50000.0
45	119.958	56.455	20.81	38.422	0.413	0.869	50000.0
46	120.682	56.684	21.003	38.501	0.422	0.866	30000.0
47	120.075	56.194	20.78	38.14	0.414	0.872	40000.0
48	121.069	56.862	20.987	38.733	0.416	0.867	30000.0
49	121.668	56.96	21.169	38.663	0.418	0.867	40000.0
50	121.668	57.204	21.303	38.989	0.42	0.865	30000.0
51	121.466	57.049	21.147	38.79	0.414	0.868	40000.0
52	120.475	56.186	20.979	37.944	0.409	0.873	40000.0
53	121.241	56.788	21.214	38.437	0.414	0.871	20000.0
54	120.802	56.592	21.107	38.706	0.412	0.867	40000.0
55	120.884	57.083	21.03	38.812	0.418	0.866	40000.0
56	121.559	57.036	21.201	38.905	0.421	0.866	70000.0
57	120.647	56.72	20.642	38.322	0.419	0.867	50000.0
58	120.248	56.342	20.989	38.216	0.409	0.872	40000.0
59	120.712	56.928	20.881	38.762	0.422	0.865	50000.0
60	119.843	56.547	20.729	38.322	0.419	0.87	30000.0
61	120.594	56.815	20.771	38.557	0.422	0.865	30000.0
62	120.583	56.571	20.944	38.558	0.412	0.869	40000.0
63	120.39	56.595	20.92	38.43	0.41	0.869	20000.0
64	120.664	56.354	20.862	38.118	0.413	0.872	40000.0
65	120.672	56.603	20.83	38.258	0.415	0.87	50000.0
66	121.131	57.002	21.067	38.706	0.42	0.867	50000.0
67	121.267	56.55	21.077	38.59	0.411	0.868	30000.0
68	121.614	56.439	21.245	38.356	0.413	0.87	30000.0
69	121.142	56.63	20.774	38.41	0.413	0.868	60000.0
70	121.81	57.309	21.136	38.84	0.425	0.866	20000.0
71	121.155	56.975	21.061	38.717	0.417	0.868	40000.0
72	121.486	56.5	21.08	38.292	0.419	0.869	30000.0
73	120.42	56.836	20.984	38.742	0.416	0.866	40000.0
74	120.158	56.386	20.988	38.325	0.412	0.869	60000.0
75	121.126	56.635	20.918	38.351	0.412	0.87	30000.0
76	121.58	56.63	21.02	38.431	0.416	0.87	30000.0
77	121.409	56.823	21.013	38.646	0.422	0.867	60000.0
78	120.491	56.275	21.018	38.29	0.406	0.871	40000.0
79	120.874	56.351	20.79	38.14	0.417	0.87	70000.0
80	120.984	56.681	20.859	38.311	0.415	0.87	40000.0
81	121.7	56.951	21.273	38.776	0.423	0.867	40000.0
82	121.483	56.771	21.104	38.479	0.421	0.869	50000.0
83	120.818	56.687	21.107	38.72	0.421	0.867	40000.0
84	120.631	56.69	21.08	38.559	0.414	0.869	30000.0
85	122.149	56.867	21.449	38.575	0.414	0.869	30000.0
86	120.357	56.435	20.726	38.201	0.423	0.869	40000.0
87	120.22	56.151	20.756	38.317	0.413	0.869	50000.0
88	120.487	56.691	20.914	38.371	0.417	0.868	40000.0
89	120.524	56.581	20.996	38.499	0.412	0.867	40000.0
90	120.856	56.876	21.015	38.615	0.418	0.867	70000.0
91	120.892	56.492	20.779	38.311	0.415	0.87	50000.0
92	119.901	56.272	20.484	38.016	0.418	0.869	50000.0
93	121.048	56.789	20.903	38.614	0.419	0.866	20000.0
94	121.395	56.802	21.098	38.453	0.411	0.871	50000.0
95	121.216	56.585	21.179	38.372	0.415	0.87	30000.0
96	120.987	56.665	20.854	38.377	0.415	0.869	30000.0
97	121.571	56.989	21.277	38.793	0.417	0.868	50000.0
98	119.115	56.066	20.499	38.0	0.409	0.872	50000.0
99	120.189	56.315	20.595	38.142	0.417	0.87	110000.0
100	120.806	56.601	21.063	38.636	0.417	0.867	40000.0
101	120.446	56.602	20.691	38.377	0.414	0.87	20000.0
102	121.278	56.888	20.995	38.649	0.421	0.867	50000.0
103	121.331	57.229	21.082	38.938	0.422	0.863	40000.0
104	120.145	56.729	20.838	38.554	0.416	0.869	30000.0
105	120.999	56.926	21.016	38.553	0.42	0.867	30000.0
106	120.29	56.502	20.748	38.177	0.413	0.87	70000.0
107	119.636	56.201	20.717	38.063	0.41	0.871	30000.0
108	120.392	56.501	20.648	38.245	0.415	0.869	60000.0
109	121.639	57.116	21.314	38.794	0.425	0.865	60000.0
110	119.887	56.273	20.334	37.943	0.423	0.869	50000.0
111	121.278	56.769	21.074	38.656	0.417	0.867	40000.0
112	121.576	56.861	21.214	38.771	0.415	0.867	30000.0
113	120.869	56.352	21.096	38.337	0.415	0.87	50000.0
114	121.111	56.739	20.983	38.65	0.417	0.868	50000.0
115	122.175	57.474	21.231	39.072	0.424	0.866	40000.0
116	120.213	56.541	20.947	38.401	0.411	0.868	40000.0
117	120.392	56.618	20.826	38.749	0.413	0.865	40000.0
118	120.28	56.413	21.006	38.479	0.412	0.869	40000.0
119	119.814	56.622	20.825	38.396	0.415	0.869	30000.0
120	121.657	56.778	21.348	38.754	0.423	0.865	60000.0
121	121.944	57.071	21.21	38.817	0.423	0.867	40000.0
122	121.607	56.968	21.171	38.658	0.416	0.869	30000.0
123	121.754	56.986	21.261	38.623	0.414	0.868	40000.0
124	121.328	56.8	21.19	38.649	0.415	0.868	50000.0
125	120.216	56.396	20.93	38.183	0.414	0.87	30000.0
126	121.959	57.144	21.421	38.871	0.414	0.868	40000.0
127	120.73	56.381	21.096	38.335	0.413	0.871	40000.0
128	121.432	56.694	21.292	38.381	0.414	0.87	30000.0
129	122.084	56.903	21.32	38.624	0.415	0.87	60000.0
130	121.166	56.9	20.978	38.608	0.416	0.868	40000.0
131	120.159	56.47	20.897	38.502	0.416	0.867	30000.0
132	121.632	57.103	21.067	38.758	0.415	0.867	50000.0
133	120.499	56.407	20.935	38.346	0.419	0.868	40000.0
134	120.819	56.552	21.038	38.4	0.414	0.87	50000.0
135	121.573	57.003	21.137	38.936	0.416	0.865	60000.0
136	120.686	56.78	21.094	38.635	0.42	0.865	30000.0
137	120.662	56.807	20.84	38.503	0.418	0.868	30000.0
138	121.677	56.989	21.229	38.662	0.417	0.868	40000.0
139	120.517	56.55	21.005	38.426	0.422	0.869	60000.0
140	121.115	56.709	21.071	38.622	0.413	0.867	50000.0
141	120.863	56.577	21.012	38.549	0.415	0.868	30000.0
142	120.812	56.963	21.069	38.8	0.419	0.866	40000.0
143	119.65	55.905	20.355	37.785	0.419	0.869	50000.0
144	119.782	56.44	20.755	38.141	0.421	0.87	30000.0
145	120.782	56.511	21.015	38.397	0.415	0.87	60000.0
146	120.911	56.988	20.663	38.517	0.426	0.866	70000.0
147	120.199	56.629	20.836	38.374	0.414	0.869	30000.0
148	119.725	55.949	20.669	38.097	0.413	0.87	40000.0
149	121.166	56.586	20.886	38.736	0.417	0.866	70000.0
150	120.546	56.531	20.928	38.274	0.421	0.87	50000.0
151	120.754	56.874	20.81	38.536	0.421	0.867	50000.0
152	121.273	56.555	21.232	38.446	0.42	0.868	70000.0
153	120.557	56.466	20.617	38.105	0.421	0.868	40000.0
154	119.933	56.459	20.758	38.326	0.417	0.869	30000.0
155	120.856	56.591	20.826	38.387	0.414	0.869	60000.0
156	120.245	56.329	20.918	38.302	0.416	0.87	30000.0
157	121.335	56.606	21.067	38.547	0.416	0.869	40000.0
158	121.695	56.75	21.27	38.577	0.416	0.868	60000.0
159	121.35	56.827	20.844	38.698	0.421	0.866	100000.0
160	121.221	57.116	20.709	38.667	0.418	0.866	40000.0
161	121.238	57.04	20.823	38.574	0.423	0.867	40000.0
162	121.078	56.816	21.071	38.786	0.42	0.866	40000.0
163	119.906	56.331	20.702	38.299	0.41	0.869	50000.0
164	120.661	56.506	21.077	38.769	0.413	0.867	20000.0
165	120.572	57.181	20.917	38.62	0.424	0.865	40000.0
166	120.582	56.558	20.783	38.155	0.419	0.869	40000.0
167	120.89	56.56	21.07	38.37	0.412	0.871	30000.0
168	120.472	56.501	20.969	38.339	0.417	0.869	60000.0
169	120.561	56.578	20.895	38.419	0.418	0.869	30000.0
170	120.863	56.705	20.993	38.627	0.419	0.867	40000.0
171	120.843	56.596	20.961	38.41	0.421	0.868	40000.0
172	121.502	56.9	21.151	38.836	0.418	0.866	30000.0
173	121.072	56.948	21.219	38.833	0.42	0.866	50000.0
174	120.616	56.815	20.984	38.64	0.416	0.867	50000.0
175	120.909	56.696	20.909	38.454	0.416	0.869	30000.0
176	120.666	56.761	20.839	38.48	0.416	0.868	40000.0
177	121.758	56.472	21.281	38.556	0.413	0.868	40000.0
178	120.788	56.71	20.877	38.371	0.42	0.869	40000.0
179	121.891	57.132	21.4	39.054	0.423	0.865	30000.0
180	121.515	56.563	21.222	38.508	0.408	0.871	60000.0
181	120.082	56.588	20.981	38.348	0.42	0.868	30000.0
182	122.127	56.643	21.407	38.47	0.418	0.87	50000.0
183	121.127	56.724	20.979	38.456	0.419	0.868	60000.0
184	120.983	56.606	20.793	38.348	0.412	0.869	50000.0
185	120.531	56.658	20.755	38.427	0.415	0.869	30000.0
186	119.799	56.433	20.61	38.246	0.414	0.868	50000.0
187	121.22	56.905	21.123	38.725	0.417	0.868	80000.0
188	120.988	56.514	21.077	38.228	0.412	0.872	50000.0
189	120.681	56.69	20.881	38.479	0.413	0.868	30000.0
190	121.388	57.029	20.939	38.436	0.424	0.869	70000.0
191	121.503	56.995	20.977	38.468	0.418	0.869	30000.0
192	121.286	56.808	20.628	38.399	0.422	0.868	70000.0
193	120.993	56.717	21.219	38.629	0.412	0.869	40000.0
194	121.435	56.772	21.137	38.678	0.417	0.866	50000.0
195	120.035	56.16	20.727	38.042	0.41	0.872	20000.0
196	120.753	56.741	21.073	38.428	0.416	0.87	30000.0
197	120.417	56.412	20.683	38.216	0.419	0.87	40000.0
198	120.198	56.436	20.685	38.283	0.415	0.869	60000.0
199	122.546	57.28	21.504	38.97	0.421	0.866	70000.0
200	121.587	57.07	21.126	38.869	0.419	0.865	40000.0
201	121.118	56.849	21.094	38.473	0.419	0.868	50000.0
202	120.331	56.603	20.915	38.6	0.418	0.867	30000.0
203	120.263	56.539	20.876	38.481	0.41	0.868	30000.0
204	120.874	56.678	20.999	38.738	0.417	0.866	50000.0
205	120.63	56.537	20.894	38.405	0.413	0.87	50000.0
206	121.48	56.8	21.072	38.704	0.417	0.867	30000.0
207	120.782	56.566	21.108	38.49	0.412	0.87	30000.0
208	121.381	56.903	21.092	38.697	0.422	0.866	40000.0
209	119.996	55.884	20.824	37.912	0.41	0.874	30000.0
210	119.776	56.352	20.65	38.123	0.416	0.87	30000.0
211	121.189	56.762	21.061	38.739	0.422	0.866	30000.0
212	121.605	56.523	21.416	38.427	0.411	0.87	30000.0
213	120.72	56.809	21.11	38.572	0.417	0.869	30000.0
214	118.993	56.301	20.62	38.276	0.418	0.868	40000.0
215	121.655	56.961	21.055	38.562	0.423	0.867	40000.0
216	121.953	56.858	21.241	38.8	0.425	0.867	60000.0
217	121.422	56.812	20.953	38.287	0.421	0.868	40000.0
218	121.833	56.932	21.24	38.908	0.415	0.867	40000.0
219	120.853	56.255	21.113	38.187	0.409	0.872	60000.0
220	119.543	56.153	20.791	38.259	0.41	0.871	20000.0
221	121.252	56.997	21.056	38.923	0.419	0.865	30000.0
222	120.505	56.294	20.991	38.447	0.415	0.869	50000.0
223	121.109	56.779	21.144	38.569	0.419	0.869	50000.0
224	121.534	57.296	20.862	38.819	0.426	0.864	90000.0
225	119.358	56.184	20.228	37.925	0.419	0.869	40000.0
226	121.436	56.758	21.212	38.513	0.418	0.868	40000.0
227	122.004	57.135	21.143	38.635	0.422	0.868	60000.0
228	119.647	56.311	20.445	38.205	0.421	0.867	100000.0
229	121.852	56.918	21.283	38.937	0.425	0.865	60000.0
230	119.919	56.472	20.726	38.35	0.415	0.869	60000.0
231	120.753	56.899	20.841	38.765	0.42	0.864	30000.0
232	120.209	56.355	20.807	38.452	0.411	0.869	20000.0
233	121.166	56.683	21.007	38.4	0.417	0.869	80000.0
234	120.262	56.445	20.37	37.91	0.423	0.869	50000.0
235	119.83	56.045	20.789	38.14	0.412	0.871	30000.0
236	120.487	56.939	20.938	38.897	0.419	0.866	40000.0
237	121.205	56.603	20.973	38.52	0.411	0.869	50000.0
238	121.474	56.834	20.856	38.578	0.419	0.866	30000.0
239	120.997	56.89	21.032	38.405	0.418	0.87	30000.0
240	119.145	55.805	20.727	37.88	0.407	0.872	60000.0
241	121.439	56.956	21.161	38.769	0.417	0.867	30000.0
242	121.933	56.894	21.183	38.767	0.416	0.867	120000.0
243	121.237	57.175	21.059	38.956	0.421	0.864	40000.0
244	120.449	56.498	20.84	38.224	0.415	0.871	30000.0
245	120.198	56.409	20.824	38.082	0.415	0.87	40000.0
246	120.186	56.237	20.974	38.214	0.412	0.871	60000.0
247	120.892	56.848	20.93	38.672	0.421	0.866	50000.0
248	121.447	56.713	21.185	38.667	0.415	0.868	50000.0
249	121.503	57.004	21.08	38.721	0.417	0.867	30000.0
250	121.811	56.83	21.168	38.554	0.419	0.868	40000.0
251	120.59	56.606	21.169	38.559	0.424	0.867	40000.0
252	120.621	56.295	20.813	38.264	0.416	0.868	40000.0
253	120.359	56.527	20.748	38.465	0.412	0.869	40000.0
254	121.09	56.875	21.141	38.802	0.42	0.867	30000.0
255	120.542	56.648	20.982	38.39	0.414	0.868	30000.0
256	121.078	57.172	21.043	39.023	0.422	0.865	30000.0
257	119.637	56.291	20.764	38.225	0.416	0.871	50000.0
258	120.731	56.68	20.97	38.409	0.419	0.869	50000.0
259	120.478	57.052	20.879	38.753	0.423	0.865	40000.0
260	121.438	56.767	21.158	38.634	0.409	0.87	30000.0
261	120.067	56.257	20.544	38.056	0.423	0.869	70000.0
262	120.869	56.553	21.031	38.462	0.415	0.868	60000.0
263	121.454	56.525	21.255	38.558	0.408	0.87	40000.0
264	121.282	56.985	21.148	38.71	0.416	0.869	30000.0
265	121.283	56.944	20.994	38.782	0.418	0.866	60000.0
266	120.252	56.312	20.802	38.195	0.411	0.871	20000.0
267	121.601	57.066	21.187	38.83	0.422	0.867	60000.0
268	120.305	56.446	20.615	37.904	0.424	0.872	70000.0
269	120.23	56.307	20.955	38.162	0.419	0.869	40000.0
270	120.554	56.277	20.91	38.166	0.414	0.87	20000.0
271	121.464	57.147	21.228	38.924	0.418	0.866	30000.0
272	120.347	56.034	20.906	37.988	0.41	0.873	30000.0
273	121.014	56.492	21.1	38.277	0.412	0.871	50000.0
274	121.753	57.169	21.268	39.122	0.418	0.863	30000.0
275	121.19	56.809	21.089	38.575	0.416	0.869	40000.0
276	121.34	56.786	21.164	38.765	0.415	0.866	40000.0
277	120.034	56.771	20.804	38.592	0.419	0.865	50000.0
278	121.517	57.001	21.175	38.717	0.419	0.868	50000.0
279	120.916	56.826	21.072	38.635	0.416	0.866	30000.0
280	119.722	56.611	20.687	38.557	0.414	0.868	50000.0
281	120.299	56.662	20.572	38.333	0.425	0.867	60000.0
282	120.882	56.284	21.091	38.149	0.409	0.873	30000.0
283	121.465	56.831	21.276	38.72	0.417	0.867	30000.0
284	121.064	56.825	20.915	38.459	0.426	0.868	50000.0
285	121.619	57.052	21.15	38.72	0.418	0.868	30000.0
286	121.663	56.828	21.112	38.66	0.42	0.866	30000.0
287	121.034	57.101	21.197	38.805	0.42	0.865	50000.0
288	121.169	57.056	20.994	38.783	0.422	0.865	40000.0
289	120.497	56.273	21.004	38.228	0.411	0.87	70000.0
290	120.488	56.651	20.863	38.359	0.415	0.869	30000.0
291	120.532	56.46	20.895	38.313	0.417	0.87	60000.0
292	121.116	56.406	21.061	38.359	0.414	0.871	80000.0
293	120.937	56.913	21.09	38.814	0.417	0.865	40000.0
294	120.324	56.296	20.647	38.025	0.421	0.868	80000.0
295	121.595	56.994	20.918	38.526	0.426	0.867	40000.0
296	121.097	56.987	21.057	38.696	0.42	0.867	30000.0
297	121.646	57.204	21.266	38.683	0.419	0.867	40000.0
298	120.405	56.429	20.646	38.121	0.412	0.871	30000.0
299	119.961	56.34	20.767	38.206	0.412	0.871	30000.0
300	120.809	56.751	21.206	38.64	0.421	0.866	30000.0
301	120.187	56.529	20.423	38.096	0.422	0.869	60000.0
302	119.766	56.42	20.402	37.981	0.421	0.869	60000.0
303	121.093	56.559	20.991	38.356	0.415	0.869	40000.0
304	121.865	57.123	21.391	38.938	0.421	0.866	30000.0
305	119.788	56.62	20.732	38.357	0.415	0.87	30000.0
306	122.971	57.473	21.231	39.046	0.42	0.865	40000.0
307	120.577	56.566	21.071	38.316	0.415	0.869	40000.0
308	121.42	56.884	21.074	38.688	0.414	0.868	60000.0
309	120.823	56.873	20.796	38.734	0.42	0.864	100000.0
310	121.155	56.895	21.101	38.665	0.419	0.866	30000.0
311	120.698	56.498	20.891	38.376	0.418	0.869	50000.0
312	121.27	56.531	21.118	38.318	0.411	0.871	50000.0
313	120.262	56.314	20.657	38.086	0.414	0.87	40000.0
314	121.206	56.696	20.985	38.413	0.413	0.87	30000.0
315	120.635	56.007	20.846	38.163	0.408	0.871	20000.0
316	122.322	56.789	21.552	38.82	0.411	0.87	50000.0
317	121.461	57.089	21.016	38.64	0.423	0.868	40000.0
318	120.891	56.65	21.028	38.712	0.416	0.868	30000.0
319	120.454	56.983	20.822	38.879	0.42	0.864	30000.0
320	120.714	56.763	20.985	38.496	0.414	0.87	20000.0
321	122.611	57.281	21.15	38.813	0.423	0.865	70000.0
322	120.184	56.344	20.888	38.447	0.414	0.868	40000.0
323	121.048	56.765	20.796	38.204	0.415	0.87	30000.0
324	121.331	56.961	21.284	38.662	0.414	0.868	30000.0
325	121.039	56.994	21.097	38.609	0.42	0.867	30000.0
326	120.79	56.55	20.802	38.236	0.417	0.87	40000.0
327	119.719	56.21	20.798	38.099	0.413	0.872	40000.0
328	120.515	56.441	20.963	38.42	0.416	0.869	40000.0
329	120.719	56.6	21.098	38.434	0.418	0.868	40000.0
330	121.127	56.841	20.959	38.521	0.417	0.868	60000.0
331	121.629	56.534	21.296	38.441	0.413	0.871	80000.0
332	121.414	57.214	21.026	38.602	0.429	0.867	30000.0
333	121.146	56.894	21.01	38.722	0.422	0.866	40000.0
334	120.565	56.422	20.752	38.201	0.415	0.869	40000.0
335	120.162	56.76	20.643	38.474	0.415	0.868	50000.0
336	121.493	56.827	21.187	38.707	0.413	0.87	30000.0
337	120.06	56.913	20.823	38.495	0.416	0.868	30000.0
338	120.646	56.505	21.24	38.501	0.418	0.869	70000.0
339	120.186	56.394	21.013	38.427	0.411	0.869	30000.0
340	120.524	56.263	20.917	38.279	0.414	0.87	20000.0
341	120.789	56.634	20.705	38.521	0.42	0.867	40000.0
342	120.889	56.851	21.106	38.583	0.416	0.867	30000.0
343	120.721	56.56	20.914	38.265	0.419	0.87	40000.0
344	120.172	56.161	20.782	38.069	0.412	0.872	20000.0
345	121.176	56.535	21.142	38.643	0.412	0.868	60000.0
346	121.095	56.844	21.251	38.822	0.42	0.866	40000.0
347	120.907	56.768	20.832	38.499	0.416	0.868	40000.0
348	119.183	56.312	20.322	37.923	0.418	0.869	30000.0
349	121.681	56.806	21.202	38.558	0.415	0.869	30000.0
350	119.654	56.29	20.526	38.029	0.419	0.87	50000.0
351	120.363	56.47	20.904	38.304	0.412	0.871	20000.0
352	121.493	56.777	21.207	38.749	0.416	0.868	50000.0
353	121.362	56.925	21.028	38.592	0.417	0.868	20000.0
354	120.878	56.825	20.97	38.688	0.418	0.865	60000.0
355	119.965	55.915	20.922	38.159	0.409	0.872	70000.0
356	120.478	56.019	21.046	38.055	0.413	0.872	40000.0
357	121.495	57.029	20.972	38.751	0.426	0.865	50000.0
358	121.588	56.618	21.064	38.527	0.418	0.868	20000.0
359	119.941	56.084	20.641	37.976	0.414	0.871	50000.0
360	120.803	56.48	21.08	38.676	0.408	0.867	40000.0
361	120.393	56.601	20.93	38.445	0.419	0.869	40000.0
362	121.317	56.803	21.093	38.649	0.419	0.866	70000.0
363	120.362	56.518	20.977	38.462	0.412	0.868	30000.0
364	121.008	56.736	21.098	38.534	0.417	0.866	50000.0
365	121.912	56.869	21.068	38.377	0.417	0.871	50000.0
366	120.878	56.483	20.955	38.331	0.413	0.871	30000.0
367	121.205	56.793	21.17	38.519	0.415	0.869	50000.0
368	120.803	56.876	20.927	38.784	0.416	0.867	20000.0
369	120.786	56.894	20.858	38.622	0.416	0.868	40000.0
370	120.591	56.779	20.662	38.493	0.423	0.867	50000.0
371	120.806	56.838	20.921	38.553	0.414	0.868	40000.0
372	121.023	56.741	21.113	38.683	0.415	0.868	50000.0
373	120.914	56.946	21.094	38.875	0.417	0.866	30000.0
374	120.621	56.709	20.92	38.457	0.415	0.869	30000.0
375	121.431	56.801	21.201	38.776	0.422	0.867	30000.0
376	121.005	56.866	21.197	38.669	0.42	0.867	60000.0
377	120.492	56.751	20.927	38.408	0.417	0.868	40000.0
378	121.206	56.724	21.129	38.544	0.41	0.87	50000.0
379	120.486	56.252	20.95	38.267	0.409	0.87	50000.0
380	120.384	56.69	21.016	38.467	0.415	0.87	30000.0
381	120.394	56.504	20.951	38.43	0.417	0.869	40000.0
382	120.977	56.701	21.048	38.474	0.412	0.869	20000.0
383	120.338	56.496	20.953	38.241	0.419	0.87	30000.0
384	120.183	56.181	20.563	37.721	0.412	0.872	60000.0
385	120.056	56.137	20.652	37.947	0.41	0.872	60000.0
386	120.468	56.792	20.805	38.497	0.419	0.865	30000.0
387	121.253	56.624	20.892	38.333	0.418	0.869	80000.0
388	120.16	56.425	20.94	38.17	0.413	0.871	30000.0
389	120.934	56.648	21.039	38.426	0.417	0.868	30000.0
390	121.475	56.931	21.195	38.748	0.415	0.866	50000.0
391	121.392	56.82	21.095	38.636	0.42	0.867	50000.0
392	120.137	56.491	20.742	38.273	0.414	0.87	30000.0
393	120.647	56.804	20.848	38.661	0.419	0.867	30000.0
394	121.546	57.09	20.926	38.731	0.426	0.866	50000.0
395	120.963	56.698	20.899	38.354	0.42	0.868	40000.0
396	120.878	56.544	21.331	38.886	0.412	0.867	30000.0
397	121.08	56.491	21.033	38.201	0.416	0.87	40000.0
398	121.338	56.829	21.175	38.684	0.418	0.867	60000.0
399	121.093	56.342	21.387	38.461	0.409	0.871	40000.0
400	121.834	57.099	21.089	38.942	0.42	0.864	50000.0
401	120.277	56.521	20.898	38.387	0.417	0.868	60000.0
402	121.195	56.807	21.12	38.663	0.414	0.868	40000.0
403	120.463	56.228	20.853	38.222	0.414	0.87	20000.0
404	120.837	56.458	21.039	38.612	0.411	0.867	40000.0
405	120.683	56.612	21.185	38.58	0.413	0.87	50000.0
406	120.811	56.595	21.147	38.679	0.418	0.866	50000.0
407	121.789	56.997	21.23	38.528	0.42	0.869	50000.0
408	120.63	56.331	20.897	38.36	0.409	0.87	40000.0
409	120.263	56.778	20.888	38.685	0.421	0.866	40000.0
410	121.689	56.553	21.225	38.669	0.413	0.868	30000.0
411	120.64	56.586	21.095	38.588	0.417	0.867	30000.0
412	120.449	56.212	21.052	38.056	0.415	0.872	50000.0
413	120.642	56.55	21.059	38.578	0.414	0.869	30000.0
414	120.831	56.748	20.907	38.552	0.414	0.869	30000.0
415	121.836	57.535	21.313	38.979	0.421	0.864	40000.0
416	121.444	56.636	21.205	38.403	0.412	0.871	30000.0
417	120.867	56.735	20.694	38.212	0.426	0.869	50000.0
418	121.147	56.883	21.127	38.842	0.416	0.866	40000.0
419	120.516	56.592	21.011	38.567	0.415	0.867	30000.0
420	120.587	56.697	20.664	38.384	0.42	0.867	40000.0
421	120.005	56.405	20.788	38.291	0.411	0.87	30000.0
422	122.13	57.055	21.043	38.634	0.416	0.869	30000.0
423	120.413	56.608	20.856	38.57	0.417	0.867	50000.0
424	120.505	56.663	20.873	38.409	0.412	0.87	40000.0
425	120.899	56.423	21.004	38.242	0.416	0.872	20000.0
426	121.519	56.954	21.274	38.641	0.417	0.869	40000.0
427	120.781	56.418	21.039	38.413	0.41	0.87	30000.0
428	121.204	56.949	21.301	38.645	0.417	0.867	40000.0
429	120.475	56.572	20.51	37.943	0.421	0.869	40000.0
430	119.977	56.364	20.677	38.326	0.413	0.869	20000.0
431	121.138	56.796	21.18	38.642	0.423	0.868	40000.0
432	121.254	56.695	21.165	38.768	0.417	0.867	30000.0
433	120.029	56.389	20.732	38.31	0.41	0.87	40000.0
434	121.578	56.844	20.995	38.597	0.414	0.869	40000.0
435	120.562	56.598	20.792	38.35	0.416	0.869	30000.0
436	120.881	56.866	20.951	38.667	0.418	0.868	40000.0
437	121.901	57.022	21.374	39.103	0.417	0.865	40000.0
438	120.98	57.073	21.042	38.843	0.425	0.865	60000.0
439	121.507	57.083	20.761	38.672	0.426	0.865	40000.0
440	120.941	56.489	21.114	38.373	0.413	0.87	40000.0
441	120.9	56.254	21.127	38.376	0.411	0.871	40000.0
442	119.748	56.573	20.868	38.67	0.417	0.867	50000.0
443	121.554	56.812	21.17	38.399	0.427	0.868	40000.0
444	121.021	56.593	21.107	38.571	0.417	0.868	30000.0
445	121.619	56.846	21.154	38.559	0.413	0.87	30000.0
446	120.158	56.725	20.595	38.539	0.418	0.864	50000.0
447	121.6	56.878	21.209	38.901	0.421	0.865	50000.0
448	119.745	56.389	20.625	38.296	0.413	0.87	30000.0
449	121.775	57.022	21.392	38.758	0.415	0.868	30000.0
450	122.439	57.285	21.178	38.894	0.423	0.865	60000.0
451	118.66	55.596	20.029	37.212	0.417	0.875	30000.0
452	120.73	57.083	20.803	38.849	0.42	0.866	20000.0
453	120.011	56.616	20.85	38.509	0.416	0.867	50000.0
454	120.949	56.807	20.944	38.854	0.416	0.866	30000.0
455	120.093	56.437	20.877	38.372	0.416	0.868	50000.0
456	121.285	56.85	21.113	38.471	0.414	0.87	20000.0
457	121.974	57.047	21.44	38.987	0.42	0.867	30000.0
458	122.396	57.05	21.355	38.889	0.421	0.866	50000.0
459	121.532	56.926	21.17	38.718	0.418	0.866	40000.0
460	120.067	56.519	20.876	38.276	0.415	0.87	40000.0
461	120.74	56.455	20.846	38.258	0.412	0.87	30000.0
462	120.285	56.643	20.656	38.234	0.414	0.87	30000.0
463	121.017	56.993	20.881	38.567	0.418	0.868	50000.0
464	121.264	56.504	21.157	38.577	0.415	0.87	40000.0
465	121.037	56.999	21.028	38.666	0.416	0.866	40000.0
466	122.282	56.951	21.275	38.503	0.415	0.87	60000.0
467	119.834	56.37	20.879	38.458	0.418	0.868	40000.0
468	122.071	56.997	21.149	38.607	0.426	0.868	30000.0
469	120.273	56.446	20.91	38.328	0.415	0.87	40000.0
470	121.111	56.823	21.021	38.342	0.419	0.87	40000.0
471	121.174	56.806	21.1	38.754	0.413	0.868	40000.0
472	120.738	56.471	20.909	38.112	0.41	0.872	80000.0
473	120.37	56.017	20.899	38.079	0.411	0.871	30000.0
474	121.461	56.814	21.141	38.717	0.419	0.868	60000.0
475	122.551	57.346	21.429	39.139	0.418	0.865	30000.0
476	121.524	56.439	21.107	38.297	0.412	0.872	30000.0
477	120.0	56.205	20.549	38.063	0.411	0.87	50000.0
478	121.273	57.021	20.917	38.675	0.424	0.865	50000.0
479	120.017	56.455	20.933	38.471	0.419	0.868	30000.0
480	121.013	56.771	20.761	38.481	0.418	0.868	20000.0
481	120.979	56.548	20.709	38.333	0.422	0.868	40000.0
482	121.081	56.656	20.972	38.435	0.414	0.869	50000.0
483	120.849	56.706	20.862	38.421	0.419	0.869	60000.0
484	121.838	56.642	21.068	38.491	0.415	0.869	50000.0
485	120.838	56.39	20.911	38.206	0.409	0.871	30000.0
486	121.584	57.241	21.351	39.046	0.419	0.864	40000.0
487	119.184	56.072	20.631	38.038	0.41	0.871	20000.0
488	122.675	57.265	21.441	38.772	0.419	0.869	40000.0
489	121.687	57.007	21.176	38.558	0.42	0.867	40000.0
490	120.493	56.658	20.664	38.122	0.419	0.871	60000.0
491	120.601	56.465	20.654	38.058	0.416	0.871	50000.0
492	120.511	56.639	20.967	38.513	0.416	0.869	50000.0
493	121.699	56.99	21.122	38.65	0.421	0.867	50000.0
494	120.942	56.533	20.87	38.44	0.415	0.868	50000.0
495	121.334	56.518	21.342	38.451	0.41	0.87	30000.0
496	121.68	56.862	21.092	38.752	0.423	0.866	40000.0
497	120.344	56.397	20.958	38.124	0.413	0.872	40000.0
498	120.259	56.111	20.836	38.001	0.408	0.872	30000.0
499	120.734	56.572	21.147	38.505	0.41	0.87	40000.0
500	119.804	56.369	20.633	38.353	0.417	0.868	40000.0
