NMF_Replicate	L1	L1 %	L2	L2 %	KL Divergence	Correlation	Convergence Iterations
1	29.041	162.229	6.718	92.876	2.388	0.277	20000.0
2	29.232	162.715	6.711	92.866	2.382	0.279	30000.0
3	29.076	162.56	6.767	93.003	2.398	0.275	30000.0
4	29.248	162.994	6.781	93.095	2.391	0.275	20000.0
5	29.018	162.327	6.677	92.826	2.378	0.279	20000.0
6	29.045	162.239	6.744	92.806	2.391	0.28	30000.0
7	29.197	162.576	6.749	92.864	2.399	0.277	20000.0
8	29.048	162.442	6.741	92.901	2.383	0.279	20000.0
9	29.098	161.994	6.663	92.7	2.378	0.281	20000.0
10	29.092	162.367	6.736	92.969	2.388	0.278	40000.0
11	29.164	162.328	6.785	92.871	2.385	0.28	30000.0
12	29.04	162.156	6.708	92.768	2.37	0.281	20000.0
13	29.219	163.011	6.767	92.964	2.4	0.275	20000.0
14	29.092	162.591	6.699	92.923	2.378	0.277	20000.0
15	29.098	162.607	6.719	92.924	2.395	0.277	30000.0
16	29.154	162.547	6.708	92.89	2.39	0.279	30000.0
17	29.174	162.264	6.757	92.93	2.374	0.278	20000.0
18	29.098	162.171	6.737	92.771	2.382	0.282	20000.0
19	29.138	162.373	6.762	92.939	2.382	0.278	20000.0
20	29.172	162.643	6.757	92.94	2.386	0.278	20000.0
21	29.209	162.589	6.748	92.981	2.398	0.276	20000.0
22	29.155	162.949	6.747	93.138	2.397	0.272	20000.0
23	29.153	162.426	6.726	92.923	2.395	0.276	20000.0
24	29.127	162.325	6.766	92.887	2.387	0.28	20000.0
25	29.187	162.515	6.722	92.933	2.385	0.276	40000.0
26	29.196	162.868	6.73	93.056	2.381	0.276	20000.0
27	29.182	162.733	6.729	93.073	2.397	0.273	20000.0
28	29.158	162.812	6.74	93.021	2.397	0.273	20000.0
29	29.319	162.788	6.786	93.053	2.395	0.275	20000.0
30	29.16	162.436	6.761	92.971	2.389	0.277	30000.0
31	29.11	162.346	6.727	92.818	2.389	0.28	20000.0
32	29.364	163.212	6.755	92.947	2.387	0.276	20000.0
33	29.198	162.426	6.757	92.926	2.387	0.278	40000.0
34	29.154	162.08	6.773	92.863	2.368	0.282	20000.0
35	29.321	162.909	6.794	93.15	2.416	0.271	20000.0
36	29.205	163.075	6.72	93.067	2.4	0.272	30000.0
37	29.222	162.865	6.744	92.983	2.397	0.274	20000.0
38	29.21	162.505	6.716	92.982	2.39	0.275	40000.0
39	29.231	162.973	6.756	92.985	2.4	0.276	50000.0
40	29.167	162.33	6.703	92.797	2.37	0.281	30000.0
41	29.15	162.556	6.74	92.893	2.387	0.278	20000.0
42	29.323	163.13	6.751	93.024	2.403	0.273	20000.0
43	29.074	162.381	6.723	92.796	2.376	0.28	20000.0
44	29.293	162.651	6.767	93.013	2.38	0.277	20000.0
45	29.238	162.519	6.756	92.839	2.378	0.279	30000.0
46	29.195	162.953	6.735	93.124	2.4	0.271	20000.0
47	29.058	162.361	6.722	92.89	2.385	0.28	20000.0
48	29.092	162.743	6.665	92.838	2.384	0.277	20000.0
49	29.197	162.577	6.694	92.91	2.383	0.276	30000.0
50	29.189	162.644	6.732	92.99	2.398	0.274	20000.0
51	29.125	162.466	6.776	93.01	2.402	0.276	30000.0
52	29.143	162.824	6.694	93.035	2.402	0.272	20000.0
53	29.092	162.202	6.73	92.879	2.382	0.278	50000.0
54	29.207	162.644	6.74	92.969	2.395	0.276	20000.0
55	29.265	162.476	6.751	92.887	2.383	0.279	20000.0
56	29.197	162.743	6.761	93.019	2.394	0.275	20000.0
57	29.275	162.601	6.774	92.997	2.398	0.275	20000.0
58	29.095	162.592	6.702	92.927	2.382	0.276	40000.0
59	29.201	162.581	6.722	92.9	2.375	0.279	20000.0
60	29.089	162.522	6.745	92.945	2.379	0.278	20000.0
61	29.164	162.666	6.778	93.078	2.413	0.273	30000.0
62	29.223	162.914	6.773	93.101	2.399	0.273	20000.0
63	29.148	162.393	6.782	93.008	2.385	0.276	20000.0
64	29.243	162.847	6.748	93.061	2.387	0.276	20000.0
65	29.154	162.497	6.708	92.963	2.38	0.276	20000.0
66	29.188	162.3	6.751	92.992	2.375	0.277	30000.0
67	29.306	163.226	6.777	93.065	2.416	0.271	20000.0
68	29.201	162.931	6.766	92.941	2.4	0.276	20000.0
69	29.095	162.283	6.713	92.791	2.381	0.282	20000.0
70	29.171	162.93	6.704	93.056	2.392	0.274	30000.0
71	29.152	162.038	6.741	92.769	2.369	0.283	20000.0
72	29.213	162.807	6.753	92.909	2.4	0.277	30000.0
73	29.22	162.941	6.769	93.058	2.404	0.273	20000.0
74	29.082	162.189	6.776	92.948	2.382	0.278	20000.0
75	29.043	162.358	6.678	92.823	2.395	0.279	20000.0
76	29.111	161.865	6.778	92.882	2.367	0.283	20000.0
77	29.152	162.591	6.721	92.851	2.387	0.277	30000.0
78	29.18	162.855	6.748	92.967	2.405	0.274	40000.0
79	29.006	162.364	6.717	92.849	2.389	0.279	20000.0
80	29.083	162.314	6.729	92.869	2.391	0.278	20000.0
81	29.17	162.432	6.695	92.784	2.389	0.28	20000.0
82	29.127	162.66	6.725	92.86	2.384	0.279	30000.0
83	29.138	162.548	6.769	93.055	2.4	0.274	30000.0
84	29.024	162.283	6.694	92.832	2.387	0.28	40000.0
85	29.261	162.352	6.743	92.909	2.376	0.279	40000.0
86	29.171	162.639	6.712	92.899	2.394	0.277	20000.0
87	29.291	162.869	6.732	93.077	2.381	0.274	20000.0
88	29.11	162.274	6.713	92.749	2.384	0.28	20000.0
89	29.248	162.851	6.813	93.019	2.406	0.275	30000.0
90	29.162	162.571	6.766	92.959	2.391	0.278	20000.0
91	29.187	162.2	6.752	92.713	2.371	0.285	40000.0
92	29.273	163.015	6.761	93.231	2.403	0.271	30000.0
93	29.089	162.272	6.747	92.878	2.385	0.277	30000.0
94	29.189	162.401	6.743	92.717	2.378	0.284	20000.0
95	29.147	162.543	6.761	92.995	2.401	0.275	20000.0
96	29.132	162.455	6.74	92.99	2.382	0.278	30000.0
97	29.154	162.641	6.743	93.001	2.385	0.277	20000.0
98	29.137	162.485	6.751	92.992	2.374	0.28	20000.0
99	29.138	162.62	6.758	93.16	2.404	0.272	20000.0
100	28.956	161.924	6.697	92.721	2.361	0.285	20000.0
