MutationsType	SBS96A	SBS96B	SBS96C	SBS96D	SBS96E	SBS96F	SBS96G	SBS96H	SBS96I	SBS96J	SBS96K	SBS96L	SBS96M
A[C>A]A	0.00011165	0.00098941	0.00848120	0.00028557	0.00011288	0.02535597	0.00016840	0.00825831	0.00146732	0.01118890	0.00878509	0.02370814	0.03647877
A[C>A]C	0.00023254	0.00016063	0.01053747	0.00233457	0.00114758	0.03423892	0.00123699	0.01086396	0.00068902	0.01396145	0.02434844	0.01090163	0.03995617
A[C>A]G	0.00003058	0.00005890	0.00340685	0.00110013	0.00028745	0.00794909	0.00040287	0.00469428	0.00069797	0.00554187	0.00598829	0.00578635	0.01246650
A[C>A]T	0.00000063	0.00002313	0.00514003	0.00047247	0.00189312	0.01040119	0.00481823	0.00364607	0.00100665	0.01543540	0.00594714	0.01669457	0.03450599
A[C>G]A	0.00035598	0.00274335	0.00421808	0.00005903	0.00030687	0.00574775	0.00061647	0.00377485	0.00126470	0.00377129	0.04415286	0.00694341	0.00289094
A[C>G]C	0.00045410	0.00181201	0.00436558	0.00031088	0.00040640	0.00642854	0.00005306	0.00618570	0.00257632	0.00363506	0.03687711	0.00678515	0.00500750
A[C>G]G	0.00000101	0.00084745	0.00245357	0.00003643	0.00045772	0.00345645	0.00008764	0.00125854	0.00003063	0.00148693	0.02602240	0.00503502	0.00171729
A[C>G]T	0.00002870	0.00350254	0.00469517	0.00002152	0.00059249	0.00321939	0.00007464	0.00312752	0.00241160	0.00410886	0.04895468	0.01035547	0.00093053
A[C>T]A	0.00414205	0.00115699	0.01580607	0.00577977	0.00476341	0.00897383	0.00082684	0.01364159	0.08485307	0.00633768	0.01177054	0.00977674	0.00234772
A[C>T]C	0.00004270	0.00010080	0.01444709	0.00454747	0.00996444	0.01235133	0.00268391	0.00737003	0.07425192	0.00854215	0.00208574	0.01046747	0.00022590
A[C>T]G	0.00038609	0.00228467	0.01091373	0.24148401	0.01130376	0.18532621	0.00689820	0.00438459	0.00306527	0.01718909	0.01019089	0.00492381	0.00359219
A[C>T]T	0.00004822	0.00021543	0.00263021	0.00003797	0.00232390	0.00256184	0.00390895	0.00910803	0.08957359	0.00558813	0.00505556	0.00299844	0.00024620
A[T>A]A	0.00000074	0.00005340	0.00301692	0.00047939	0.00384898	0.00651515	0.00056745	0.00293930	0.00034789	0.00402367	0.00852306	0.00947114	0.00100446
A[T>A]C	0.00038808	0.00018979	0.00605089	0.00437604	0.00443714	0.01611248	0.00017577	0.00668891	0.00090181	0.00582051	0.00862307	0.00848145	0.00514773
A[T>A]G	0.00034758	0.00007680	0.00516260	0.00089585	0.00047288	0.02373690	0.00004366	0.00712699	0.00127888	0.00766335	0.00370304	0.02116506	0.00561576
A[T>A]T	0.00002041	0.00010673	0.00369670	0.00114977	0.01261175	0.00696616	0.00127371	0.00382607	0.00269341	0.00530691	0.00246199	0.01917421	0.00006552
A[T>C]A	0.00001859	0.00005034	0.01224434	0.00536956	0.03861472	0.01808379	0.00065312	0.00562395	0.00256560	0.01103037	0.00406123	0.01808118	0.00102276
A[T>C]C	0.00005593	0.00021365	0.00505000	0.00101885	0.02723858	0.00838747	0.00159654	0.00329744	0.00360438	0.00795987	0.00765301	0.01015637	0.00161927
A[T>C]G	0.00003660	0.00008369	0.00974988	0.01376252	0.05742839	0.02557388	0.00022447	0.00547720	0.00042021	0.00787468	0.00892090	0.01070987	0.00207253
A[T>C]T	0.00010020	0.00020727	0.01148449	0.01665525	0.00655562	0.02595823	0.00263159	0.00837229	0.00096102	0.01126159	0.01134206	0.02402759	0.00125345
A[T>G]A	0.00015331	0.00015925	0.00150730	0.00007059	0.00013241	0.00323829	0.00050029	0.00180728	0.00322548	0.00261227	0.00267212	0.01131293	0.00036798
A[T>G]C	0.00001207	0.00027597	0.00240524	0.00064553	0.00148625	0.00370628	0.00160914	0.00211534	0.00063741	0.00314891	0.00565612	0.01098323	0.00050065
A[T>G]G	0.00005098	0.00008315	0.00216902	0.00006256	0.00032257	0.00445583	0.00023618	0.00200059	0.00014510	0.00368258	0.01105348	0.01219659	0.00334800
A[T>G]T	0.00002044	0.00000451	0.00239905	0.00036292	0.00160003	0.00427411	0.00395016	0.00220011	0.00003490	0.00740521	0.00204606	0.01140575	0.00074092
C[C>A]A	0.00016585	0.00172622	0.00486011	0.00015045	0.00917280	0.00370913	0.00149623	0.00285993	0.00100829	0.00621715	0.01196290	0.00284993	0.11687746
C[C>A]C	0.00003787	0.00049258	0.01351466	0.00201154	0.01667904	0.00645960	0.00040300	0.00267278	0.00342578	0.01020783	0.02113923	0.00792215	0.05177214
C[C>A]G	0.00016762	0.00019171	0.00395840	0.00082492	0.00754895	0.00271381	0.00043407	0.00169805	0.00025499	0.00425198	0.00299121	0.00180193	0.04357470
C[C>A]T	0.00008500	0.00044129	0.02062072	0.00097657	0.05527663	0.00181072	0.00730805	0.00076433	0.00277423	0.01757154	0.00024164	0.00005936	0.04958802
C[C>G]A	0.00052264	0.00631684	0.00671887	0.00001267	0.00014894	0.00636144	0.00005503	0.00273343	0.00000270	0.00376612	0.03761252	0.00732334	0.00210255
C[C>G]C	0.00018388	0.00061978	0.00197948	0.00009270	0.00000000	0.00618776	0.00000001	0.00363267	0.00000002	0.00202342	0.04849832	0.00474105	0.00333413
C[C>G]G	0.00001033	0.00022262	0.00358053	0.00370671	0.00017117	0.00814399	0.00021922	0.00390155	0.00032156	0.00280211	0.02856104	0.00386121	0.00240061
C[C>G]T	0.00022118	0.00719004	0.00357433	0.00001785	0.00025919	0.00297025	0.00008365	0.00184692	0.00000639	0.00292562	0.07247149	0.00414391	0.00426049
C[C>T]A	0.01180692	0.00440253	0.02055012	0.00433409	0.00035318	0.01533825	0.00049920	0.05073034	0.08263066	0.01066867	0.01263289	0.00929076	0.00271063
C[C>T]C	0.00105073	0.00119257	0.01251529	0.00474113	0.00192695	0.01485014	0.00051281	0.01773566	0.09684945	0.01287208	0.00303147	0.01132740	0.00340197
C[C>T]G	0.00567784	0.00024996	0.01206658	0.26515618	0.00415154	0.06333356	0.01207457	0.02538251	0.01779507	0.01449717	0.00960544	0.00610487	0.00303589
C[C>T]T	0.00138309	0.00353702	0.01100687	0.00013986	0.00182900	0.01585798	0.00347236	0.03232866	0.12644252	0.01137359	0.00473383	0.01213976	0.00046627
C[T>A]A	0.00001651	0.00028429	0.00097877	0.00003905	0.00219296	0.00373982	0.00000000	0.00112101	0.00000004	0.00261084	0.00558504	0.01231443	0.00049727
C[T>A]C	0.00007618	0.00025658	0.00400458	0.00012172	0.00508023	0.00615350	0.00030421	0.00590051	0.00071535	0.00593795	0.01466035	0.02321108	0.00404872
C[T>A]G	0.00029959	0.00011434	0.00563578	0.00067741	0.00262518	0.00891496	0.00005981	0.00490272	0.00041191	0.00685492	0.01430832	0.04689024	0.00954729
C[T>A]T	0.00001337	0.00003092	0.00300742	0.00048550	0.00110712	0.00935307	0.00049243	0.00376513	0.00004014	0.00465828	0.02329828	0.01576227	0.00632549
C[T>C]A	0.00004343	0.00007161	0.00363818	0.00032754	0.03149965	0.00395837	0.00007549	0.00167242	0.00018536	0.00337434	0.00237583	0.00895086	0.00071120
C[T>C]C	0.00016356	0.00019385	0.00483539	0.00016938	0.02804039	0.00720474	0.00008823	0.00357358	0.00002315	0.00630110	0.00964926	0.03012884	0.00268774
C[T>C]G	0.00012604	0.00006913	0.00527297	0.00029764	0.09642802	0.00330552	0.00009865	0.00083273	0.00025651	0.00332161	0.00498282	0.00184613	0.00000750
C[T>C]T	0.00009740	0.00036035	0.00542870	0.00048479	0.02703858	0.00979646	0.00066979	0.00446669	0.00333569	0.00741299	0.00841275	0.02787920	0.00060069
C[T>G]A	0.00000000	0.00002505	0.00114985	0.00024666	0.00030259	0.00278746	0.00088723	0.00134494	0.00000645	0.00298631	0.00550210	0.00444247	0.00131995
C[T>G]C	0.00005813	0.00006143	0.00316418	0.00066637	0.01006320	0.00763163	0.00106049	0.00237860	0.00004182	0.00371960	0.00580939	0.00850679	0.00208083
C[T>G]G	0.00000000	0.00011877	0.00205432	0.00013007	0.00901966	0.00493396	0.00139906	0.00257786	0.00001191	0.00387890	0.02536246	0.00732898	0.00142765
C[T>G]T	0.00000208	0.00031576	0.00387721	0.00075170	0.00919231	0.00916766	0.00545625	0.00454790	0.00001948	0.01478676	0.00952950	0.01162671	0.00440162
G[C>A]A	0.00015764	0.00012467	0.01190344	0.00174421	0.00002200	0.03317666	0.00110147	0.00841262	0.00355750	0.01760170	0.00401412	0.01730352	0.05422818
G[C>A]C	0.00000174	0.00008168	0.00167696	0.00018734	0.00077667	0.00122930	0.00112957	0.00068803	0.00044058	0.00387419	0.00443872	0.00081899	0.12694017
G[C>A]G	0.00001643	0.00000197	0.00204923	0.00290637	0.00017146	0.00582339	0.00012393	0.00173624	0.00077707	0.00384614	0.00071318	0.00182611	0.03777563
G[C>A]T	0.00005337	0.00015039	0.00608171	0.00054468	0.00352098	0.01209393	0.00422897	0.00362925	0.00172212	0.01605713	0.00315706	0.00879665	0.08052587
G[C>G]A	0.00059459	0.00143399	0.00418047	0.00002950	0.00008223	0.00553371	0.00007696	0.00345855	0.00005942	0.00284389	0.02332637	0.01082520	0.00297098
G[C>G]C	0.00020227	0.00025494	0.00490431	0.00047597	0.00432661	0.00622449	0.00006256	0.00309014	0.00053564	0.00616691	0.02159144	0.02148183	0.00095856
G[C>G]G	0.00018910	0.00044350	0.00202275	0.00008712	0.00020775	0.00441522	0.00000429	0.00184453	0.00003443	0.00191475	0.01423605	0.00646221	0.00186574
G[C>G]T	0.00013989	0.00227165	0.00462002	0.00046643	0.00070098	0.00553055	0.00008835	0.00308909	0.00004797	0.00257300	0.05031384	0.00383476	0.00536235
G[C>T]A	0.00136078	0.00608927	0.04187964	0.00475971	0.02648731	0.01101090	0.00072076	0.01194654	0.08472446	0.01189494	0.00295271	0.00421377	0.00116237
G[C>T]C	0.00097863	0.00159413	0.05758335	0.00376873	0.04623881	0.00612197	0.00945689	0.00549343	0.08569723	0.02142276	0.00133430	0.00045993	0.00054133
G[C>T]G	0.00021413	0.00227996	0.03586048	0.31016207	0.03979405	0.02199670	0.01911569	0.00603153	0.01087256	0.02259356	0.00279466	0.00333717	0.00243901
G[C>T]T	0.00010904	0.00088812	0.02289682	0.00184708	0.02898526	0.00282543	0.01019282	0.00568238	0.10912237	0.01615751	0.00107304	0.00020319	0.00029702
G[T>A]A	0.00031533	0.00040933	0.00203418	0.00022814	0.00303295	0.00265937	0.00000002	0.00168192	0.00001155	0.00244279	0.00489941	0.00991657	0.00049177
G[T>A]C	0.00068627	0.00005952	0.00351442	0.00088715	0.00367113	0.00746448	0.00034261	0.00341120	0.00107520	0.00425496	0.00962741	0.01291657	0.00036728
G[T>A]G	0.00005071	0.00012121	0.00412392	0.00007963	0.00115573	0.00742891	0.00000000	0.00246608	0.00060320	0.00494920	0.00718901	0.02688390	0.00261773
G[T>A]T	0.00003316	0.00002920	0.00249731	0.00033156	0.00100215	0.00458583	0.00025061	0.00257939	0.00354989	0.00422132	0.00867514	0.01116346	0.00309751
G[T>C]A	0.00000396	0.00001784	0.00081363	0.00008482	0.09518888	0.00050514	0.00272831	0.00003530	0.00017473	0.00324864	0.00000056	0.00039268	0.00000002
G[T>C]C	0.00001170	0.00003179	0.00537967	0.00121702	0.02974740	0.00713766	0.00215189	0.00319725	0.00019527	0.00764978	0.00408511	0.01785059	0.00328230
G[T>C]G	0.00000611	0.00009650	0.00255739	0.00023697	0.06993189	0.00131533	0.00159731	0.00052754	0.00012374	0.00315137	0.00153759	0.00417849	0.00018788
G[T>C]T	0.00005751	0.00002688	0.00553201	0.00246739	0.05122237	0.01036968	0.00381186	0.00512074	0.00121009	0.01013426	0.00340685	0.00968024	0.00152607
G[T>G]A	0.00000033	0.00008538	0.00110119	0.00004422	0.00006847	0.00227126	0.00000000	0.00091175	0.00048747	0.00146440	0.00731231	0.00898693	0.00045477
G[T>G]C	0.00000158	0.00000006	0.00218651	0.00010518	0.00183253	0.00280979	0.00067502	0.00118289	0.00011855	0.00278122	0.00398917	0.01361312	0.00238504
G[T>G]G	0.00000531	0.00003131	0.00218752	0.00001171	0.00026555	0.00702604	0.00015986	0.00271222	0.00338323	0.00335124	0.01358635	0.02006897	0.00160970
G[T>G]T	0.00000000	0.00000000	0.00118926	0.00001942	0.00493619	0.00258453	0.00113115	0.00092346	0.00000001	0.00276007	0.00327243	0.01256620	0.00007724
T[C>A]A	0.01521555	0.05018163	0.02290285	0.00008890	0.00001143	0.00964825	0.02483801	0.01388364	0.00005809	0.06466896	0.00244959	0.00746822	0.03273893
T[C>A]C	0.00731907	0.02115404	0.02083902	0.00166507	0.00097892	0.01361524	0.01324477	0.01389632	0.00036584	0.03118185	0.00576493	0.00939753	0.09942626
T[C>A]G	0.00642453	0.00236255	0.00593093	0.00176768	0.00010321	0.00755742	0.00343161	0.00775980	0.00001957	0.01094235	0.00108001	0.00220788	0.02846304
T[C>A]T	0.00001085	0.00953845	0.00056425	0.00000014	0.00002402	0.00000828	0.17990484	0.00018500	0.00000001	0.20571810	0.00000125	0.00000025	0.00261930
T[C>G]A	0.00168033	0.20349382	0.24632574	0.00000159	0.00003639	0.00000302	0.00005759	0.00038845	0.00000001	0.00011498	0.00027948	0.00003018	0.00000161
T[C>G]C	0.00141623	0.10391357	0.04898732	0.00001725	0.00000617	0.01180756	0.00006846	0.01075631	0.00060284	0.00936870	0.02064864	0.00658993	0.00332181
T[C>G]G	0.00033271	0.01994650	0.02891449	0.00004720	0.00025157	0.00396238	0.00000000	0.00341826	0.00041170	0.00191080	0.01161390	0.00283778	0.00103503
T[C>G]T	0.00296144	0.49623622	0.00985988	0.00000814	0.00023713	0.00008400	0.00000001	0.00088644	0.00000068	0.00030223	0.00133407	0.00001323	0.00010001
T[C>T]A	0.61970842	0.02589648	0.00693840	0.00005120	0.00246873	0.00034872	0.00038034	0.00276436	0.00007001	0.00063122	0.00000301	0.00005243	0.00006236
T[C>T]C	0.06923647	0.00477665	0.02075528	0.01099537	0.00031138	0.01590962	0.01635448	0.23820537	0.03702952	0.03449151	0.00561919	0.00328327	0.00493961
T[C>T]G	0.07697931	0.00019986	0.00130757	0.05415395	0.00040054	0.01142371	0.57242739	0.01690237	0.00008795	0.00730527	0.00000013	0.00000026	0.00004932
T[C>T]T	0.16381804	0.00051237	0.00127684	0.00003853	0.00002045	0.00128152	0.01324472	0.27037416	0.02484999	0.01861527	0.00219114	0.00101478	0.00064044
T[T>A]A	0.00001817	0.00008960	0.00425081	0.00198955	0.00186998	0.00752078	0.00030693	0.00349516	0.00046367	0.00397351	0.00374881	0.01079440	0.00168240
T[T>A]C	0.00006580	0.00019195	0.00266827	0.00086018	0.00071159	0.00628793	0.00050128	0.00293246	0.00041090	0.00481894	0.00848746	0.01744814	0.00319037
T[T>A]G	0.00002404	0.00001879	0.00200886	0.00014910	0.00033418	0.00500677	0.00024797	0.00142739	0.00039348	0.00315599	0.00833954	0.01933982	0.00081867
T[T>A]T	0.00000000	0.00004477	0.00292532	0.00014527	0.00095077	0.00885071	0.00088397	0.00369012	0.00038858	0.00660151	0.00794279	0.01480533	0.00089476
T[T>C]A	0.00002201	0.00021151	0.00835074	0.00031692	0.01715304	0.00501214	0.00159713	0.00158935	0.00268992	0.00605825	0.00293529	0.00966766	0.00267057
T[T>C]C	0.00017594	0.00025503	0.00487958	0.00155181	0.01885303	0.01104353	0.00301434	0.00367221	0.00042718	0.00921172	0.00629246	0.02515416	0.00255649
T[T>C]G	0.00003042	0.00016359	0.00771925	0.00181078	0.02145769	0.00546768	0.00103441	0.00120801	0.00073557	0.00505137	0.00346704	0.00466697	0.00017078
T[T>C]T	0.00002302	0.00003374	0.00646018	0.00327140	0.01030396	0.00944724	0.00417681	0.00419288	0.00239550	0.01147620	0.00281986	0.02350334	0.00040702
T[T>G]A	0.00000050	0.00004810	0.00164100	0.00007881	0.00015406	0.00315216	0.00418955	0.00141026	0.00041638	0.00665199	0.00444759	0.01104511	0.00086051
T[T>G]C	0.00002181	0.00016096	0.00161175	0.00007437	0.00027269	0.00356198	0.00264132	0.00236938	0.00352998	0.00634921	0.00217154	0.01629896	0.00053956
T[T>G]G	0.00007733	0.00015030	0.00268964	0.00033110	0.00076679	0.00490345	0.00164010	0.00217412	0.00003707	0.00413801	0.00510176	0.02526374	0.00081719
T[T>G]T	0.00000000	0.00001114	0.00139106	0.00001211	0.00053632	0.00425278	0.02427497	0.00140623	0.00082765	0.03030870	0.00588077	0.00934039	0.00052392
