MutationType	SBS96A	SBS96B	SBS96C	SBS96D	SBS96E	SBS96F	SBS96G	SBS96H	SBS96I	SBS96J	SBS96K
A[C>A]A	0.000381202619668951	0.0013546117106320711	0.0012841788320505571	0.012103303681276937	0.000246802417906693	0.00022350829249283776	0.01126819602647737	0.010345452168990906	0.023719758451257074	0.001696867309173017	0.04035859414410794
A[C>A]C	0.0004881722969816522	0.00037741749876855034	0.00385027689547662	0.017712417804295947	0.001409765468406389	0.00129815548769443	0.015018582622822558	0.02182495327108131	0.01598342755300328	0.000815403346844691	0.044477514965429725
A[C>A]G	8.715602037831083e-05	0.0003096160843469988	0.0018062956507097856	0.005281445724801803	0.00025601311119638503	0.00045718622176949176	0.00409638915757958	0.006751756204128643	0.006909835390506984	0.0008646879548099662	0.012438133083934075
A[C>A]T	9.271887969848081e-05	0.0002021396528916739	0.0008827400529122045	0.004850209475293981	0.0018346837140094158	0.0060066664637997745	0.010854684363845535	0.007050050320611248	0.015550335289853268	0.001160001524216027	0.03430940347334672
A[C>G]A	0.00044250374749543644	0.00376673947817714	0.00018476274398951454	0.003567715874832082	0.0004341471511298116	0.0007772729445910578	0.0033117410647285485	0.03893241846887912	0.004998439331858586	0.0013169856005984144	0.003470843035203257
A[C>G]C	0.0005556565713863682	0.0025362184865168	0.00022061820108505085	0.004775217900463209	0.0003423961300620988	7.732731721820585e-05	0.0030428295858333457	0.03353473786311212	0.005809150056916764	0.003052460766380392	0.0062753217954746605
A[C>G]G	5.707730525898569e-06	0.0016632875281169088	0.00014342655103688734	0.0016490722757035634	0.0004469455950602543	0.0001105640060702946	0.0017571453980444911	0.022280717617954904	0.004089382797896871	2.1502053108526375e-06	0.002355740721808873
A[C>G]T	6.519103623735253e-05	0.005122920399514681	3.4316932998912363e-06	0.0028538012685336085	0.0006956234055652431	9.658727983236304e-05	0.00207327843956879	0.04207458043045657	0.008856544111300413	0.0024283386728756132	0.0011397115001773415
A[C>T]A	0.004119058346374695	0.001249512744722771	0.007083042247570813	0.009936845319529198	0.0069171725919319445	0.0007480108688668609	0.011316884612025421	0.01173614430160243	0.008395623188885377	0.08094660178222511	0.0023985019359436138
A[C>T]C	6.688031627301689e-05	0.0001470315902646604	0.003814211070995969	0.00827885367148925	0.012219467329246357	0.0034265971728010894	0.014472687228927725	0.003054487735044522	0.010864146984308149	0.06977578143735855	0.0004528839949787198
A[C>T]G	0.0009458423982055201	0.0027068664039022797	0.28564432594529965	0.016525381082937763	0.01871086127598006	0.011087234774937102	0.06244864850126871	0.014821670587495488	0.010522476381678459	0.002886160202537871	0.005000661127927563
A[C>T]T	6.203937839215852e-05	0.0005235229824322154	7.689759425752385e-05	0.005358502318606648	0.002214396279867844	0.004572558310180658	0.00500205890370225	0.004251869843520708	0.0027587072005953923	0.08396294835466697	0.00017910382612273422
A[T>A]A	7.952564124939832e-05	0.00023791793292556631	0.0007657835021224391	0.003679699091075118	0.0037369906544181502	0.0006628112633865726	0.003760750151172061	0.008159236317074346	0.00986040864550985	0.0003953300657370917	0.0010925166300214712
A[T>A]C	0.0005735765934165329	0.00027022883422751917	0.005687266935407265	0.007839721842633924	0.004500352003538353	0.00017798441981176438	0.007392816305788134	0.00916039350987802	0.01030871439915238	0.0010959343897546886	0.006553357219501379
A[T>A]G	0.0006047726655072068	0.00010245882861767618	0.0020710620043953155	0.009426693276201461	0.0006943764638339109	1.4950816519558429e-05	0.009998233800001054	0.006110883978732083	0.02298990641709577	0.0020181049780327942	0.007561746867306433
A[T>A]T	2.9764259294267957e-05	0.00018711416436200306	0.0011098025457357537	0.0038871471627383515	0.011836159304499461	0.0013968800975100474	0.005793195076574819	0.0026848115448723747	0.018493912167494058	0.0030691484907472387	0.0003278354190374273
A[T>C]A	0.0002302898764734677	0.00019680301434565266	0.00624768555992708	0.009383141083623116	0.034423835313768	0.0007343416312924576	0.013194872801413297	0.004492619376496456	0.022440429276788167	0.003226307829722648	0.0014000942891669306
A[T>C]C	0.00012707415646013946	0.0003457880184197819	0.001216540811036026	0.0049544138219129365	0.024032398129546436	0.0019306200791561422	0.007263543625983743	0.00803926397122022	0.011672223951075736	0.0033761409769347637	0.0019053835493131998
A[T>C]G	9.322973555409193e-05	0.0002505384878567643	0.016800530248247455	0.0077298124747524075	0.04943706946079328	0.0002389341336965174	0.012576179195465975	0.010747308634560198	0.01654105103591796	0.0005949412975182014	0.002361375452070157
A[T>C]T	0.00035772236615062614	0.0005354178848987731	0.02068113382574808	0.010538739841063894	0.006331147068141036	0.002825739754829556	0.01127012448880609	0.01379729865851116	0.026342933893200353	0.0011016325612535525	0.0019113378742079074
A[T>G]A	0.00015380035762822787	0.00021751330643192545	0.00014371128975486068	0.0020485380638582277	0.00013518453204913072	0.0005925378547468654	0.0016458181121656139	0.003334455299418134	0.01011485212759348	0.003345859778756392	0.0008126911104957486
A[T>G]C	1.5751229481225013e-05	0.00038430150064462865	0.0006135350158234587	0.002216961882419859	0.0014491779601056305	0.0018740788266823714	0.002659121897123427	0.00648321346168127	0.009658242011724489	0.0005499057020651455	0.000806728587274464
A[T>G]G	5.7325911932559303e-05	0.00026931584874691954	6.727261059164036e-05	0.0023115257244091937	0.00042464691257308826	0.0003105921421834381	0.002335537836219913	0.011919893757223247	0.008951006376895566	0.00015258737459936534	0.005153124520201203
A[T>G]T	8.071399175259157e-05	8.712034555120773e-05	0.0005807930284862692	0.0027178426258048704	0.0015705417454437338	0.004793715715487963	0.004926027797879641	0.0023824802466376233	0.011162736263920534	0.00013511579829883047	0.0014496480209214165
C[C>A]A	0.0002201878465735234	0.002191319846741446	1.4872377107622013e-10	0.0028167404108729675	0.009592820545394431	0.001983498330126167	0.004612952474691014	0.0115938552736745	0.002304740548758204	0.001005481090656013	0.10243645865097642
C[C>A]C	3.628880751444632e-05	0.001306491489965477	0.001676741711795084	0.0059707241730739624	0.01861518913428182	0.000619728813496259	0.010675009328801308	0.020186481594334334	0.005658385902947799	0.0033146618027617477	0.04628313024621382
C[C>A]G	0.0001952351764993059	0.00021187577592912056	0.0007339522066824577	0.0025438079611043132	0.00787630539881249	0.0005280489106996117	0.0034134619700241725	0.0025413948378115504	0.0021187506351358935	0.00017621754960985925	0.03917044719852197
C[C>A]T	8.948994081553826e-05	0.00043631614969005204	4.544088835547841e-05	0.003414370236496092	0.055756633154592936	0.009265804670799724	0.022888587599780578	0.00034540369228608315	0.0007153924444870511	0.0018472604954498024	0.04257255960879229
C[C>G]A	0.0006853184219700975	0.007780877727206196	8.488656375230615e-05	0.004415729397517269	0.00013734671284289845	3.921154071126587e-06	0.0035282889973383895	0.032835143679146014	0.006537410589787674	5.307658379558172e-05	0.0025878626815314496
C[C>G]C	0.00025299314772589377	0.0016065688987263336	0.0002683727501375799	0.0030652074885931598	3.3783845303503314e-09	1.925091440035942e-09	0.002556874148217033	0.04028260545425462	0.00492169582482088	2.601452643791191e-08	0.003601501193510381
C[C>G]G	2.0230229154421442e-05	0.0007986294201619888	0.005076527024236725	0.003541119851467158	0.00018302768210073483	0.00011331829273107986	0.0034718050653017255	0.025887926978954905	0.004036104325219782	0.00035927927824651106	0.0020617248068272006
C[C>G]T	0.0003240102828124885	0.008314734156875232	0.00011730277347173601	0.002792949253838117	0.00032025585919186027	0.00011748576831129504	0.001675914441716049	0.05790737050715731	0.003921875424457217	8.49752238612833e-06	0.00458507943301668
C[C>T]A	0.013088472535517776	0.005822536779716197	0.006775337221128119	0.0364722327302341	0.000374768799495911	0.00029351046259969295	0.008754896344406031	0.01416623921549739	0.011526647489148296	0.08603454563297853	0.0039055697135103175
C[C>T]C	0.0012791456183347965	0.0015036545602361213	0.0055144527124784525	0.015547621192648197	0.0019603483323068177	0.0006352482003652267	0.011175853316814312	0.004117957295934717	0.013401492573083698	0.09417941211548315	0.004982644389270632
C[C>T]G	0.007710375221514201	0.0004765519030833072	0.25328090044816537	0.03215278743256727	0.008114098817852923	0.012962557259683965	0.021075809083017795	0.011007771924724234	0.009316035119640688	0.017818781522269178	0.0038261978862719134
C[C>T]T	0.0015826768378250028	0.00419637487294776	0.0006419492094252437	0.02434408280193272	0.0017510758547319677	0.003972592037699813	0.008433107417979892	0.005639981203907212	0.018072373915103565	0.12391520082901815	0.000468286255330014
C[T>A]A	3.424853296474112e-05	0.0004301557368214688	5.9840480048364954e-05	0.0012489647558389051	0.0021156469341224236	8.805877627082737e-11	0.001820764095192758	0.00595844317965215	0.011438263193915287	3.677891506548292e-08	0.0004006598263614336
C[T>A]C	0.00016057283720366042	0.0005374250727468777	9.377157808021954e-05	0.005223677316069344	0.004779784408205615	0.0003997054730134551	0.0037309354508265357	0.01582457166679575	0.020828972364194728	0.0008093773977969362	0.004694382836708143
C[T>A]G	0.00037530126521432015	0.0005789064451965657	0.0008043637550651326	0.006284803216876305	0.002758306378603308	6.099501995504397e-05	0.005036983163791992	0.017914026131687084	0.03659867450769272	0.0004777682842807778	0.00984047321462909
C[T>A]T	6.029322517890634e-05	0.0006891089651110738	0.0007465737562185968	0.003568360266370508	0.001308640313264803	0.0006220669691284683	0.004306693547408486	0.0218801470387036	0.0148593039420698	1.4761520534999129e-05	0.0068017858450313325
C[T>C]A	5.50426828909389e-05	0.00011487430093360154	6.802073383133687e-05	0.0022323291482929976	0.030059608528320382	4.216243044463397e-05	0.003141417160421696	0.0032609316534256585	0.007683942562998584	6.595961965589899e-05	0.0011875586021019857
C[T>C]C	0.0002767196319722558	0.0004770362126244283	9.725110020386296e-05	0.003511268434195046	0.027059355842663536	0.00010190084354821583	0.005023096002946915	0.01137683579479783	0.025284492614983948	4.392559939663698e-05	0.003422875899801749
C[T>C]G	0.00012859433654569495	0.0001261050131022019	7.140569925124539e-05	0.0007651168993550348	0.0870430763583039	0.00016280673719516858	0.004669127292713469	0.004579486457018807	0.002723799693857794	0.00025605952112231977	0.00014016474017238806
C[T>C]T	0.00020083947950146226	0.0005772605514583546	0.0007460104075719633	0.005462060429304746	0.02525972022977119	0.0007487227953897956	0.0062923628488324255	0.010238120002333588	0.024391236256528146	0.0036580818553071594	0.001560281903081382
C[T>G]A	2.0755955949425698e-05	9.948229581531099e-05	0.0003756192759799255	0.001223896079704474	0.0002665706976328366	0.0010907317868040528	0.002117825238626852	0.005572589215696155	0.004513566303602054	5.1661932130340646e-05	0.001380421500259767
C[T>G]C	8.216871719986764e-05	0.00020050174481582982	0.0008116425755973439	0.004102258964790525	0.009227688011020063	0.0011251108797324303	0.0038650092297885692	0.006190666494954712	0.008602547761382345	7.159167500602593e-05	0.0027010644089416483
C[T>G]G	1.961817850054744e-47	0.0006207454213044343	0.00010680243690924645	0.0020422331030900773	0.008035202807045607	0.0017174247096089345	0.0032037952114173152	0.024575762007214338	0.005138046764692021	1.9306250844152827e-05	0.0015275047687306688
C[T>G]T	8.420495828568166e-05	0.0007189575467539928	0.0006874094851266755	0.005225357206022238	0.008561892420890217	0.006622638574555026	0.008472726106101447	0.010162354283735226	0.014191005901958788	9.373625298812272e-05	0.0057572509741710175
G[C>A]A	0.00016640745177637714	0.00012998174085118345	0.002793721969359181	0.018830003645488508	1.3254997882768294e-05	0.0014138893253739652	0.016268385626452813	0.005277186539431696	0.01876507688630595	0.004246679595697316	0.05746892966140719
G[C>A]C	1.1349847028144214e-05	0.0001576013653423347	0.0002824131033322658	0.001242280351991	0.001269174881578141	0.001711240851601488	0.002471648449426284	0.004922001372075977	0.0008246713791968254	0.00045927613446775567	0.10818569364506357
G[C>A]G	2.6027618150013866e-05	2.9646236107583e-06	0.0038220926763200833	0.0025733456212203337	0.00016994879815129593	4.6009437355305495e-05	0.0025128463908476134	0.000746901264998403	0.0023709919782898946	0.0005392878340974008	0.03524861663216513
G[C>A]T	9.657816766881667e-05	0.00021986171288447326	0.0007383850219566384	0.005983177039496433	0.00424419523612994	0.005442474897590102	0.010807359669271264	0.004133560816938285	0.007477321176510415	0.0018914682124396573	0.07650212814114292
G[C>G]A	0.0008733555974890934	0.001633620958724925	3.398949296493825e-05	0.003694242888044819	0.0001236425378761715	7.943193174780694e-05	0.0024975414796505097	0.02202737494408609	0.008927516009585362	3.978197301812259e-05	0.004042503451497275
G[C>G]C	0.0002751175019444612	0.0006517001293615721	0.000338416879987692	0.0040582283503838995	0.004513204839309267	7.218517370210974e-05	0.0037855887001315264	0.022241993876967903	0.016892844549455648	0.000560498959008171	0.0021328649256768823
G[C>G]G	0.0002561515501576821	0.0008252454916494818	0.0001009885108935488	0.002362194965740482	0.00021776330937485255	3.973247114430478e-09	0.0021259102090654095	0.013383885871881872	0.005210512842462948	5.320643207436238e-05	0.0020931723053855505
G[C>G]T	0.00016995298379090984	0.003433378239060115	0.0005934685785420082	0.003535969778808347	0.0007521357298543414	7.645113300732831e-05	0.003446202710481078	0.041108072701430444	0.0039678139709200125	7.627262966304115e-05	0.005967415267666837
G[C>T]A	0.0018670252612695126	0.006529408149774994	0.0036761355090609133	0.013666447292543661	0.033831645420882	0.0008257426223560032	0.026783923389097006	0.0038032055239937187	0.005531082128170484	0.08171966278463788	0.0013923870771044733
G[C>T]C	0.0013481024192977956	0.0017096390714557666	0.0021577659437079636	0.007043921852895206	0.058439400766751616	0.011551813867381189	0.04316072211125936	0.0007921025283611237	0.001555943551850893	0.07974517701217901	0.0009383968834670088
G[C>T]G	0.00036155209391495303	0.0032904930421300133	0.24213437221773593	0.014241043670065932	0.05202805115379137	0.023207836685657072	0.06145913670699618	0.0016240572651080067	0.004989919817395298	0.012323018969130317	0.002562390036779749
G[C>T]T	0.0001929624779578981	0.0011738895289308607	0.0008917720618737217	0.004632322630488093	0.03413162533667352	0.012536476682657376	0.02206404721307478	0.0005352787665068072	0.00038468177961754576	0.09892572280507057	0.000425771948182548
G[T>A]A	0.00031979690997647835	0.00048525941003045624	0.00020076001679903045	0.0021561532996605343	0.0031951358259900645	8.608497679233551e-06	0.0018326822682836275	0.004971620612516808	0.00851971679759887	0.00015109526848584664	0.0008969320381761463
G[T>A]C	0.0008289986793657534	0.00025926708210143663	0.0009880695247138198	0.0037568167489966412	0.003725904862286143	0.00042980865985714446	0.0038335671925033665	0.010690797514998721	0.012195786932677777	0.0009449808797842561	0.0006817573507270244
G[T>A]G	7.783942291584813e-05	0.00020741175795689786	5.0757009633286995e-05	0.0040064423769033755	0.0015743966424759464	1.2743128507963775e-10	0.003381092455218491	0.008192460531313867	0.023935650368100404	0.0007202794841938172	0.004164717642043491
G[T>A]T	4.951600708685512e-05	0.00020406122304689233	0.0003495652216543564	0.0028220873756334298	0.0010296936838041688	0.00030986460240377766	0.003241639664080573	0.009020096742598425	0.009856282240248987	0.0036028599906314865	0.0034878751683201726
G[T>C]A	2.3638611866664374e-06	7.795021586133543e-06	4.03890598427556e-06	0.0003188128969382939	0.08209241573036843	0.0034459040827831016	0.003071951985630612	1.702852071758884e-07	0.001447326253113427	0.00017105329432673562	1.7564915272938465e-08
G[T>C]C	2.0431984876822184e-05	0.00010465412332964163	0.0012786520920120353	0.0037027233096830433	0.02819258993267913	0.00256857994841108	0.007008562789166101	0.0058297871699526695	0.01532928246624806	9.905162220820785e-05	0.0037123466789084885
G[T>C]G	8.032000656310601e-06	0.00013931912610747177	8.261055031135811e-05	0.0008856529656250407	0.062179329318981215	0.0019737853184948334	0.0032456019027845857	0.0018266558302051776	0.003577628945892082	0.00011767890121828948	0.00010205155302830349
G[T>C]T	0.00012969358296682936	9.002776845392194e-05	0.002458329668442821	0.006376167436353796	0.04563690049169975	0.0045293289161514125	0.0075093273558031436	0.0047728245855621345	0.012376334151145097	0.0016365923958184966	0.002210885940682342
G[T>G]A	9.776256019327078e-07	0.00017366101634197406	0.00015007759306324663	0.0013777641300758514	7.091578146709577e-05	1.582973956137934e-09	0.001045993274586181	0.00692450302988472	0.007499172851566236	0.0006470917002727852	0.0004336175758214189
G[T>G]C	2.9604827336910944e-06	1.2560264898894502e-05	0.00012493727060261772	0.0016651799978214968	0.0019101276533925785	0.0007995609313670684	0.0020348449411589707	0.005102313185752798	0.010811791680505351	0.00018287268446129888	0.0025197410614623316
G[T>G]G	9.691291724671203e-06	9.422754884242579e-05	7.210029878031321e-06	0.0027634245898608754	0.0003202077645166419	0.00020042434092994908	0.003114448089123371	0.01613774544274954	0.014696916370951335	0.0036220835285900674	0.0022271546805646024
G[T>G]T	2.2553055710972104e-08	4.412956290553183e-05	2.4525091540754218e-05	0.0012877357739253838	0.004670026249162305	0.0013712249740209055	0.0018437946912268721	0.003925573723711075	0.011021343455632902	4.280662789469147e-06	8.374745564978525e-05
T[C>A]A	0.015969596280623093	0.04668454126913082	0.0001554140704015383	0.026459829184786326	1.587364593916618e-05	0.030235629313247504	0.03249781684997379	0.0025398004612607393	0.011019088987772211	6.274622328718937e-05	0.039697391404590006
T[C>A]C	0.007869199877869985	0.0203833062516523	0.0026728496030734195	0.02235038398746906	0.0013390992094170753	0.013285171478309201	0.013715582384893258	0.007125245428669459	0.015369416367486639	0.0003976297041378708	0.09566481978490433
T[C>A]G	0.006472000497415081	0.0018639713875910737	0.0024178888761630583	0.010705061421639992	0.00018468876658592136	0.003618530148193884	0.005450896688238069	0.0009260505042433493	0.0028168999482511624	2.7463312588153598e-05	0.030175669050211403
T[C>A]T	9.246179050748896e-05	0.008766677075676483	8.071500850093116e-08	0.00032054058370171746	1.9790603073438717e-05	0.2213694081692937	0.1294724780548897	9.485258751104756e-05	3.816880140153051e-06	1.367296400545115e-08	0.0012308684656519532
T[C>G]A	0.006868080865225967	0.23696122294619146	2.4120114015118253e-06	0.07277394817611958	5.2596236527928885e-05	1.1191495831004872e-05	0.05571930238902794	0.0017783626294875195	0.009122655653501963	7.285466299578047e-09	3.1340987004560397e-06
T[C>G]C	0.002862680240260141	0.09935547997526817	8.662759661423181e-05	0.024015392840639367	9.413050310300264e-06	9.197908983214375e-05	0.014263528362674737	0.022150844145735746	0.012146154442662671	0.000608171768627278	0.004407334822843338
T[C>G]G	0.0008747345852469777	0.024741462773024636	0.00019210733046250538	0.009524328503852247	0.0002761257903802914	1.7878774416502096e-09	0.0070717937687771485	0.011601772181355934	0.004515550236912255	0.000503915649786741	0.0013081367958840105
T[C>G]T	0.0076706181045157005	0.4344408001108095	6.407025007135303e-06	0.0020518611147410724	0.0003483495811029904	6.332510570361549e-10	0.0038453101274800536	0.0023161209847221927	0.00017568916220103635	1.732537672465284e-06	7.79907609676943e-05
T[C>T]A	0.5424536306783557	0.0332518900629663	0.0003765536390018703	0.006102812190557041	0.0029835898437715045	0.000533391243745612	0.002511553177458953	2.1531227706843315e-05	0.0001681616384668387	0.0015215050380846396	0.0003187950722410464
T[C>T]C	0.08617867563977204	0.00563017376790505	0.011665604696979923	0.16164645284721774	0.0002248482560067373	0.018201216932743805	0.014227188659647812	0.008908643499789794	0.009539859691995627	0.052625186914567385	0.007919335086419626
T[C>T]G	0.09117832465702096	0.0002810062953953977	0.0677492354219153	0.015814217955577126	0.0004384219092039582	0.47791083484888075	0.008793713607208733	1.72503192864327e-07	0.0006655505806748972	0.00021948428659077736	1.541141156438641e-05
T[C>T]T	0.1867753783726531	0.000790923643272609	2.6400887904653557e-05	0.15761354286259482	1.3100530280553358e-05	0.020565330700822063	0.014378072726996012	0.0024108078099263023	0.0017220005877376882	0.03647323650730777	0.000900190869217628
T[T>A]A	3.963912224614674e-05	0.00021248115764762538	0.0026665800901937153	0.005143487504520333	0.0018433722398074792	0.0002524199848788695	0.004407592936366964	0.004329910480262394	0.010568773105075098	0.00048719879180680436	0.0022173529144289945
T[T>A]C	0.00010290364962067144	0.00020594246274132643	0.0014349982463093412	0.0034702949559311663	0.0007017046632937536	0.0005548867402339965	0.0031002165306620384	0.008574985581949399	0.01695963991816845	0.00047360174160115774	0.0029989963090434344
T[T>A]G	2.897431182389809e-05	0.00015726671118940772	5.8337904159399654e-05	0.0021951024653558806	0.0004104385214191404	0.0003052551790819109	0.002430363946068212	0.009824046219873388	0.015654332970311866	0.0004707279529676436	0.001328347918600617
T[T>A]T	3.4340704036139866e-07	0.00027945727188131243	0.00044805105208000343	0.004440621407596483	0.0010644060736422461	0.0011443007696807967	0.004725166647508967	0.009824221137276481	0.014686033694540874	0.0005530502274784333	0.0014316532178033582
T[T>C]A	3.5822841831439454e-05	0.0002798740627800669	8.838294289211035e-05	0.0027053954566497395	0.01806978173430283	0.001847958884523223	0.006999876472261519	0.0032432414843161154	0.00951578415788407	0.0020476834180893208	0.0034838221132455515
T[T>C]C	0.0003739718464375983	0.0004021507446052146	0.0022735054103955343	0.005079885453084233	0.018921451439387966	0.0034327162221567337	0.00799627820762268	0.0076754993156822595	0.021057422113204213	0.00038871535134409627	0.003435097074663379
T[T>C]G	6.116464308998357e-05	0.00015811301850062912	0.0015172112659348016	0.0024907828191161126	0.021494073262889855	0.0012183202985279421	0.0077144919230994445	0.003891561808726168	0.004651337082410435	0.0007396003536490809	0.0002467407048563322
T[T>C]T	0.00010824380143533574	6.386804673206293e-05	0.0022263850008614446	0.005489414182675489	0.009850395889650854	0.0052056370463128875	0.01071453402030422	0.0039139029747973265	0.023078612599030015	0.0025727309568431165	0.0008787691487645191
T[T>G]A	4.382541067908719e-05	0.0001736058234189244	3.769297018170192e-05	0.0018425822539780584	0.00014142805457140995	0.005198957200918414	0.004206130296089732	0.004796247308962329	0.010137730289489994	0.0004717473407520991	0.0014647968626842515
T[T>G]C	3.1217820694294576e-05	0.0001866689584773489	0.00012786770953988124	0.0027858467056040724	0.00038638771447417494	0.003324367290487203	0.003911503534604421	0.003932845136695102	0.013194990475059313	0.0037680662647041744	0.0007362134939513609
T[T>G]G	0.00013476368826930612	0.00015651749537639326	0.0005513134816495651	0.0028668995728862753	0.0008272701726713905	0.0017681458871764448	0.002831950540594365	0.006962904493461977	0.021254668770635952	2.5261614408449872e-05	0.001575278033148567
T[T>G]T	0.0	0.00013155247420252182	7.11402964906794e-05	0.001534478157712627	0.0005941892734387011	0.029698872850736562	0.019045206224582365	0.007149499650443914	0.008031223240891443	0.0008364592872748673	0.0009146075064476347
