Samples	SBS96A	SBS96B	SBS96C	SBS96D	SBS96E	SBS96F
TCGA-2F-A9KO-01A-11D-A38G-08	424	165	0	64	18	13
TCGA-2F-A9KP-01A-11D-A38G-08	42	36	26	0	45	11
TCGA-2F-A9KQ-01A-11D-A38G-08	8	11	22	0	30	5
TCGA-2F-A9KR-01A-11D-A38G-08	96	98	13	21	24	30
TCGA-2F-A9KT-01A-11D-A38G-08	223	113	21	8	32	17
TCGA-2F-A9KW-01A-11D-A38G-08	12	27	1	55	32	11
TCGA-4Z-AA7M-01A-11D-A391-08	315	161	78	14	59	3
TCGA-4Z-AA7N-01A-11D-A391-08	7	8	1	2	6	0
TCGA-4Z-AA7O-01A-31D-A391-08	71	48	34	26	48	17
TCGA-4Z-AA7Q-01A-11D-A391-08	169	26	36	25	30	8
TCGA-4Z-AA7R-01A-11D-A391-08	205	123	18	42	26	21
TCGA-4Z-AA7S-01A-11D-A391-08	0	6	0	1	52	11
TCGA-4Z-AA7W-01A-11D-A391-08	452	137	53	24	0	0
TCGA-4Z-AA7Y-01A-11D-A391-08	163	119	27	22	13	5
TCGA-4Z-AA80-01A-11D-A391-08	193	115	32	49	54	56
TCGA-4Z-AA81-01A-11D-A391-08	105	90	8	16	24	14
TCGA-4Z-AA82-01A-11D-A391-08	21	25	7	39	37	0
TCGA-4Z-AA83-01A-11D-A391-08	24	23	12	9	35	3
TCGA-4Z-AA84-01A-11D-A391-08	13	370	183	43	40	12
TCGA-4Z-AA86-01A-11D-A391-08	149	64	16	16	10	12
TCGA-4Z-AA87-01A-11D-A391-08	119	61	14	21	60	13
TCGA-4Z-AA89-01A-11D-A391-08	83	38	13	0	24	0
TCGA-5N-A9KI-01A-31D-A42E-08	36	64	31	34	33	15
TCGA-5N-A9KM-01A-11D-A42E-08	0	22	138	75	35	0
TCGA-BL-A0C8-01A-11D-A271-08	49	18	11	20	62	15
TCGA-BL-A13I-01A-11D-A271-08	47	11	55	9	21	5
TCGA-BL-A13J-01A-11D-A271-08	31	10	28	61	1	0
TCGA-BL-A3JM-01A-12D-A21A-08	64	53	53	30	48	4
TCGA-BL-A5ZZ-01A-31D-A30E-08	30	46	49	18	56	0
TCGA-BT-A0S7-01A-11D-A10S-08	0	0	22	10	8	5
TCGA-BT-A0YX-01A-11D-A10S-08	502	246	0	0	33	0
TCGA-BT-A20J-01A-11D-A14W-08	279	194	0	0	58	34
TCGA-BT-A20N-01A-11D-A14W-08	69	20	56	135	24	11
TCGA-BT-A20O-01A-21D-A14W-08	49	38	49	56	21	0
TCGA-BT-A20P-01A-11D-A14W-08	60	0	0	9	22	11
TCGA-BT-A20Q-01A-11D-A14W-08	44	25	5	0	17	18
TCGA-BT-A20R-01A-12D-A16O-08	159	87	0	0	39	34
TCGA-BT-A20T-01A-11D-A14W-08	138	131	33	7	15	7
TCGA-BT-A20U-01A-11D-A14W-08	59	26	0	4	11	6
TCGA-BT-A20V-01A-11D-A14W-08	24	14	11	7	49	22
TCGA-BT-A20W-01A-21D-A14W-08	21	3	1	25	26	7
TCGA-BT-A20X-01A-11D-A16O-08	8	2	23	32	9	10
TCGA-BT-A2LA-01A-11D-A18F-08	44	42	0	0	126	0
TCGA-BT-A2LB-01A-11D-A18F-08	58	344	300	9	41	33
TCGA-BT-A2LD-01A-12D-A20D-08	7	18	11	17	63	6
TCGA-BT-A3PH-01A-11D-A21Z-08	398	108	23	0	33	0
TCGA-BT-A3PJ-01A-21D-A21Z-08	163	239	137	42	30	28
TCGA-BT-A3PK-01A-21D-A21Z-08	83	39	197	91	22	4
TCGA-BT-A42B-01A-32D-A23M-08	3	11	0	17	48	0
TCGA-BT-A42C-01A-11D-A23M-08	133	63	89	101	30	29
TCGA-BT-A42E-01A-11D-A23U-08	111	32	27	0	25	4
TCGA-BT-A42F-01A-11D-A23U-08	108	61	10	18	0	0
TCGA-C4-A0EZ-01A-21D-A10S-08	41	43	44	32	70	15
TCGA-C4-A0F0-01A-12D-A10S-08	12	7	35	30	31	0
TCGA-C4-A0F1-01A-11D-A10S-08	67	59	0	22	42	19
TCGA-C4-A0F6-01A-11D-A10S-08	130	40	6	0	56	13
TCGA-C4-A0F7-01A-11D-A10S-08	5	12	0	16	58	6
TCGA-CF-A1HR-01A-11D-A13W-08	165	89	28	0	23	10
TCGA-CF-A1HS-01A-11D-A13W-08	192	0	55	24	16	13
TCGA-CF-A27C-01A-11D-A16O-08	100	43	8	14	17	0
TCGA-CF-A3MF-01A-12D-A21A-08	0	4	1	1	19	0
TCGA-CF-A3MG-01A-11D-A20D-08	81	39	7	10	33	0
TCGA-CF-A3MH-01A-11D-A20D-08	12	2	12	2	22	2
TCGA-CF-A3MI-01A-11D-A20D-08	27	9	8	0	34	7
TCGA-CF-A47S-01A-11D-A23U-08	0	4	0	7	17	2
TCGA-CF-A47T-01A-11D-A23U-08	1	6	9	0	10	6
TCGA-CF-A47V-01A-11D-A23U-08	36	17	24	31	20	2
TCGA-CF-A47W-01A-11D-A23U-08	0	4	4	12	12	4
TCGA-CF-A47X-01A-31D-A23U-08	203	118	21	5	45	8
TCGA-CF-A47Y-01A-11D-A23U-08	28	2	21	16	8	5
TCGA-CF-A5U8-01A-11D-A289-08	0	3	25	19	20	5
TCGA-CF-A5UA-01A-11D-A289-08	20	0	0	10	54	10
TCGA-CF-A7I0-01A-22D-A34U-08	12	15	13	11	15	2
TCGA-CF-A8HX-01A-11D-A364-08	19	30	0	15	11	6
TCGA-CF-A8HY-01A-11D-A364-08	13	0	0	56	20	6
TCGA-CF-A9FF-01A-11D-A38G-08	62	65	10	5	19	6
TCGA-CF-A9FH-01A-11D-A38G-08	1	1	6	4	18	11
TCGA-CF-A9FL-01A-11D-A38G-08	0	2	9	22	21	9
TCGA-CF-A9FM-01A-11D-A38G-08	0	0	15	6	8	0
TCGA-CU-A0YN-01A-21D-A10S-08	0	17	87	57	41	0
TCGA-CU-A0YO-01A-11D-A10S-08	25	24	15	8	35	7
TCGA-CU-A0YR-01A-12D-A10S-08	2	14	107	29	23	1
TCGA-CU-A3KJ-01A-11D-A21A-08	133	52	35	21	37	3
TCGA-CU-A3QU-01A-11D-A22Z-08	37	32	16	6	26	12
TCGA-CU-A3YL-01A-11D-A22Z-08	153	86	4	0	26	12
TCGA-CU-A5W6-01A-11D-A289-08	90	87	20	29	30	4
TCGA-CU-A72E-01A-12D-A339-08	51	27	13	3	28	0
TCGA-DK-A1A3-01A-11D-A13W-08	214	368	116	22	17	14
TCGA-DK-A1A5-01A-11D-A13W-08	168	96	18	0	21	12
TCGA-DK-A1A6-01A-11D-A13W-08	137	34	43	62	8	0
TCGA-DK-A1A7-01A-11D-A13W-08	13	31	137	28	55	0
TCGA-DK-A1AA-01A-11D-A13W-08	6	8	40	30	11	7
TCGA-DK-A1AB-01A-11D-A13W-08	140	92	0	0	12	0
TCGA-DK-A1AC-01A-11D-A13W-08	458	1294	38	53	18	41
TCGA-DK-A1AD-01A-11D-A13W-08	82	55	73	31	32	16
TCGA-DK-A1AE-01A-11D-A13W-08	48	39	6	27	21	1
TCGA-DK-A1AF-01A-11D-A13W-08	61	31	8	10	0	5
TCGA-DK-A1AG-01A-11D-A13W-08	74	46	7	4	26	12
TCGA-DK-A2HX-01A-12D-A18F-08	25	41	13	19	26	6
TCGA-DK-A2I1-01A-11D-A17V-08	130	68	0	8	18	14
TCGA-DK-A2I2-01A-11D-A17V-08	19	33	42	3	14	0
TCGA-DK-A2I4-01A-11D-A21A-08	484	578	0	14	19	29
TCGA-DK-A2I6-01A-12D-A18F-08	43	112	131	39	19	21
TCGA-DK-A3IK-01A-32D-A21A-08	83	17	6	86	45	16
TCGA-DK-A3IL-01A-11D-A20D-08	5	4	35	120	29	24
TCGA-DK-A3IM-01A-11D-A20D-08	0	3	26	29	42	1
TCGA-DK-A3IN-01A-11D-A20D-08	235	151	31	12	23	10
TCGA-DK-A3IQ-01A-31D-A20D-08	80	74	7	20	26	12
TCGA-DK-A3IS-01A-21D-A21A-08	200	171	0	11	40	6
TCGA-DK-A3IT-01A-31D-A20D-08	333	80	16	56	6	11
TCGA-DK-A3IU-01A-11D-A20D-08	185	199	48	49	22	5
TCGA-DK-A3IV-01A-22D-A21A-08	19	23	18	10	13	6
TCGA-DK-A3WW-01A-22D-A23M-08	793	618	0	44	2	76
TCGA-DK-A3WX-01A-22D-A22Z-08	4	15	3	8	23	0
TCGA-DK-A3WY-01A-11D-A22Z-08	10	6	1	0	2	0
TCGA-DK-A3X1-01A-12D-A22Z-08	473	466	0	68	0	110
TCGA-DK-A3X2-01A-11D-A22Z-08	25	21	15	21	62	3
TCGA-DK-A6AV-01A-12D-A30E-08	34	42	15	30	25	9
TCGA-DK-A6AW-01A-11D-A30E-08	0	8	8	0	0	4950
TCGA-DK-A6B0-01A-11D-A31L-08	1	1	11	5	7	0
TCGA-DK-A6B1-01A-12D-A30E-08	30	55	32	5	49	9
TCGA-DK-A6B2-01A-11D-A30E-08	48	36	45	48	54	13
TCGA-DK-A6B5-01A-11D-A31L-08	56	45	26	35	6	1
TCGA-DK-A6B6-01A-11D-A30E-08	398	854	0	8	15	0
TCGA-DK-AA6L-01A-11D-A391-08	259	116	29	32	19	0
TCGA-DK-AA6M-01A-11D-A391-08	6	16	0	16	36	12
TCGA-DK-AA6P-01A-11D-A391-08	64	71	35	31	11	7
TCGA-DK-AA6Q-01A-11D-A391-08	55	28	17	26	14	5
TCGA-DK-AA6R-01A-11D-A42E-08	47	51	19	260	22	14
TCGA-DK-AA6S-01A-21D-A391-08	383	191	13	91	8	0
TCGA-DK-AA6T-01A-11D-A391-08	22	0	20	3	25	13
TCGA-DK-AA6U-01A-11D-A391-08	111	107	15	246	37	18
TCGA-DK-AA6W-01A-12D-A391-08	134	88	0	18	67	3
TCGA-DK-AA6X-01A-12D-A42E-08	65	25	12	0	15	10
TCGA-DK-AA71-01A-31D-A391-08	467	353	0	1	14	0
TCGA-DK-AA74-01A-11D-A391-08	130	55	19	23	12	8
TCGA-DK-AA75-01A-11D-A391-08	127	327	49	30	36	66
TCGA-DK-AA76-01A-11D-A391-08	89	61	20	75	24	23
TCGA-DK-AA77-01A-11D-A391-08	23	80	56	252	66	2
TCGA-E5-A2PC-01A-11D-A202-08	24	58	88	88	25	13
TCGA-E5-A4TZ-01A-11D-A31L-08	296	99	0	53	125	5
TCGA-E5-A4U1-01A-11D-A31L-08	397	210	17	76	32	16
TCGA-E7-A3X6-01A-12D-A22Z-08	51	36	13	0	16	0
TCGA-E7-A3Y1-01A-11D-A22Z-08	4	11	77	53	48	1
TCGA-E7-A4IJ-01A-31D-A26M-08	156	93	47	104	10	28
TCGA-E7-A4XJ-01A-11D-A26M-08	0	3	2	1	38	6
TCGA-E7-A519-01A-11D-A26M-08	11	10	48	0	14	1
TCGA-E7-A541-01A-11D-A26M-08	185	125	160	29	43	6
TCGA-E7-A5KE-01A-11D-A289-08	36	68	49	48	70	12
TCGA-E7-A5KF-01A-11D-A289-08	112	98	16	28	1	9
TCGA-E7-A677-01A-11D-A30E-08	9	22	108	87	48	13
TCGA-E7-A678-01A-11D-A30E-08	3	1	28	8	23	2
TCGA-E7-A6MD-01A-41D-A34U-08	271	182	14	39	51	21
TCGA-E7-A6ME-01A-22D-A32B-08	11	0	79	41	25	1
TCGA-E7-A6MF-01A-12D-A32B-08	32	26	0	0	0	0
TCGA-E7-A7DU-01A-11D-A32B-08	151	143	0	16	18	9
TCGA-E7-A7DV-01A-11D-A339-08	239	45	9	6	22	17
TCGA-E7-A7PW-01A-11D-A34U-08	23	28	0	29	17	9
TCGA-E7-A7XN-01A-11D-A34U-08	775	332	37	0	0	0
TCGA-E7-A85H-01A-11D-A34U-08	22	56	276	85	66	12
TCGA-E7-A8O7-01A-11D-A364-08	7	4	6	5	16	2
TCGA-E7-A8O8-01A-11D-A364-08	13	19	36	25	51	5
TCGA-E7-A97P-01A-11D-A38G-08	27	12	117	50	30	9
TCGA-E7-A97Q-01A-11D-A38G-08	12	9	21	9	14	4
TCGA-FD-A3B3-01A-12D-A202-08	65	42	24	22	32	8
TCGA-FD-A3B4-01A-12D-A202-08	0	0	0	55	17	20
TCGA-FD-A3B5-01A-11D-A20D-08	68	33	6	26	23	19
TCGA-FD-A3B6-01A-21D-A20D-08	138	59	21	58	29	9
TCGA-FD-A3B7-01A-31D-A20D-08	14	1	29	3	25	2
TCGA-FD-A3B8-01A-31D-A20D-08	19	6	0	2	5	3
TCGA-FD-A3N5-01A-11D-A21A-08	0	16	217	130	41	12
TCGA-FD-A3N6-01A-11D-A21A-08	16	31	0	8	55	29
TCGA-FD-A3NA-01A-11D-A21A-08	96	67	18	8	14	2
TCGA-FD-A3SJ-01A-12D-A22Z-08	106	40	76	44	37	0
TCGA-FD-A3SL-01A-21D-A22Z-08	56	10	86	71	41	21
TCGA-FD-A3SM-01A-11D-A22Z-08	110	55	18	6	33	0
TCGA-FD-A3SN-01A-12D-A22Z-08	85	303	47	27	31	41
TCGA-FD-A3SO-01A-11D-A22Z-08	214	198	15	0	17	20
TCGA-FD-A3SP-01A-31D-A22Z-08	38	38	12	7	42	8
TCGA-FD-A3SQ-01A-21D-A22Z-08	11	19	13	4	36	9
TCGA-FD-A3SR-01A-11D-A22Z-08	56	19	20	20	34	20
TCGA-FD-A3SS-01A-12D-A22Z-08	232	300	0	23	0	60
TCGA-FD-A43N-01A-11D-A23U-08	84	9	9	29	88	4
TCGA-FD-A43P-01A-31D-A23U-08	227	88	48	75	42	22
TCGA-FD-A43S-01A-21D-A23U-08	0	0	1	0	0	0
TCGA-FD-A43U-01A-11D-A23U-08	0	12	15	23	37	6
TCGA-FD-A43X-01A-11D-A23U-08	179	108	40	26	39	8
TCGA-FD-A43Y-01A-21D-A26M-08	1	4	34	27	13	0
TCGA-FD-A5BR-01A-11D-A26M-08	0	6	6	46	38	6
TCGA-FD-A5BS-01A-21D-A26M-08	4	15	5	5	2	4
TCGA-FD-A5BT-01A-11D-A26M-08	80	20	28	0	28	12
TCGA-FD-A5BU-01A-31D-A26M-08	5	3	6	28	37	0
TCGA-FD-A5BV-01A-11D-A26M-08	7	1	27	81	32	0
TCGA-FD-A5BX-01A-11D-A26M-08	233	148	0	28	6	10
TCGA-FD-A5BY-01A-31D-A289-08	12	12	2	13	20	2
TCGA-FD-A5BZ-01A-11D-A289-08	40	27	4	37	35	21
TCGA-FD-A5C0-01A-11D-A289-08	7	21	59	23	45	3
TCGA-FD-A5C1-01A-11D-A289-08	69	27	12	8	58	4
TCGA-FD-A62N-01A-11D-A30E-08	1	7	29	48	15	12
TCGA-FD-A62O-01A-11D-A30E-08	88	59	8	0	42	28
TCGA-FD-A62P-01A-32D-A30E-08	238	125	10	29	39	23
TCGA-FD-A62S-01A-11D-A30E-08	0	3	24	31	29	0
TCGA-FD-A6TA-01A-12D-A339-08	198	93	0	10	6	9
TCGA-FD-A6TB-01A-12D-A339-08	140	49	0	0	20	14
TCGA-FD-A6TC-01A-21D-A339-08	667	398	24	43	17	37
TCGA-FD-A6TD-01A-51D-A339-08	39	53	17	20	31	0
TCGA-FD-A6TE-01A-12D-A339-08	160	86	6	8	24	6
TCGA-FD-A6TF-01A-52D-A32B-08	80	24	20	25	32	0
TCGA-FD-A6TG-01A-11D-A32B-08	158	74	86	120	26	10
TCGA-FD-A6TH-01A-11D-A32B-08	54	56	29	20	37	9
TCGA-FD-A6TI-01A-11D-A32B-08	2	6	28	41	52	18
TCGA-FD-A6TK-01A-42D-A339-08	25	34	31	14	23	0
TCGA-FJ-A3Z7-01A-12D-A23M-08	168	128	27	50	36	0
TCGA-FJ-A3Z9-01A-11D-A26M-08	10	7	0	0	56	9
TCGA-FJ-A3ZE-01A-11D-A23M-08	0	0	43	429	24	42
TCGA-FJ-A3ZF-01A-11D-A23M-08	88	92	11	72	53	9
TCGA-FJ-A871-01A-11D-A34U-08	2	2	29	0	28	0
TCGA-FT-A3EE-01A-11D-A202-08	5	37	46	23	35	8
TCGA-FT-A61P-01A-11D-A30E-08	30	36	70	21	37	10
TCGA-G2-A2EC-01A-11D-A17V-08	84	52	26	12	19	12
TCGA-G2-A2EF-01A-12D-A18F-08	148	110	35	1	21	0
TCGA-G2-A2EJ-01A-11D-A17V-08	184	58	11	48	41	12
TCGA-G2-A2EK-01A-22D-A18F-08	25	10	5	0	36	0
TCGA-G2-A2EL-01A-12D-A18F-08	178	56	7	20	28	12
TCGA-G2-A2EO-01A-11D-A17V-08	665	410	0	6	8	0
TCGA-G2-A2ES-01A-11D-A17V-08	47	163	157	103	30	24
TCGA-G2-A3IB-01A-11D-A20D-08	3	20	0	79	5	12
TCGA-G2-A3IE-01A-11D-A20D-08	215	124	35	35	20	5
TCGA-G2-A3VY-01A-11D-A22Z-08	614	115	56	134	10	0
TCGA-G2-AA3B-01A-11D-A391-08	629	157	68	17	0	17
TCGA-G2-AA3C-01A-21D-A391-08	143	71	0	37	38	3
TCGA-G2-AA3D-01A-11D-A391-08	183	46	21	12	3	0
TCGA-G2-AA3F-01A-12D-A42E-08	40	21	32	37	29	4
TCGA-GC-A3BM-01A-11D-A22Z-08	23	28	13	0	71	11
TCGA-GC-A3I6-01A-11D-A20D-08	87	78	21	34	13	1
TCGA-GC-A3OO-01A-11D-A22Z-08	43	89	14	23	2	0
TCGA-GC-A3RB-01A-12D-A21Z-08	75	54	6	20	51	3
TCGA-GC-A3RC-01A-11D-A22Z-08	83	116	167	60	21	26
TCGA-GC-A3RD-01A-12D-A22Z-08	24	23	0	27	27	1
TCGA-GC-A3WC-01A-31D-A22Z-08	54	37	51	17	30	6
TCGA-GC-A3YS-01A-11D-A23M-08	125	69	29	22	43	17
TCGA-GC-A4ZW-01A-11D-A26M-08	550	146	90	0	29	13
TCGA-GC-A6I1-01A-12D-A31L-08	134	102	27	7	23	0
TCGA-GC-A6I3-01A-11D-A31L-08	119	35	41	48	38	14
TCGA-GD-A2C5-01A-12D-A17V-08	136	72	30	25	31	25
TCGA-GD-A3OP-01A-21D-A21Z-08	131	157	30	68	36	0
TCGA-GD-A3OQ-01A-32D-A21Z-08	52	21	0	0	37	6
TCGA-GD-A3OS-01A-12D-A21Z-08	11	22	9	27	46	0
TCGA-GD-A6C6-01A-21D-A31L-08	159	83	25	39	32	9
TCGA-GD-A76B-01A-11D-A32B-08	77	55	14	27	31	9
TCGA-GU-A42P-01A-11D-A23U-08	112	118	23	42	28	22
TCGA-GU-A42Q-01A-11D-A23U-08	103	38	24	8	30	19
TCGA-GU-A42R-01A-11D-A23M-08	83	50	33	18	23	5
TCGA-GU-A762-01A-11D-A339-08	32	7	0	26	40	7
TCGA-GU-A763-01A-11D-A32B-08	18	2	10	33	17	0
TCGA-GU-A764-01A-11D-A34U-08	37	31	12	38	11	7
TCGA-GU-A766-01A-11D-A32B-08	120	78	11	11	6	12
TCGA-GU-A767-01A-11D-A32B-08	108	36	67	219	12	30
TCGA-GU-AATO-01A-11D-A391-08	203	135	0	24	25	0
TCGA-GU-AATP-01A-11D-A391-08	145	136	25	46	30	15
TCGA-GU-AATQ-01A-11D-A391-08	102	25	46	20	16	2
TCGA-GV-A3JV-01A-11D-A21Z-08	16	21	0	0	96	10
TCGA-GV-A3JW-01A-11D-A20D-08	34	13	0	19	28	6
TCGA-GV-A3JX-01A-11D-A20D-08	196	59	27	2	28	15
TCGA-GV-A3JZ-01A-11D-A21A-08	266	132	0	44	32	71
TCGA-GV-A3QF-01A-31D-A22Z-08	9	11	43	59	36	2
TCGA-GV-A3QG-01A-11D-A21Z-08	16	12	23	28	29	0
TCGA-GV-A3QH-01A-11D-A21Z-08	97	18	0	22	59	0
TCGA-GV-A3QI-01A-11D-A21Z-08	67	51	186	218	47	5
TCGA-GV-A3QK-01B-11D-A23M-08	40	39	20	23	47	13
TCGA-GV-A40E-01A-12D-A23M-08	112	0	28	23	33	6
TCGA-GV-A40G-01A-11D-A23M-08	17	44	17	37	73	2
TCGA-GV-A6ZA-01A-12D-A339-08	189	90	28	0	34	20
TCGA-H4-A2HO-01A-11D-A17V-08	20	15	17	6	45	0
TCGA-H4-A2HQ-01A-11D-A17V-08	220	133	96	74	9	20
TCGA-HQ-A2OE-01A-11D-A202-08	50	30	32	27	33	6
TCGA-HQ-A2OF-01A-11D-A26M-08	6	12	0	0	105	7
TCGA-HQ-A5ND-01A-11D-A26M-08	12	12	22	15	34	13
TCGA-HQ-A5NE-01A-12D-A289-08	216	159	13	30	27	8
TCGA-K4-A3WS-01A-11D-A22Z-08	106	54	60	127	0	5
TCGA-K4-A3WU-01B-11D-A23M-08	105	24	17	6	57	17
TCGA-K4-A3WV-01A-11D-A22Z-08	1	7	20	0	42	6
TCGA-K4-A4AB-01B-12D-A289-08	12	16	21	25	45	3
TCGA-K4-A4AC-01A-21D-A26M-08	46	31	22	25	38	21
TCGA-K4-A54R-01A-11D-A26M-08	676	419	0	24	0	60
TCGA-K4-A5RH-01A-11D-A30E-08	47	87	24	22	18	14
TCGA-K4-A5RI-01A-11D-A289-08	29	22	37	25	48	6
TCGA-K4-A5RJ-01A-11D-A289-08	220	140	28	64	12	6
TCGA-K4-A6FZ-01A-11D-A31L-08	124	109	262	0	0	0
TCGA-K4-A6MB-01A-11D-A31L-08	166	121	27	51	51	0
TCGA-K4-A83P-01A-11D-A34U-08	97	74	91	0	27	5
TCGA-K4-AAQO-01A-11D-A38G-08	105	60	56	41	38	1
TCGA-KQ-A41N-01A-11D-A339-08	21	35	109	55	23	15
TCGA-KQ-A41O-01A-12D-A34U-08	185	35	7	15	51	14
TCGA-KQ-A41P-01A-12D-A339-08	196	116	28	0	24	23
TCGA-KQ-A41Q-01A-11D-A339-08	64	35	8	10	48	22
TCGA-KQ-A41R-01A-21D-A34U-08	88	446	245	109	80	17
TCGA-KQ-A41S-01A-12D-A339-08	141	86	17	5	19	11
TCGA-LC-A66R-01A-41D-A30E-08	59	25	29	0	23	24
TCGA-LT-A5Z6-01A-11D-A289-08	337	259	15	66	0	0
TCGA-LT-A8JT-01A-11D-A364-08	20	20	8	7	29	6
TCGA-MV-A51V-01A-11D-A26M-08	1624	211	46	95	0	79
TCGA-PQ-A6FI-01A-11D-A31L-08	62	30	43	9	31	11
TCGA-PQ-A6FN-01A-11D-A31L-08	16	22	7	31	20	1
TCGA-R3-A69X-01A-22D-A30E-08	163	44	18	1	28	6
TCGA-S5-A6DX-01A-11D-A31L-08	463	242	4	25	50	51
TCGA-S5-AA26-01A-11D-A38G-08	171	65	0	2	38	8
TCGA-SY-A9G0-01A-12D-A38G-08	23	6	8	0	26	1
TCGA-SY-A9G5-01A-11D-A38G-08	780	404	0	23	7	7
TCGA-UY-A78K-01A-11D-A339-08	195	76	444	223	12	53
TCGA-UY-A78L-01A-12D-A339-08	113	87	22	20	14	6
TCGA-UY-A78M-01A-21D-A34U-08	55	38	0	14	55	0
TCGA-UY-A78N-01A-12D-A339-08	0	26	170	24	47	8
TCGA-UY-A78O-01A-12D-A339-08	94	32	0	0	81	14
TCGA-UY-A78P-01A-12D-A364-08	233	83	8	0	16	11
TCGA-UY-A8OB-01A-12D-A42E-08	78	4	284	0	7	20
TCGA-UY-A8OC-01A-11D-A364-08	37	35	11	0	24	9
TCGA-UY-A8OD-01A-11D-A364-08	22	22	21	12	36	0
TCGA-UY-A9PA-01A-11D-A38G-08	22	29	86	41	23	0
TCGA-UY-A9PB-01A-11D-A38G-08	226	155	183	114	63	0
TCGA-UY-A9PD-01A-11D-A38G-08	46	66	103	73	77	7
TCGA-UY-A9PE-01A-11D-A38G-08	80	49	3	71	33	23
TCGA-UY-A9PF-01A-11D-A38G-08	14	482	47	55	16	15
TCGA-UY-A9PH-01A-11D-A38G-08	223	181	5	0	33	26
TCGA-XF-A8HB-01A-11D-A364-08	21	0	3	2	48	19
TCGA-XF-A8HC-01A-11D-A364-08	33	85	5	29	42	0
TCGA-XF-A8HD-01A-11D-A364-08	348	123	0	40	42	34
TCGA-XF-A8HE-01A-11D-A364-08	228	218	18	11	0	15
TCGA-XF-A8HF-01A-11D-A364-08	21	19	39	83	18	5
TCGA-XF-A8HG-01A-11D-A364-08	65	94	81	31	72	4
TCGA-XF-A8HH-01A-11D-A38G-08	56	37	0	0	36	15
TCGA-XF-A8HI-01A-11D-A38G-08	40	35	2	0	19	0
TCGA-XF-A9SG-01A-12D-A42E-08	85	87	6	16	30	8
TCGA-XF-A9SH-01A-11D-A391-08	20	6	1	6	19	1
TCGA-XF-A9SI-01A-11D-A391-08	276	134	1	6	0	0
TCGA-XF-A9SJ-01A-11D-A391-08	98	174	55	2	24	0
TCGA-XF-A9SK-01A-11D-A42E-08	78	37	14	12	25	17
TCGA-XF-A9SL-01A-11D-A391-08	62	4	23	1	2	0
TCGA-XF-A9SM-01A-11D-A42E-08	159	96	3	31	1	0
TCGA-XF-A9SP-01A-11D-A391-08	152	70	32	36	51	29
TCGA-XF-A9ST-01A-11D-A42E-08	203	87	204	121	33	22
TCGA-XF-A9SU-01A-31D-A391-08	7	4	11	0	31	8
TCGA-XF-A9SV-01A-21D-A42E-08	11	9	13	20	29	8
TCGA-XF-A9SW-01A-11D-A42E-08	9	24	6	13	21	5
TCGA-XF-A9SX-01A-21D-A391-08	10	12	59	26	18	5
TCGA-XF-A9SY-01A-21D-A42E-08	106	34	0	322	0	46
TCGA-XF-A9SZ-01A-11D-A391-08	62	61	42	45	19	5
TCGA-XF-A9T0-01A-11D-A391-08	55	633	214	79	37	25
TCGA-XF-A9T2-01A-11D-A42E-08	37	25	10	10	20	0
TCGA-XF-A9T3-01A-11D-A42E-08	33	44	353	35	37	14
TCGA-XF-A9T4-01A-11D-A391-08	11	7	5	2	20	2
TCGA-XF-A9T5-01A-11D-A42E-08	523	291	19	19	8	0
TCGA-XF-A9T6-01A-11D-A42E-08	0	107	143	52	39	25
TCGA-XF-A9T8-01A-11D-A391-08	616	232	13	0	38	0
TCGA-XF-AAME-01A-12D-A42E-08	0	0	12	6	2	0
TCGA-XF-AAMF-01A-21D-A42E-08	36	21	4	4	22	3
TCGA-XF-AAMG-01A-11D-A42E-08	686	210	39	129	72	67
TCGA-XF-AAMH-01A-11D-A42E-08	1	2	17	14	31	3
TCGA-XF-AAMJ-01A-11D-A42E-08	3	0	0	6	35	2
TCGA-XF-AAML-01A-11D-A42E-08	244	255	45	27	22	38
TCGA-XF-AAMQ-01A-11D-A42E-08	126	80	4	15	29	11
TCGA-XF-AAMR-01A-31D-A42E-08	34	43	5	8	18	7
TCGA-XF-AAMT-01A-11D-A42E-08	28	2	8	58	16	8
TCGA-XF-AAMW-01A-11D-A42E-08	0	0	17	17	4	5
TCGA-XF-AAMX-01A-11D-A42E-08	112	46	60	120	40	24
TCGA-XF-AAMY-01A-11D-A42E-08	59	40	0	0	43	0
TCGA-XF-AAMZ-01A-11D-A42E-08	151	33	0	39	65	21
TCGA-XF-AAN0-01A-11D-A42E-08	265	143	14	27	22	23
TCGA-XF-AAN1-01A-31D-A42E-08	18	6	31	5	44	4
TCGA-XF-AAN2-01A-11D-A42E-08	315	201	12	39	12	5
TCGA-XF-AAN3-01A-11D-A42E-08	91	62	19	0	17	6
TCGA-XF-AAN4-01A-11D-A42E-08	18	0	16	0	3	1
TCGA-XF-AAN5-01A-11D-A42E-08	248	32	11	36	36	16
TCGA-XF-AAN7-01A-11D-A42E-08	2	25	59	32	52	0
TCGA-XF-AAN8-01A-11D-A42E-08	0	0	0	1	1	0
TCGA-YC-A89H-01A-11D-A364-08	21	1794	207	68	70	15
TCGA-YC-A8S6-01A-31D-A38G-08	57	19	4	7	18	15
TCGA-YC-A9TC-01A-22D-A391-08	52	16	9	21	29	5
TCGA-YF-AA3L-01A-11D-A38G-08	65	27	138	95	52	9
TCGA-YF-AA3M-01A-11D-A42E-08	28	24	74	28	52	0
TCGA-ZF-A9R0-01A-11D-A38G-08	136	59	7	0	31	8
TCGA-ZF-A9R1-01A-11D-A391-08	41	23	3	6	37	2
TCGA-ZF-A9R2-01A-11D-A391-08	70	23	45	23	13	0
TCGA-ZF-A9R3-01A-11D-A38G-08	38	16	7	7	34	4
TCGA-ZF-A9R4-01A-11D-A38G-08	146	102	0	21	29	0
TCGA-ZF-A9R5-01A-12D-A42E-08	0	0	49	18	40	6
TCGA-ZF-A9R7-01A-11D-A38G-08	566	236	0	0	43	31
TCGA-ZF-A9R9-01A-11D-A38G-08	86	69	22	1	45	17
TCGA-ZF-A9RC-01A-11D-A38G-08	144	789	300	0	20	0
TCGA-ZF-A9RD-01A-11D-A42E-08	80	53	17	38	23	8
TCGA-ZF-A9RE-01A-11D-A38G-08	3	0	6	12	39	11
TCGA-ZF-A9RF-01A-11D-A38G-08	91	42	56	56	40	10
TCGA-ZF-A9RG-01A-21D-A42E-08	99	153	27	6	5	12
TCGA-ZF-A9RL-01A-11D-A38G-08	172	14	49	91	45	25
TCGA-ZF-A9RM-01A-11D-A38G-08	0	7	43	26	23	3
TCGA-ZF-A9RN-01A-11D-A42E-08	90	20	20	60	37	15
TCGA-ZF-AA4N-01A-11D-A38G-08	58	47	29	29	21	11
TCGA-ZF-AA4R-01A-11D-A38G-08	22	10	5	21	12	0
TCGA-ZF-AA4T-01A-11D-A38G-08	1	14	28	37	40	0
TCGA-ZF-AA4U-01A-11D-A38G-08	2	4	26	11	38	0
TCGA-ZF-AA4V-01A-11D-A38G-08	192	355	252	39	30	9
TCGA-ZF-AA4W-01A-12D-A38G-08	145	23	34	172	177	36
TCGA-ZF-AA4X-01A-11D-A38G-08	387	353	0	22	0	22
TCGA-ZF-AA51-01A-21D-A391-08	531	166	60	44	24	0
TCGA-ZF-AA52-01A-12D-A391-08	39	54	19	0	20	20
TCGA-ZF-AA53-01A-11D-A391-08	149	46	1	0	12	0
TCGA-ZF-AA54-01A-11D-A391-08	112	38	30	13	18	0
TCGA-ZF-AA56-01A-31D-A391-08	58	15	1	15	27	4
TCGA-ZF-AA58-01A-12D-A42E-08	92	43	66	57	12	1
TCGA-ZF-AA5H-01A-11D-A391-08	13	19	9	7	30	0
TCGA-ZF-AA5N-01A-11D-A42E-08	10	2	22	4	20	3
TCGA-ZF-AA5P-01A-11D-A391-08	21	1	6	6	11	7
