NMF_Replicate	L1	L1 %	L2	L2 %	KL Divergence	Correlation	Convergence Iterations
1	12.764	125.431	3.768	77.13	1.513	0.57	30000.0
2	13.153	128.097	3.889	78.504	1.523	0.547	40000.0
3	12.773	127.793	3.827	77.887	1.544	0.552	20000.0
4	13.165	129.415	3.82	78.119	1.557	0.552	20000.0
5	12.694	125.601	3.771	77.056	1.519	0.568	20000.0
6	13.156	130.15	3.869	78.858	1.557	0.542	20000.0
7	12.782	125.974	3.761	76.132	1.521	0.575	30000.0
8	13.224	128.7	3.998	79.086	1.532	0.549	40000.0
9	12.218	120.234	3.599	75.085	1.55	0.584	20000.0
10	13.16	127.768	3.913	78.493	1.579	0.549	40000.0
11	13.005	127.974	3.848	78.33	1.532	0.553	20000.0
12	12.559	123.416	3.738	75.988	1.516	0.578	20000.0
13	12.668	125.32	3.688	76.41	1.532	0.571	20000.0
14	12.621	124.972	3.717	76.617	1.518	0.575	40000.0
15	12.575	123.131	3.696	76.019	1.516	0.572	30000.0
16	12.905	126.16	3.767	77.256	1.538	0.562	30000.0
17	12.791	125.671	3.747	77.532	1.563	0.557	30000.0
18	12.986	128.76	3.856	78.463	1.534	0.551	20000.0
19	13.529	131.189	4.038	80.42	1.559	0.524	20000.0
20	12.904	126.487	3.795	78.199	1.557	0.555	20000.0
21	12.715	126.307	3.778	76.874	1.526	0.564	20000.0
22	12.982	128.269	3.813	78.12	1.549	0.554	30000.0
23	12.795	124.967	3.774	77.567	1.547	0.552	30000.0
24	13.234	128.63	3.936	78.687	1.542	0.551	20000.0
25	12.906	127.296	3.88	77.982	1.515	0.558	20000.0
26	12.893	127.362	3.792	77.866	1.575	0.557	30000.0
27	13.145	130.747	3.937	79.84	1.592	0.53	20000.0
28	12.89	128.227	3.83	78.109	1.545	0.554	30000.0
29	12.869	127.925	3.824	77.927	1.551	0.545	20000.0
30	12.859	126.115	3.805	77.399	1.534	0.564	20000.0
31	12.741	124.941	3.786	76.32	1.539	0.576	20000.0
32	13.075	128.764	3.798	78.403	1.55	0.545	30000.0
33	12.883	125.287	3.84	77.277	1.533	0.568	20000.0
34	12.406	122.08	3.734	75.492	1.478	0.587	40000.0
35	12.687	124.473	3.71	76.796	1.521	0.568	20000.0
36	12.312	122.529	3.609	75.697	1.499	0.584	20000.0
37	12.857	125.68	3.824	77.849	1.551	0.559	20000.0
38	12.425	122.96	3.67	76.312	1.533	0.575	30000.0
39	13.281	128.746	3.912	78.736	1.552	0.549	20000.0
40	12.651	125.158	3.757	76.516	1.553	0.57	30000.0
41	12.822	127.702	3.787	77.695	1.528	0.565	40000.0
42	12.991	127.878	3.856	78.526	1.511	0.551	20000.0
43	12.97	126.877	3.837	78.126	1.522	0.554	40000.0
44	12.937	126.755	3.826	77.668	1.558	0.556	30000.0
45	12.774	125.367	3.739	77.556	1.547	0.559	20000.0
46	13.033	129.068	3.843	78.421	1.547	0.544	30000.0
47	13.074	127.735	3.911	78.953	1.584	0.545	30000.0
48	12.737	125.313	3.814	77.523	1.534	0.557	20000.0
49	13.194	128.798	3.95	78.744	1.528	0.542	50000.0
50	12.648	123.341	3.755	77.119	1.559	0.57	20000.0
51	12.793	126.056	3.789	76.956	1.529	0.57	30000.0
52	12.528	124.798	3.773	76.728	1.497	0.571	30000.0
53	12.795	126.328	3.769	77.447	1.505	0.559	40000.0
54	12.769	124.775	3.752	76.871	1.569	0.557	20000.0
55	12.918	128.21	3.827	78.693	1.552	0.551	20000.0
56	12.444	122.941	3.694	74.743	1.492	0.597	20000.0
57	12.732	123.969	3.726	76.349	1.498	0.583	40000.0
58	13.029	128.2	3.823	78.161	1.548	0.551	30000.0
59	13.057	127.957	3.872	78.821	1.561	0.545	30000.0
60	12.706	124.026	3.71	76.038	1.543	0.572	40000.0
61	12.566	124.385	3.692	76.846	1.555	0.57	20000.0
62	12.933	128.309	3.826	78.245	1.522	0.552	20000.0
63	13.046	126.476	3.855	78.161	1.595	0.55	20000.0
64	12.573	125.742	3.719	77.149	1.57	0.562	20000.0
65	12.771	125.005	3.726	76.29	1.552	0.571	30000.0
66	12.524	121.698	3.68	75.733	1.521	0.587	20000.0
67	12.654	124.728	3.728	76.429	1.483	0.575	40000.0
68	13.04	128.368	3.828	78.161	1.539	0.553	20000.0
69	12.352	121.108	3.64	75.956	1.526	0.586	20000.0
70	12.662	123.06	3.743	76.013	1.495	0.582	20000.0
71	12.781	125.348	3.792	77.124	1.553	0.568	40000.0
72	12.677	125.426	3.723	76.734	1.54	0.568	20000.0
73	12.365	124.457	3.676	75.799	1.509	0.583	20000.0
74	12.94	129.228	3.821	78.598	1.565	0.543	20000.0
75	13.06	129.126	3.879	78.503	1.565	0.545	20000.0
76	12.85	129.067	3.794	78.086	1.554	0.555	20000.0
77	13.028	127.61	3.895	78.432	1.536	0.554	50000.0
78	13.034	129.469	3.858	78.208	1.545	0.553	30000.0
79	12.805	125.885	3.818	77.032	1.492	0.568	20000.0
80	12.694	125.303	3.733	76.198	1.522	0.577	30000.0
81	12.66	124.869	3.758	76.865	1.545	0.572	50000.0
82	13.11	125.578	3.857	78.102	1.521	0.558	20000.0
83	12.842	127.742	3.775	77.725	1.54	0.557	30000.0
84	12.94	127.321	3.813	78.2	1.526	0.555	20000.0
85	12.835	123.735	3.838	76.846	1.531	0.576	20000.0
86	12.545	123.886	3.667	75.948	1.562	0.575	20000.0
87	12.702	126.405	3.779	76.666	1.505	0.572	30000.0
88	12.921	127.118	3.834	77.788	1.515	0.563	20000.0
89	12.915	127.574	3.862	78.343	1.543	0.547	20000.0
90	13.003	128.31	3.841	78.181	1.531	0.549	30000.0
91	13.154	128.837	3.925	78.455	1.541	0.554	30000.0
92	12.83	125.347	3.795	77.777	1.561	0.553	20000.0
93	12.759	125.272	3.772	77.805	1.552	0.562	30000.0
94	12.846	125.936	3.796	77.235	1.535	0.558	30000.0
95	13.025	125.483	3.871	77.667	1.488	0.565	30000.0
96	12.434	119.678	3.684	74.74	1.511	0.594	50000.0
97	12.548	123.776	3.733	76.864	1.522	0.57	40000.0
98	12.571	124.157	3.709	76.623	1.522	0.571	30000.0
99	12.906	127.243	3.807	77.908	1.529	0.561	20000.0
100	12.686	125.31	3.763	76.574	1.516	0.572	30000.0
