NMF_Replicate	L1	L1 %	L2	L2 %	KL Divergence	Correlation	Convergence Iterations
1	23.12	136.744	5.934	83.795	1.879	0.464	30000.0
2	23.25	137.479	5.996	84.124	1.88	0.461	20000.0
3	23.302	137.626	6.112	84.271	1.886	0.462	20000.0
4	22.911	135.923	5.936	83.543	1.864	0.47	20000.0
5	23.282	138.511	6.049	84.805	1.922	0.449	20000.0
6	23.118	137.749	6.018	84.367	1.916	0.455	20000.0
7	23.363	137.317	5.96	83.912	1.888	0.465	40000.0
8	23.192	137.042	5.971	83.987	1.892	0.462	20000.0
9	23.031	136.048	5.951	83.627	1.847	0.471	30000.0
10	23.14	137.13	5.907	84.13	1.875	0.462	30000.0
11	23.051	136.97	5.933	83.928	1.859	0.465	20000.0
12	23.194	137.313	5.982	84.12	1.868	0.466	30000.0
13	23.13	137.132	6.003	83.98	1.873	0.464	30000.0
14	23.137	136.88	6.041	84.085	1.87	0.462	40000.0
15	23.07	136.605	6.0	84.119	1.886	0.461	20000.0
16	23.055	136.437	6.024	83.924	1.861	0.466	30000.0
17	23.015	136.199	5.95	83.974	1.855	0.467	20000.0
18	23.07	137.022	6.041	84.27	1.875	0.459	20000.0
19	23.152	137.345	5.98	84.161	1.896	0.459	20000.0
20	23.179	137.046	6.005	84.244	1.89	0.458	30000.0
21	23.135	136.928	6.01	83.86	1.86	0.466	30000.0
22	23.059	136.094	5.944	83.757	1.836	0.47	20000.0
23	23.268	137.583	6.046	84.126	1.882	0.463	30000.0
24	23.311	138.149	6.004	84.26	1.889	0.459	20000.0
25	23.277	137.643	6.042	84.563	1.904	0.455	30000.0
26	22.977	136.803	5.88	83.706	1.891	0.463	20000.0
27	22.887	136.241	5.997	84.002	1.877	0.464	20000.0
28	23.327	137.841	5.995	84.239	1.894	0.457	20000.0
29	23.229	137.59	6.071	84.405	1.892	0.457	30000.0
30	23.232	137.674	6.007	84.337	1.895	0.458	20000.0
31	23.3	137.863	5.999	84.377	1.899	0.454	20000.0
32	23.345	138.308	6.079	84.664	1.921	0.452	20000.0
33	23.178	136.737	5.983	83.741	1.87	0.468	20000.0
34	23.265	137.21	5.982	84.135	1.898	0.46	40000.0
35	23.273	137.616	6.062	84.341	1.883	0.46	20000.0
36	23.326	138.387	6.003	84.392	1.922	0.454	20000.0
37	23.343	137.66	5.955	84.238	1.875	0.459	20000.0
38	23.47	138.427	6.051	84.637	1.916	0.454	50000.0
39	23.55	138.822	6.057	84.858	1.913	0.448	20000.0
40	23.106	136.924	5.983	84.221	1.883	0.46	20000.0
41	22.94	136.47	5.93	83.744	1.885	0.465	30000.0
42	23.22	137.306	5.951	83.88	1.86	0.464	20000.0
43	23.155	137.012	6.003	83.961	1.88	0.463	20000.0
44	23.377	138.965	6.041	84.893	1.943	0.446	30000.0
45	23.07	136.821	6.001	84.095	1.889	0.46	20000.0
46	23.245	137.95	6.028	84.491	1.898	0.456	20000.0
47	23.327	138.178	6.008	84.473	1.88	0.457	20000.0
48	23.066	137.203	6.017	84.148	1.877	0.463	20000.0
49	23.411	137.604	5.983	84.128	1.863	0.465	30000.0
50	23.188	137.672	5.918	84.094	1.865	0.461	20000.0
51	23.142	136.987	5.957	83.743	1.845	0.469	20000.0
52	23.214	137.322	6.072	84.577	1.89	0.456	20000.0
53	23.326	137.661	6.004	84.386	1.865	0.459	20000.0
54	23.02	136.747	6.048	84.0	1.908	0.464	20000.0
55	23.29	137.542	5.964	84.086	1.87	0.464	30000.0
56	22.866	136.331	5.876	83.746	1.877	0.466	20000.0
57	23.263	137.271	6.026	84.171	1.913	0.46	20000.0
58	22.972	136.471	5.958	83.749	1.858	0.468	20000.0
59	23.37	138.351	6.03	84.893	1.942	0.446	20000.0
60	23.106	136.977	5.969	83.988	1.894	0.46	20000.0
61	23.074	137.919	5.971	84.296	1.91	0.454	30000.0
62	23.244	137.501	5.955	84.379	1.891	0.457	20000.0
63	23.488	138.075	6.093	84.529	1.894	0.458	20000.0
64	23.223	137.284	5.966	84.371	1.892	0.456	20000.0
65	23.241	137.879	5.967	84.233	1.899	0.458	30000.0
66	23.202	137.172	5.989	84.18	1.867	0.463	20000.0
67	23.239	137.055	5.982	84.076	1.879	0.463	20000.0
68	23.231	137.043	6.014	84.381	1.876	0.459	20000.0
69	23.105	137.162	5.94	84.067	1.897	0.459	30000.0
70	23.158	136.598	6.042	83.958	1.872	0.466	20000.0
71	23.361	137.98	6.048	84.5	1.898	0.458	20000.0
72	23.204	137.441	5.99	84.377	1.89	0.457	20000.0
73	23.069	136.944	5.929	83.925	1.869	0.463	30000.0
74	23.294	137.785	6.007	84.333	1.893	0.458	20000.0
75	23.001	135.896	6.007	83.818	1.861	0.468	20000.0
76	23.224	137.089	5.945	83.77	1.867	0.468	30000.0
77	23.024	136.339	5.952	83.607	1.877	0.47	30000.0
78	23.336	137.869	6.079	84.484	1.909	0.458	20000.0
79	23.016	136.872	5.932	83.588	1.888	0.468	40000.0
80	23.196	137.441	6.034	84.115	1.892	0.46	20000.0
81	23.235	137.669	5.978	84.112	1.869	0.462	20000.0
82	23.161	137.056	5.951	84.054	1.878	0.464	40000.0
83	23.29	137.623	6.0	84.11	1.904	0.459	20000.0
84	22.96	136.799	5.985	84.059	1.887	0.465	30000.0
85	22.938	136.089	5.997	83.801	1.877	0.468	20000.0
86	23.27	137.932	6.02	84.426	1.92	0.454	20000.0
87	23.245	137.569	6.027	84.225	1.903	0.459	20000.0
88	22.942	136.279	5.957	84.059	1.861	0.462	30000.0
89	23.142	137.013	6.015	84.094	1.896	0.462	20000.0
90	23.332	137.473	5.982	83.796	1.871	0.467	20000.0
91	23.282	137.478	5.891	83.651	1.88	0.467	40000.0
92	23.064	136.088	6.01	84.03	1.851	0.466	20000.0
93	23.127	136.929	5.961	83.786	1.887	0.466	20000.0
94	23.596	138.931	6.049	84.864	1.923	0.449	20000.0
95	23.219	137.615	6.032	84.216	1.898	0.459	30000.0
96	23.224	137.677	6.029	84.296	1.908	0.458	50000.0
97	23.131	137.178	6.007	84.053	1.884	0.462	20000.0
98	23.242	137.643	6.0	84.236	1.894	0.459	20000.0
99	23.185	137.311	6.012	84.063	1.885	0.462	20000.0
100	23.183	136.617	5.983	83.704	1.839	0.471	20000.0
