NMF_Replicate	L1	L1 %	L2	L2 %	KL Divergence	Correlation	Convergence Iterations
1	8.424	184.222	2.628	96.879	3.368	0.176	20000.0
2	8.461	184.367	2.655	96.99	3.381	0.174	20000.0
3	8.422	184.357	2.632	96.901	3.385	0.173	20000.0
4	8.508	184.692	2.647	97.014	3.379	0.172	20000.0
5	8.479	184.592	2.702	97.107	3.406	0.169	20000.0
6	8.444	184.321	2.638	96.926	3.364	0.176	20000.0
7	8.449	184.508	2.643	96.979	3.38	0.174	20000.0
8	8.472	184.592	2.639	96.979	3.391	0.173	20000.0
9	8.456	184.519	2.664	96.951	3.411	0.172	30000.0
10	8.479	184.34	2.646	96.891	3.368	0.176	30000.0
11	8.435	184.195	2.637	96.975	3.378	0.175	20000.0
12	8.484	184.778	2.653	96.985	3.396	0.172	20000.0
13	8.483	184.831	2.636	97.096	3.399	0.167	40000.0
14	8.451	184.473	2.636	96.953	3.384	0.174	20000.0
15	8.456	184.496	2.638	96.974	3.376	0.173	40000.0
16	8.485	184.784	2.663	97.063	3.393	0.17	20000.0
17	8.487	184.791	2.677	97.007	3.409	0.171	30000.0
18	8.518	184.63	2.651	97.035	3.387	0.171	20000.0
19	8.462	184.346	2.643	96.929	3.376	0.173	20000.0
20	8.48	184.674	2.658	97.007	3.395	0.171	20000.0
21	8.456	184.653	2.657	97.003	3.41	0.171	30000.0
22	8.459	184.288	2.647	96.863	3.361	0.178	20000.0
23	8.465	184.213	2.662	96.966	3.376	0.174	20000.0
24	8.434	184.182	2.666	96.984	3.382	0.173	20000.0
25	8.492	184.72	2.642	97.019	3.398	0.169	20000.0
26	8.473	184.504	2.649	96.956	3.389	0.172	20000.0
27	8.401	184.154	2.626	96.831	3.384	0.177	30000.0
28	8.425	184.304	2.652	96.926	3.412	0.173	20000.0
29	8.459	184.583	2.655	96.995	3.403	0.172	20000.0
30	8.462	184.362	2.641	96.973	3.385	0.173	20000.0
31	8.455	184.188	2.652	96.877	3.375	0.178	20000.0
32	8.442	184.514	2.634	96.927	3.413	0.172	20000.0
33	8.458	184.381	2.647	96.974	3.383	0.173	20000.0
34	8.41	184.033	2.643	96.831	3.36	0.179	30000.0
35	8.471	184.609	2.659	97.042	3.396	0.172	20000.0
36	8.449	184.033	2.631	96.848	3.348	0.179	30000.0
37	8.525	185.154	2.659	97.126	3.413	0.166	20000.0
38	8.492	184.987	2.673	97.205	3.426	0.164	30000.0
39	8.468	184.483	2.668	96.995	3.391	0.175	20000.0
40	8.446	184.551	2.679	97.081	3.398	0.171	20000.0
41	8.473	184.558	2.651	97.012	3.379	0.173	20000.0
42	8.428	184.158	2.638	96.983	3.367	0.175	30000.0
43	8.436	184.366	2.606	96.884	3.367	0.175	40000.0
44	8.458	184.502	2.669	97.013	3.397	0.172	20000.0
45	8.498	184.969	2.665	97.043	3.424	0.168	30000.0
46	8.491	184.527	2.651	96.993	3.393	0.172	20000.0
47	8.459	184.661	2.656	97.049	3.403	0.169	20000.0
48	8.49	184.543	2.643	96.92	3.412	0.172	20000.0
49	8.425	184.566	2.641	96.903	3.398	0.174	40000.0
50	8.475	184.668	2.661	97.011	3.387	0.173	20000.0
51	8.447	184.588	2.659	96.964	3.381	0.175	20000.0
52	8.446	184.608	2.655	97.059	3.408	0.169	20000.0
53	8.487	184.389	2.661	96.998	3.385	0.173	20000.0
54	8.42	184.333	2.632	96.984	3.363	0.176	50000.0
55	8.453	184.177	2.661	96.91	3.388	0.175	20000.0
56	8.511	184.782	2.676	97.149	3.418	0.168	30000.0
57	8.436	184.228	2.634	96.934	3.38	0.175	30000.0
58	8.49	184.56	2.642	96.937	3.373	0.175	30000.0
59	8.473	184.196	2.65	96.97	3.378	0.174	20000.0
60	8.48	184.416	2.644	97.006	3.377	0.172	20000.0
61	8.454	184.538	2.63	96.968	3.376	0.172	20000.0
62	8.489	184.673	2.661	97.033	3.389	0.172	30000.0
63	8.475	184.338	2.628	96.883	3.37	0.176	20000.0
64	8.456	184.506	2.65	97.034	3.38	0.173	40000.0
65	8.49	184.78	2.677	97.056	3.419	0.17	20000.0
66	8.439	184.455	2.642	96.969	3.393	0.173	20000.0
67	8.492	184.568	2.65	97.053	3.375	0.172	30000.0
68	8.479	184.834	2.637	97.028	3.39	0.17	20000.0
69	8.441	184.094	2.643	96.813	3.357	0.181	20000.0
70	8.503	185.021	2.662	97.087	3.423	0.167	20000.0
71	8.483	184.649	2.683	97.056	3.395	0.172	20000.0
72	8.427	184.534	2.619	96.98	3.406	0.169	20000.0
73	8.511	184.819	2.656	96.991	3.41	0.171	20000.0
74	8.478	184.488	2.645	97.039	3.396	0.17	20000.0
75	8.481	184.712	2.641	97.005	3.386	0.171	20000.0
76	8.447	184.518	2.664	97.027	3.391	0.172	20000.0
77	8.415	184.122	2.638	96.896	3.388	0.174	50000.0
78	8.507	184.772	2.659	97.081	3.395	0.169	40000.0
79	8.487	184.934	2.633	97.064	3.402	0.167	30000.0
80	8.374	184.055	2.622	96.865	3.38	0.176	30000.0
81	8.465	184.367	2.648	96.936	3.385	0.174	20000.0
82	8.449	184.364	2.649	96.978	3.374	0.175	30000.0
83	8.491	184.496	2.675	97.029	3.382	0.174	20000.0
84	8.432	184.346	2.629	96.871	3.369	0.177	30000.0
85	8.46	184.598	2.659	96.993	3.382	0.172	20000.0
86	8.464	184.337	2.63	96.914	3.367	0.177	20000.0
87	8.444	184.27	2.655	96.947	3.392	0.173	20000.0
88	8.466	184.519	2.659	97.008	3.398	0.171	20000.0
89	8.392	183.793	2.613	96.738	3.352	0.182	50000.0
90	8.47	184.437	2.646	96.936	3.382	0.174	30000.0
91	8.453	184.641	2.633	97.041	3.397	0.17	20000.0
92	8.45	184.553	2.67	97.048	3.399	0.172	20000.0
93	8.46	184.301	2.632	96.93	3.38	0.174	20000.0
94	8.453	184.325	2.661	96.961	3.369	0.176	20000.0
95	8.454	184.218	2.648	96.918	3.37	0.177	30000.0
96	8.433	184.308	2.642	96.983	3.39	0.172	20000.0
97	8.504	184.695	2.637	96.998	3.4	0.171	40000.0
98	8.451	184.495	2.645	96.972	3.393	0.172	20000.0
99	8.456	184.66	2.636	96.984	3.412	0.169	30000.0
100	8.435	184.359	2.625	96.944	3.373	0.174	20000.0
101	8.452	184.337	2.664	96.956	3.368	0.175	20000.0
102	8.471	184.634	2.644	96.948	3.398	0.174	20000.0
103	8.426	184.295	2.676	96.964	3.375	0.175	20000.0
104	8.472	184.132	2.646	96.823	3.354	0.179	30000.0
105	8.454	184.495	2.621	96.957	3.396	0.172	30000.0
106	8.475	184.561	2.659	96.924	3.395	0.173	20000.0
107	8.443	183.897	2.648	96.847	3.364	0.178	20000.0
108	8.468	184.644	2.639	97.04	3.401	0.169	20000.0
109	8.467	184.459	2.647	96.941	3.389	0.174	20000.0
110	8.52	184.953	2.661	97.092	3.413	0.168	30000.0
111	8.473	184.106	2.621	96.904	3.355	0.176	20000.0
112	8.437	184.123	2.637	96.939	3.377	0.174	20000.0
113	8.474	184.666	2.66	97.06	3.4	0.168	20000.0
114	8.427	184.537	2.638	96.969	3.385	0.173	40000.0
115	8.427	184.137	2.627	96.889	3.361	0.176	30000.0
116	8.469	184.545	2.641	96.974	3.395	0.172	30000.0
117	8.432	184.118	2.651	96.968	3.379	0.176	30000.0
118	8.477	184.649	2.634	96.991	3.394	0.17	20000.0
119	8.445	184.47	2.615	96.952	3.368	0.174	20000.0
120	8.418	184.416	2.624	96.908	3.387	0.173	20000.0
121	8.486	184.752	2.669	97.094	3.409	0.169	20000.0
122	8.415	184.109	2.622	96.855	3.394	0.176	20000.0
123	8.458	184.447	2.659	96.939	3.392	0.175	30000.0
124	8.4	184.08	2.657	96.82	3.375	0.179	30000.0
125	8.462	184.385	2.653	96.948	3.397	0.174	20000.0
126	8.489	184.462	2.655	96.922	3.39	0.175	30000.0
127	8.484	184.777	2.649	97.021	3.408	0.169	20000.0
128	8.454	184.667	2.629	96.991	3.411	0.171	30000.0
129	8.485	184.796	2.653	97.074	3.412	0.167	20000.0
130	8.423	184.119	2.663	96.937	3.383	0.175	20000.0
131	8.477	184.313	2.678	96.968	3.368	0.176	20000.0
132	8.484	184.858	2.678	97.053	3.426	0.168	20000.0
133	8.442	184.367	2.627	96.903	3.374	0.175	20000.0
134	8.472	184.791	2.637	97.0	3.402	0.17	20000.0
135	8.452	184.493	2.619	96.927	3.385	0.173	20000.0
136	8.463	184.481	2.673	96.995	3.378	0.174	20000.0
137	8.399	183.972	2.622	96.799	3.351	0.179	20000.0
138	8.471	184.511	2.626	97.027	3.368	0.173	20000.0
139	8.486	184.687	2.635	96.981	3.392	0.172	40000.0
140	8.452	184.485	2.659	96.956	3.383	0.175	20000.0
141	8.438	184.291	2.646	96.913	3.396	0.174	20000.0
142	8.489	184.82	2.664	97.101	3.413	0.168	40000.0
143	8.436	184.103	2.623	96.864	3.37	0.177	20000.0
144	8.456	184.292	2.648	96.904	3.391	0.175	30000.0
145	8.459	184.747	2.637	97.064	3.396	0.17	30000.0
146	8.493	184.494	2.642	96.994	3.361	0.175	20000.0
147	8.438	184.225	2.634	96.902	3.388	0.175	20000.0
148	8.453	184.45	2.643	96.958	3.408	0.171	20000.0
149	8.451	184.562	2.663	96.957	3.4	0.173	20000.0
150	8.48	184.694	2.645	97.002	3.396	0.171	30000.0
151	8.414	184.238	2.621	96.91	3.374	0.175	20000.0
152	8.439	184.314	2.623	96.998	3.374	0.172	20000.0
153	8.445	184.603	2.677	97.087	3.414	0.169	20000.0
154	8.489	184.597	2.652	96.97	3.408	0.171	20000.0
155	8.438	184.313	2.657	96.94	3.39	0.175	20000.0
156	8.493	184.594	2.667	97.02	3.385	0.172	30000.0
157	8.404	184.185	2.622	96.925	3.371	0.174	20000.0
158	8.486	184.68	2.669	97.021	3.384	0.172	20000.0
159	8.442	184.504	2.643	97.073	3.381	0.17	20000.0
160	8.516	184.727	2.67	97.011	3.398	0.173	20000.0
161	8.473	185.013	2.67	97.133	3.417	0.167	20000.0
162	8.457	184.29	2.638	96.943	3.363	0.176	20000.0
163	8.467	184.75	2.656	97.023	3.392	0.171	20000.0
164	8.441	184.449	2.651	96.933	3.385	0.175	20000.0
165	8.474	184.717	2.657	96.964	3.397	0.173	40000.0
166	8.428	184.352	2.637	96.866	3.395	0.175	20000.0
167	8.393	183.86	2.63	96.813	3.364	0.179	20000.0
168	8.498	184.476	2.665	96.985	3.387	0.173	30000.0
169	8.411	184.247	2.642	97.005	3.397	0.171	20000.0
170	8.486	184.607	2.648	97.043	3.395	0.171	30000.0
171	8.52	184.726	2.653	97.052	3.409	0.169	20000.0
172	8.498	184.875	2.644	97.025	3.398	0.17	30000.0
173	8.458	184.594	2.666	97.037	3.397	0.171	20000.0
174	8.464	184.543	2.681	97.08	3.413	0.17	20000.0
175	8.447	184.452	2.661	97.014	3.393	0.172	20000.0
176	8.484	184.569	2.661	97.063	3.379	0.171	20000.0
177	8.491	184.533	2.675	96.988	3.385	0.173	20000.0
178	8.437	184.527	2.636	96.932	3.388	0.173	30000.0
179	8.531	185.04	2.665	97.109	3.402	0.168	30000.0
180	8.513	184.97	2.68	97.126	3.422	0.166	20000.0
181	8.461	184.655	2.651	97.083	3.4	0.17	40000.0
182	8.426	184.205	2.622	96.903	3.382	0.174	30000.0
183	8.483	184.512	2.652	96.954	3.368	0.176	30000.0
184	8.437	184.421	2.64	97.048	3.393	0.169	40000.0
185	8.452	184.668	2.616	96.974	3.386	0.171	20000.0
186	8.392	184.131	2.636	96.891	3.375	0.177	30000.0
187	8.516	184.714	2.677	97.108	3.4	0.17	30000.0
188	8.418	184.267	2.63	96.922	3.385	0.175	30000.0
189	8.472	184.51	2.651	96.985	3.399	0.171	30000.0
190	8.446	184.403	2.629	96.901	3.392	0.173	20000.0
191	8.466	184.267	2.653	96.907	3.366	0.177	20000.0
192	8.479	184.861	2.661	97.085	3.414	0.168	20000.0
193	8.478	184.567	2.639	96.977	3.38	0.173	20000.0
194	8.481	184.462	2.642	96.984	3.372	0.174	20000.0
195	8.422	184.421	2.641	96.996	3.396	0.172	30000.0
196	8.464	184.492	2.66	97.0	3.373	0.174	30000.0
197	8.445	184.119	2.663	96.923	3.391	0.175	40000.0
198	8.445	184.205	2.647	96.906	3.366	0.176	20000.0
199	8.429	184.207	2.643	96.878	3.371	0.178	30000.0
200	8.496	184.446	2.668	96.988	3.385	0.173	20000.0
201	8.446	184.403	2.648	97.038	3.393	0.172	20000.0
202	8.542	184.591	2.686	97.024	3.396	0.172	20000.0
203	8.483	184.661	2.643	96.994	3.384	0.172	20000.0
204	8.424	184.066	2.639	96.945	3.381	0.175	40000.0
205	8.403	184.111	2.635	96.798	3.376	0.179	30000.0
206	8.495	184.432	2.672	96.91	3.38	0.177	20000.0
207	8.449	184.341	2.642	96.942	3.38	0.174	30000.0
208	8.472	184.398	2.636	96.934	3.37	0.175	20000.0
209	8.464	184.265	2.644	96.993	3.387	0.173	20000.0
210	8.475	184.453	2.67	96.974	3.378	0.176	20000.0
211	8.474	184.537	2.661	97.014	3.379	0.173	30000.0
212	8.471	184.495	2.654	96.976	3.4	0.173	20000.0
213	8.492	184.633	2.648	97.007	3.406	0.171	20000.0
214	8.437	184.493	2.648	96.967	3.373	0.174	20000.0
215	8.482	184.737	2.639	97.046	3.399	0.169	20000.0
216	8.505	184.66	2.669	97.037	3.385	0.173	40000.0
217	8.474	184.744	2.659	97.106	3.404	0.17	20000.0
218	8.49	184.608	2.67	97.025	3.393	0.17	30000.0
219	8.488	184.77	2.628	97.005	3.384	0.172	30000.0
220	8.478	184.679	2.644	97.021	3.405	0.17	20000.0
221	8.419	184.275	2.655	97.02	3.373	0.175	40000.0
222	8.452	184.137	2.645	96.904	3.368	0.176	20000.0
223	8.476	184.355	2.661	96.902	3.393	0.175	20000.0
224	8.441	184.141	2.624	96.876	3.364	0.179	20000.0
225	8.463	184.635	2.654	97.007	3.397	0.171	30000.0
226	8.478	184.518	2.648	97.054	3.402	0.17	20000.0
227	8.458	184.305	2.64	96.961	3.377	0.173	30000.0
228	8.431	183.879	2.661	96.935	3.359	0.178	30000.0
229	8.497	184.644	2.659	97.033	3.41	0.17	30000.0
230	8.465	184.388	2.636	96.931	3.38	0.174	20000.0
231	8.435	184.256	2.63	96.943	3.356	0.175	30000.0
232	8.419	184.268	2.634	96.902	3.387	0.175	20000.0
233	8.486	184.623	2.662	96.967	3.398	0.174	40000.0
234	8.449	184.265	2.623	96.958	3.368	0.174	40000.0
235	8.414	184.231	2.621	96.944	3.371	0.175	40000.0
236	8.465	184.484	2.659	96.977	3.402	0.173	20000.0
237	8.434	184.312	2.62	96.916	3.374	0.175	20000.0
238	8.467	184.68	2.654	97.026	3.4	0.171	20000.0
239	8.462	184.554	2.659	97.006	3.4	0.172	30000.0
240	8.482	184.689	2.667	97.045	3.402	0.171	20000.0
241	8.463	184.668	2.637	97.032	3.385	0.171	30000.0
242	8.501	185.031	2.636	97.061	3.42	0.166	30000.0
243	8.426	184.189	2.655	96.963	3.385	0.174	30000.0
244	8.448	184.55	2.618	96.923	3.379	0.173	20000.0
245	8.454	184.261	2.641	96.956	3.379	0.173	20000.0
246	8.463	184.439	2.671	96.992	3.396	0.175	20000.0
247	8.466	184.542	2.647	97.006	3.402	0.17	20000.0
248	8.453	184.528	2.643	96.98	3.386	0.173	20000.0
249	8.482	184.59	2.66	96.97	3.398	0.173	20000.0
250	8.503	184.681	2.674	97.019	3.384	0.172	20000.0
251	8.47	184.377	2.632	96.917	3.381	0.175	20000.0
252	8.46	184.529	2.675	97.055	3.409	0.171	30000.0
253	8.457	184.501	2.671	97.039	3.391	0.172	20000.0
254	8.457	184.455	2.653	96.974	3.396	0.173	20000.0
255	8.459	184.335	2.654	96.954	3.381	0.175	20000.0
256	8.494	184.633	2.657	96.992	3.373	0.173	20000.0
257	8.419	184.357	2.634	96.911	3.377	0.176	40000.0
258	8.386	184.071	2.654	96.917	3.381	0.175	20000.0
259	8.505	184.763	2.666	97.084	3.412	0.167	20000.0
260	8.468	184.544	2.656	96.964	3.384	0.174	20000.0
261	8.399	184.14	2.657	96.929	3.373	0.175	20000.0
262	8.427	184.441	2.656	97.004	3.384	0.171	20000.0
263	8.477	184.784	2.639	97.038	3.396	0.171	50000.0
264	8.471	184.676	2.657	97.005	3.402	0.171	20000.0
265	8.474	184.523	2.658	96.975	3.404	0.173	20000.0
266	8.488	184.458	2.641	96.945	3.37	0.175	20000.0
267	8.445	184.496	2.63	96.99	3.394	0.17	20000.0
268	8.481	184.501	2.657	97.053	3.396	0.171	20000.0
269	8.452	184.544	2.634	97.062	3.378	0.173	20000.0
270	8.466	184.396	2.663	97.01	3.38	0.172	20000.0
271	8.469	184.423	2.648	96.987	3.383	0.173	20000.0
272	8.419	184.03	2.652	96.981	3.359	0.176	30000.0
273	8.422	184.386	2.637	96.983	3.389	0.173	20000.0
274	8.427	184.396	2.647	96.986	3.402	0.171	20000.0
275	8.443	184.133	2.648	96.826	3.383	0.179	20000.0
276	8.485	184.711	2.632	96.993	3.405	0.17	40000.0
277	8.489	184.604	2.668	97.037	3.412	0.171	20000.0
278	8.442	184.425	2.623	96.947	3.366	0.176	20000.0
279	8.417	184.317	2.621	96.925	3.377	0.175	20000.0
280	8.431	184.423	2.649	97.044	3.404	0.169	20000.0
281	8.503	184.896	2.648	97.097	3.4	0.168	20000.0
282	8.423	184.073	2.604	96.822	3.356	0.178	20000.0
283	8.469	184.567	2.629	96.937	3.39	0.173	30000.0
284	8.443	184.534	2.648	97.044	3.388	0.172	30000.0
285	8.482	184.818	2.644	97.028	3.404	0.169	20000.0
286	8.472	184.738	2.626	96.981	3.393	0.17	20000.0
287	8.443	184.326	2.623	96.883	3.379	0.176	20000.0
288	8.465	184.329	2.683	97.056	3.395	0.172	40000.0
289	8.486	184.671	2.663	96.994	3.394	0.171	20000.0
290	8.456	184.602	2.646	97.035	3.389	0.17	20000.0
291	8.429	184.039	2.612	96.915	3.349	0.177	20000.0
292	8.459	184.223	2.649	96.85	3.366	0.177	30000.0
293	8.445	184.338	2.638	96.931	3.376	0.176	20000.0
294	8.465	184.614	2.667	97.053	3.396	0.171	20000.0
295	8.47	184.585	2.629	97.059	3.399	0.169	20000.0
296	8.48	184.431	2.65	96.934	3.378	0.175	20000.0
297	8.404	184.09	2.656	96.914	3.37	0.176	20000.0
298	8.46	184.239	2.649	96.963	3.37	0.175	20000.0
299	8.473	184.865	2.635	97.062	3.401	0.169	20000.0
300	8.472	184.918	2.675	97.077	3.426	0.168	30000.0
301	8.517	184.722	2.665	96.993	3.396	0.172	20000.0
302	8.458	184.521	2.667	97.066	3.392	0.171	20000.0
303	8.499	184.949	2.66	97.083	3.409	0.168	40000.0
304	8.405	183.882	2.646	96.893	3.353	0.179	20000.0
305	8.456	184.532	2.652	97.031	3.4	0.171	20000.0
306	8.435	184.133	2.632	96.906	3.368	0.175	30000.0
307	8.395	184.014	2.646	96.862	3.366	0.179	30000.0
308	8.47	184.816	2.644	97.03	3.411	0.169	30000.0
309	8.468	184.726	2.672	96.997	3.416	0.171	20000.0
310	8.45	184.33	2.616	96.844	3.364	0.177	20000.0
311	8.49	184.569	2.64	97.011	3.388	0.172	20000.0
312	8.507	184.721	2.648	97.0	3.397	0.171	30000.0
313	8.418	184.305	2.644	96.924	3.387	0.174	40000.0
314	8.467	184.754	2.644	97.048	3.401	0.171	30000.0
315	8.453	184.673	2.675	97.107	3.428	0.168	20000.0
316	8.45	184.308	2.642	96.912	3.374	0.177	30000.0
317	8.459	184.352	2.633	96.935	3.367	0.175	30000.0
318	8.463	184.474	2.647	96.941	3.384	0.174	20000.0
319	8.489	184.791	2.654	96.996	3.404	0.17	20000.0
320	8.493	184.66	2.668	97.032	3.408	0.171	30000.0
321	8.424	184.132	2.631	96.9	3.37	0.176	20000.0
322	8.492	184.638	2.646	97.016	3.402	0.17	30000.0
323	8.428	184.673	2.63	97.045	3.378	0.171	20000.0
324	8.464	184.369	2.657	96.949	3.393	0.173	30000.0
325	8.389	184.296	2.626	96.938	3.392	0.172	40000.0
326	8.506	184.56	2.67	96.947	3.38	0.175	20000.0
327	8.466	184.687	2.639	97.03	3.408	0.17	20000.0
328	8.444	184.566	2.637	96.981	3.382	0.173	20000.0
329	8.474	184.656	2.645	96.973	3.387	0.173	20000.0
330	8.465	184.55	2.682	96.989	3.402	0.172	20000.0
331	8.505	184.774	2.648	97.044	3.4	0.17	20000.0
332	8.427	184.416	2.634	96.964	3.388	0.173	20000.0
333	8.441	184.199	2.625	96.873	3.36	0.178	20000.0
334	8.446	184.407	2.668	97.006	3.38	0.174	30000.0
335	8.476	184.555	2.657	96.941	3.394	0.174	40000.0
336	8.468	184.509	2.683	97.011	3.387	0.173	20000.0
337	8.475	184.636	2.643	96.965	3.385	0.173	20000.0
338	8.418	184.012	2.645	96.885	3.379	0.177	20000.0
339	8.451	184.386	2.647	96.932	3.39	0.174	20000.0
340	8.502	184.637	2.653	97.065	3.389	0.172	20000.0
341	8.465	184.494	2.619	96.978	3.366	0.173	40000.0
342	8.49	184.712	2.629	96.955	3.381	0.172	30000.0
343	8.402	184.255	2.627	96.974	3.388	0.172	20000.0
344	8.461	184.617	2.65	97.033	3.39	0.171	40000.0
345	8.483	184.64	2.66	97.064	3.397	0.17	20000.0
346	8.432	184.142	2.628	96.86	3.384	0.175	30000.0
347	8.469	184.599	2.654	97.008	3.397	0.171	20000.0
348	8.428	184.356	2.648	96.882	3.377	0.177	20000.0
349	8.505	184.784	2.657	97.094	3.396	0.17	20000.0
350	8.461	184.647	2.631	96.993	3.393	0.172	20000.0
351	8.426	184.252	2.658	97.006	3.381	0.173	20000.0
352	8.488	184.777	2.654	97.012	3.414	0.17	20000.0
353	8.481	184.647	2.65	97.038	3.385	0.172	20000.0
354	8.452	184.419	2.64	97.022	3.39	0.17	30000.0
355	8.47	184.436	2.675	96.99	3.415	0.171	20000.0
356	8.517	184.711	2.66	97.019	3.396	0.171	20000.0
357	8.448	184.298	2.65	96.921	3.385	0.175	30000.0
358	8.478	184.521	2.641	96.986	3.358	0.175	30000.0
359	8.506	184.318	2.658	96.923	3.368	0.177	20000.0
360	8.467	184.649	2.646	97.001	3.384	0.173	20000.0
361	8.413	184.072	2.633	96.856	3.379	0.176	30000.0
362	8.476	184.434	2.662	96.961	3.387	0.174	20000.0
363	8.489	184.638	2.631	97.024	3.379	0.172	20000.0
364	8.512	185.023	2.666	97.084	3.394	0.17	30000.0
365	8.476	184.563	2.667	97.016	3.384	0.173	30000.0
366	8.442	184.127	2.629	96.895	3.35	0.177	30000.0
367	8.47	184.564	2.651	97.036	3.401	0.169	30000.0
368	8.433	184.313	2.623	96.899	3.383	0.174	40000.0
369	8.452	184.563	2.644	97.043	3.393	0.17	20000.0
370	8.486	184.364	2.626	96.916	3.376	0.174	40000.0
371	8.465	184.279	2.654	96.95	3.37	0.175	30000.0
372	8.49	184.547	2.648	97.075	3.383	0.17	20000.0
373	8.454	184.398	2.664	97.002	3.39	0.172	20000.0
374	8.486	184.505	2.649	96.996	3.377	0.173	20000.0
375	8.469	184.524	2.645	96.935	3.391	0.173	20000.0
376	8.448	184.25	2.655	96.86	3.375	0.178	20000.0
377	8.46	184.451	2.612	96.97	3.377	0.172	20000.0
378	8.484	184.693	2.656	97.023	3.405	0.17	20000.0
379	8.438	184.2	2.645	96.912	3.372	0.175	30000.0
380	8.496	184.799	2.659	97.035	3.383	0.172	20000.0
381	8.448	184.426	2.65	96.989	3.399	0.172	20000.0
382	8.451	184.342	2.634	96.921	3.389	0.174	30000.0
383	8.453	184.559	2.65	96.974	3.37	0.175	30000.0
384	8.452	184.434	2.62	96.905	3.37	0.176	20000.0
385	8.485	184.445	2.662	96.951	3.383	0.175	20000.0
386	8.463	184.5	2.642	97.031	3.39	0.17	20000.0
387	8.475	184.78	2.666	97.04	3.41	0.169	20000.0
388	8.464	184.685	2.665	97.045	3.409	0.17	20000.0
389	8.476	184.551	2.616	96.957	3.373	0.173	20000.0
390	8.471	184.545	2.658	96.996	3.373	0.174	20000.0
391	8.488	184.835	2.642	97.054	3.391	0.17	20000.0
392	8.431	184.327	2.65	96.99	3.372	0.174	20000.0
393	8.441	184.714	2.656	97.031	3.406	0.169	40000.0
394	8.472	184.53	2.627	96.981	3.376	0.173	20000.0
395	8.432	184.548	2.638	97.023	3.399	0.171	20000.0
396	8.458	184.148	2.645	96.907	3.366	0.177	40000.0
397	8.454	184.224	2.616	96.921	3.356	0.175	20000.0
398	8.477	184.805	2.638	97.039	3.388	0.169	20000.0
399	8.446	184.3	2.613	96.897	3.38	0.174	20000.0
400	8.495	185.031	2.661	97.173	3.411	0.165	20000.0
401	8.472	184.766	2.645	97.052	3.386	0.17	30000.0
402	8.488	184.573	2.664	97.042	3.403	0.171	20000.0
403	8.492	184.876	2.654	97.025	3.4	0.171	20000.0
404	8.502	184.868	2.656	97.121	3.411	0.166	20000.0
405	8.493	184.736	2.656	97.073	3.385	0.171	20000.0
406	8.469	184.607	2.628	96.98	3.387	0.171	20000.0
407	8.5	184.748	2.672	97.06	3.416	0.17	30000.0
408	8.489	184.722	2.651	97.036	3.402	0.17	20000.0
409	8.493	184.509	2.645	96.949	3.374	0.174	20000.0
410	8.513	184.76	2.674	97.009	3.404	0.171	40000.0
411	8.472	184.402	2.647	96.994	3.371	0.174	20000.0
412	8.441	184.48	2.63	96.974	3.399	0.171	20000.0
413	8.457	184.266	2.619	96.946	3.377	0.174	20000.0
414	8.443	184.752	2.66	97.117	3.4	0.169	20000.0
415	8.413	184.079	2.634	96.949	3.379	0.175	30000.0
416	8.474	184.351	2.676	96.93	3.385	0.175	20000.0
417	8.491	184.705	2.669	97.089	3.405	0.17	30000.0
418	8.45	184.342	2.619	96.993	3.383	0.171	20000.0
419	8.439	184.509	2.651	96.97	3.402	0.171	20000.0
420	8.425	184.338	2.622	96.929	3.383	0.174	40000.0
421	8.444	184.309	2.665	97.003	3.371	0.174	20000.0
422	8.469	184.455	2.684	97.026	3.387	0.173	20000.0
423	8.459	184.496	2.634	97.013	3.401	0.169	20000.0
424	8.481	184.397	2.647	96.972	3.385	0.174	20000.0
425	8.523	184.756	2.638	96.994	3.389	0.171	20000.0
426	8.548	184.876	2.653	97.05	3.374	0.172	20000.0
427	8.536	184.746	2.649	97.04	3.392	0.17	20000.0
428	8.507	184.533	2.65	96.946	3.401	0.173	30000.0
429	8.467	184.538	2.636	96.985	3.388	0.171	40000.0
430	8.446	184.278	2.664	96.995	3.365	0.175	30000.0
431	8.452	184.493	2.623	96.972	3.391	0.172	20000.0
432	8.418	184.274	2.618	96.92	3.367	0.176	20000.0
433	8.433	184.066	2.619	96.782	3.357	0.18	30000.0
434	8.506	184.812	2.66	97.059	3.411	0.169	20000.0
435	8.468	184.8	2.68	97.122	3.413	0.167	30000.0
436	8.472	184.482	2.626	96.962	3.373	0.175	40000.0
437	8.447	184.328	2.638	96.94	3.414	0.172	20000.0
438	8.475	184.309	2.644	96.969	3.377	0.173	20000.0
439	8.449	184.313	2.65	96.851	3.356	0.179	20000.0
440	8.433	184.232	2.642	96.886	3.391	0.175	30000.0
441	8.469	184.378	2.641	96.985	3.4	0.172	30000.0
442	8.475	184.655	2.654	96.995	3.381	0.172	30000.0
443	8.484	184.486	2.667	97.006	3.389	0.173	20000.0
444	8.408	184.449	2.648	96.989	3.392	0.173	20000.0
445	8.46	184.621	2.662	96.982	3.401	0.172	20000.0
446	8.441	184.341	2.612	96.88	3.384	0.177	20000.0
447	8.469	184.501	2.655	97.001	3.382	0.173	20000.0
448	8.442	184.163	2.625	96.967	3.37	0.173	20000.0
449	8.463	184.697	2.679	97.104	3.411	0.17	20000.0
450	8.522	184.724	2.657	96.951	3.4	0.173	30000.0
451	8.449	184.442	2.643	96.948	3.392	0.174	20000.0
452	8.445	184.234	2.667	96.93	3.374	0.176	20000.0
453	8.427	184.32	2.65	96.942	3.379	0.176	20000.0
454	8.488	184.385	2.637	96.946	3.382	0.174	20000.0
455	8.482	184.644	2.653	97.045	3.407	0.17	30000.0
456	8.458	184.256	2.654	96.952	3.386	0.174	20000.0
457	8.452	184.448	2.652	96.992	3.4	0.172	20000.0
458	8.444	184.386	2.648	96.937	3.387	0.174	20000.0
459	8.494	184.69	2.647	97.051	3.4	0.17	20000.0
460	8.481	184.661	2.635	97.094	3.379	0.169	20000.0
461	8.45	184.372	2.618	96.905	3.367	0.176	20000.0
462	8.441	184.612	2.648	96.997	3.418	0.17	30000.0
463	8.403	184.02	2.669	96.973	3.391	0.174	20000.0
464	8.452	184.693	2.645	97.019	3.386	0.171	20000.0
465	8.429	184.542	2.635	96.994	3.386	0.172	20000.0
466	8.439	184.259	2.626	96.91	3.389	0.173	20000.0
467	8.459	184.572	2.658	96.992	3.389	0.172	20000.0
468	8.492	184.562	2.655	96.925	3.391	0.175	30000.0
469	8.44	184.332	2.641	96.987	3.376	0.174	20000.0
470	8.5	184.601	2.65	96.969	3.394	0.172	20000.0
471	8.435	184.324	2.639	96.973	3.389	0.172	30000.0
472	8.452	184.516	2.648	97.006	3.393	0.171	30000.0
473	8.448	184.378	2.65	96.969	3.384	0.174	20000.0
474	8.447	184.565	2.652	97.033	3.392	0.17	20000.0
475	8.468	184.529	2.666	96.964	3.382	0.175	20000.0
476	8.364	183.891	2.627	96.868	3.352	0.178	30000.0
477	8.406	184.12	2.645	96.924	3.377	0.175	20000.0
478	8.457	184.549	2.646	96.938	3.39	0.173	30000.0
479	8.476	184.497	2.652	96.99	3.365	0.175	20000.0
480	8.467	184.423	2.62	96.997	3.374	0.173	40000.0
481	8.441	184.666	2.641	97.056	3.406	0.17	20000.0
482	8.403	184.159	2.658	96.922	3.386	0.175	30000.0
483	8.461	184.342	2.678	97.004	3.383	0.174	30000.0
484	8.485	184.375	2.643	96.964	3.377	0.174	20000.0
485	8.434	184.553	2.652	97.075	3.39	0.17	20000.0
486	8.443	184.193	2.641	96.928	3.364	0.176	40000.0
487	8.465	184.442	2.634	96.894	3.366	0.176	20000.0
488	8.457	184.271	2.653	96.894	3.381	0.177	20000.0
489	8.44	184.116	2.63	96.842	3.36	0.178	20000.0
490	8.482	184.527	2.645	97.003	3.399	0.172	30000.0
491	8.534	185.018	2.664	97.146	3.419	0.166	20000.0
492	8.518	184.993	2.646	97.099	3.406	0.168	20000.0
493	8.47	184.423	2.642	96.973	3.386	0.172	20000.0
494	8.465	184.306	2.646	96.953	3.365	0.177	20000.0
495	8.513	184.663	2.664	97.096	3.396	0.17	20000.0
496	8.47	184.843	2.66	97.033	3.407	0.17	20000.0
497	8.499	184.746	2.669	97.079	3.4	0.169	20000.0
498	8.493	184.922	2.662	97.138	3.414	0.167	20000.0
499	8.478	184.399	2.667	96.988	3.389	0.173	20000.0
500	8.459	184.52	2.654	97.022	3.366	0.174	20000.0
