NMF_Replicate	L1	L1 %	L2	L2 %	KL Divergence	Correlation	Convergence Iterations
1	35.419	123.357	8.546	79.061	1.603	0.535	40000.0
2	35.444	123.81	8.669	79.347	1.606	0.531	30000.0
3	34.948	121.707	8.483	78.371	1.558	0.547	20000.0
4	35.307	122.633	8.546	78.549	1.573	0.545	30000.0
5	35.26	122.76	8.587	78.956	1.582	0.539	30000.0
6	34.919	121.716	8.506	78.347	1.571	0.547	20000.0
7	35.291	122.922	8.575	78.792	1.592	0.539	30000.0
8	35.188	122.814	8.574	78.649	1.599	0.541	30000.0
9	35.268	122.845	8.473	78.852	1.575	0.539	20000.0
10	35.007	122.18	8.526	78.588	1.567	0.545	30000.0
11	35.182	123.055	8.503	78.887	1.596	0.537	20000.0
12	34.994	122.278	8.598	78.352	1.571	0.547	20000.0
13	35.095	122.943	8.482	78.505	1.588	0.542	20000.0
14	35.529	123.382	8.611	79.057	1.615	0.535	20000.0
15	34.947	122.406	8.468	78.736	1.58	0.539	20000.0
16	34.894	122.054	8.421	78.378	1.56	0.545	20000.0
17	35.504	123.395	8.648	79.18	1.605	0.537	20000.0
18	35.013	121.954	8.519	78.207	1.581	0.546	20000.0
19	35.415	123.257	8.611	78.894	1.592	0.539	20000.0
20	35.008	122.363	8.485	78.615	1.566	0.544	30000.0
21	35.322	123.416	8.616	79.135	1.591	0.534	30000.0
22	35.489	123.599	8.578	78.901	1.62	0.535	30000.0
23	35.403	123.378	8.52	78.799	1.595	0.538	20000.0
24	35.428	123.542	8.621	79.549	1.605	0.533	20000.0
25	34.954	121.735	8.546	77.646	1.569	0.556	20000.0
26	34.994	122.805	8.497	78.578	1.583	0.544	20000.0
27	35.149	122.023	8.461	77.859	1.564	0.552	20000.0
28	35.051	122.319	8.467	78.077	1.571	0.55	30000.0
29	35.218	122.75	8.497	78.579	1.585	0.542	20000.0
30	35.103	122.983	8.448	78.528	1.594	0.543	20000.0
31	35.156	122.731	8.541	78.688	1.583	0.543	20000.0
32	35.098	122.397	8.548	78.413	1.567	0.545	20000.0
33	35.107	122.809	8.556	78.387	1.593	0.542	20000.0
34	35.074	122.567	8.557	78.93	1.595	0.538	30000.0
35	35.334	123.25	8.517	78.496	1.585	0.542	20000.0
36	35.42	123.511	8.646	78.845	1.593	0.537	20000.0
37	35.502	123.694	8.589	78.729	1.625	0.537	20000.0
38	35.026	122.402	8.552	78.731	1.584	0.54	50000.0
39	35.155	122.687	8.553	78.485	1.595	0.542	40000.0
40	34.825	122.35	8.608	78.703	1.585	0.543	20000.0
41	35.085	122.125	8.629	78.546	1.582	0.546	20000.0
42	35.162	122.619	8.512	78.563	1.572	0.543	40000.0
43	35.457	122.919	8.592	78.733	1.576	0.543	20000.0
44	35.135	122.577	8.526	78.813	1.576	0.539	40000.0
45	35.227	123.19	8.6	78.789	1.591	0.539	20000.0
46	35.248	122.915	8.546	78.838	1.594	0.538	20000.0
47	35.332	123.727	8.59	79.298	1.601	0.533	30000.0
48	35.583	124.338	8.631	79.438	1.607	0.532	20000.0
49	35.315	122.431	8.589	78.681	1.573	0.544	20000.0
50	35.126	121.653	8.6	78.358	1.537	0.548	20000.0
51	34.953	122.872	8.55	78.687	1.585	0.541	20000.0
52	35.217	123.112	8.435	78.9	1.59	0.535	30000.0
53	35.232	122.644	8.534	78.311	1.562	0.549	20000.0
54	34.835	122.012	8.515	78.258	1.573	0.548	20000.0
55	35.251	123.473	8.575	78.993	1.6	0.536	20000.0
56	35.309	122.89	8.458	78.192	1.567	0.545	20000.0
57	34.949	121.921	8.475	78.425	1.584	0.544	40000.0
58	35.117	123.063	8.49	78.665	1.591	0.539	20000.0
59	35.424	123.427	8.588	78.997	1.591	0.537	20000.0
60	34.871	122.152	8.487	78.327	1.586	0.545	20000.0
61	34.974	122.402	8.49	78.582	1.56	0.544	20000.0
62	34.806	122.088	8.48	78.689	1.58	0.542	20000.0
63	35.535	123.27	8.594	78.804	1.57	0.542	20000.0
64	35.322	123.059	8.582	78.806	1.591	0.54	20000.0
65	35.1	122.643	8.563	78.836	1.596	0.54	20000.0
66	35.169	122.82	8.483	78.667	1.578	0.543	30000.0
67	35.261	122.965	8.705	78.917	1.581	0.54	20000.0
68	35.367	123.283	8.612	79.063	1.6	0.533	20000.0
69	34.907	121.716	8.414	78.097	1.561	0.55	20000.0
70	35.379	123.437	8.487	78.766	1.587	0.541	20000.0
71	35.411	123.251	8.565	78.815	1.607	0.537	20000.0
72	35.49	123.402	8.588	78.852	1.584	0.542	20000.0
73	35.795	124.6	8.728	79.667	1.622	0.528	20000.0
74	34.889	121.753	8.531	78.129	1.584	0.549	20000.0
75	35.614	123.524	8.705	79.492	1.601	0.531	20000.0
76	35.316	123.129	8.481	78.95	1.6	0.537	40000.0
77	35.297	122.855	8.605	78.756	1.585	0.542	20000.0
78	34.884	122.379	8.48	78.555	1.562	0.544	20000.0
79	35.344	123.035	8.562	78.981	1.591	0.538	20000.0
80	35.532	123.301	8.63	79.006	1.598	0.537	20000.0
81	35.276	123.366	8.565	79.218	1.607	0.534	20000.0
82	35.161	122.736	8.527	79.113	1.586	0.534	20000.0
83	35.439	123.281	8.555	78.806	1.602	0.539	20000.0
84	35.292	122.883	8.655	78.706	1.594	0.544	20000.0
85	35.233	122.641	8.522	78.52	1.592	0.544	20000.0
86	35.639	123.516	8.614	79.105	1.594	0.538	20000.0
87	35.19	123.18	8.461	78.773	1.602	0.539	20000.0
88	35.274	123.038	8.521	78.659	1.597	0.54	20000.0
89	35.316	123.403	8.532	78.947	1.592	0.537	20000.0
90	35.168	123.126	8.545	78.725	1.58	0.54	20000.0
91	35.224	122.916	8.621	78.841	1.601	0.539	40000.0
92	35.404	123.686	8.614	78.967	1.58	0.539	20000.0
93	35.142	123.52	8.536	78.505	1.605	0.539	20000.0
94	35.51	123.212	8.663	79.034	1.597	0.538	20000.0
95	35.217	122.866	8.523	78.429	1.582	0.542	20000.0
96	35.414	123.447	8.664	79.148	1.617	0.532	30000.0
97	35.433	122.942	8.631	78.519	1.574	0.546	20000.0
98	35.376	123.474	8.579	79.236	1.615	0.533	20000.0
99	35.349	123.357	8.511	78.549	1.604	0.543	20000.0
100	35.3	123.164	8.478	78.983	1.61	0.532	30000.0
101	35.593	123.142	8.553	78.486	1.57	0.546	20000.0
102	35.374	123.806	8.509	79.063	1.612	0.532	20000.0
103	35.269	122.794	8.559	78.533	1.575	0.545	20000.0
104	35.598	123.795	8.614	79.139	1.599	0.533	20000.0
105	35.5	123.507	8.61	78.689	1.602	0.541	20000.0
106	34.843	121.671	8.534	78.559	1.566	0.544	20000.0
107	35.237	122.743	8.629	78.871	1.589	0.539	40000.0
108	34.76	122.22	8.557	78.829	1.59	0.539	20000.0
109	34.772	122.48	8.45	78.362	1.598	0.542	20000.0
110	35.436	123.46	8.561	78.984	1.597	0.537	20000.0
111	34.943	122.303	8.419	78.105	1.583	0.546	20000.0
112	34.83	122.038	8.431	78.295	1.591	0.541	30000.0
113	35.009	121.881	8.609	78.709	1.571	0.544	20000.0
114	35.245	122.753	8.591	79.028	1.589	0.538	40000.0
115	35.229	122.976	8.552	78.959	1.594	0.537	20000.0
116	35.075	122.373	8.46	78.424	1.566	0.544	40000.0
117	34.648	121.462	8.459	77.746	1.558	0.553	20000.0
118	35.168	123.216	8.527	78.958	1.595	0.535	20000.0
119	35.315	122.752	8.622	78.607	1.578	0.544	20000.0
120	35.037	122.58	8.44	78.389	1.579	0.543	20000.0
121	35.21	122.551	8.537	78.597	1.576	0.546	20000.0
122	35.36	122.689	8.524	78.499	1.588	0.543	20000.0
123	35.213	122.878	8.506	78.751	1.605	0.54	20000.0
124	35.235	123.269	8.566	78.972	1.602	0.535	20000.0
125	35.078	122.399	8.546	78.406	1.577	0.543	40000.0
126	34.937	121.951	8.431	78.173	1.564	0.548	20000.0
127	35.23	122.955	8.622	78.932	1.6	0.538	30000.0
128	35.355	123.236	8.579	78.999	1.589	0.536	20000.0
129	35.31	123.523	8.504	78.808	1.584	0.54	20000.0
130	34.901	121.832	8.538	78.357	1.561	0.547	20000.0
131	35.462	123.29	8.728	79.148	1.593	0.538	20000.0
132	35.353	123.83	8.529	79.046	1.594	0.532	30000.0
133	35.381	123.512	8.601	79.246	1.598	0.533	20000.0
134	35.676	124.009	8.561	79.146	1.598	0.535	20000.0
135	35.07	122.443	8.556	78.432	1.566	0.548	20000.0
136	35.587	123.599	8.688	79.134	1.603	0.534	20000.0
137	34.978	122.439	8.551	78.671	1.576	0.542	20000.0
138	34.987	122.443	8.59	78.597	1.574	0.543	20000.0
139	35.34	122.498	8.501	78.575	1.569	0.546	20000.0
140	35.12	122.895	8.547	79.017	1.585	0.536	40000.0
141	35.705	123.77	8.677	79.354	1.608	0.535	20000.0
142	35.073	122.805	8.578	79.041	1.592	0.537	20000.0
143	35.247	122.845	8.614	78.674	1.584	0.543	20000.0
144	35.465	123.286	8.519	78.64	1.586	0.54	20000.0
145	35.171	122.286	8.61	78.74	1.578	0.544	20000.0
146	35.186	123.086	8.563	78.68	1.609	0.54	40000.0
147	34.951	122.206	8.505	78.243	1.572	0.547	30000.0
148	35.514	123.89	8.563	78.912	1.599	0.535	20000.0
149	35.262	123.156	8.594	79.016	1.597	0.536	30000.0
150	35.154	123.112	8.618	78.73	1.595	0.54	20000.0
151	35.168	122.68	8.549	78.666	1.587	0.542	20000.0
152	35.392	123.171	8.559	78.871	1.578	0.54	40000.0
153	35.364	123.764	8.56	79.006	1.612	0.536	20000.0
154	35.389	123.259	8.558	78.844	1.575	0.542	20000.0
155	35.396	122.98	8.614	79.147	1.593	0.538	30000.0
156	35.309	122.823	8.558	78.623	1.575	0.542	30000.0
157	35.314	123.051	8.553	78.816	1.574	0.54	20000.0
158	35.479	123.603	8.539	78.702	1.596	0.54	20000.0
159	35.134	123.761	8.556	79.401	1.605	0.53	20000.0
160	35.19	122.674	8.582	78.36	1.598	0.545	30000.0
161	35.171	122.614	8.404	78.314	1.579	0.545	20000.0
162	35.346	122.977	8.437	78.728	1.583	0.54	20000.0
163	34.986	122.554	8.468	78.694	1.572	0.54	20000.0
164	35.02	122.181	8.527	78.281	1.576	0.547	20000.0
165	35.037	122.639	8.541	78.382	1.568	0.545	20000.0
166	35.496	123.514	8.588	79.078	1.594	0.534	20000.0
167	35.291	122.651	8.581	78.535	1.573	0.544	20000.0
168	35.303	123.511	8.563	78.914	1.59	0.537	30000.0
169	35.203	122.837	8.545	78.83	1.589	0.54	20000.0
170	35.255	122.739	8.642	78.926	1.579	0.539	20000.0
171	35.201	122.955	8.493	78.42	1.606	0.542	30000.0
172	35.052	122.607	8.5	78.301	1.585	0.547	20000.0
173	35.276	122.578	8.599	78.556	1.59	0.543	20000.0
174	35.284	122.622	8.529	78.419	1.565	0.546	30000.0
175	35.358	123.323	8.527	79.104	1.608	0.533	20000.0
176	35.124	122.5	8.424	78.239	1.594	0.544	20000.0
177	34.697	121.475	8.512	78.377	1.56	0.548	20000.0
178	35.254	123.096	8.6	78.78	1.61	0.54	20000.0
179	35.386	122.845	8.603	79.19	1.607	0.535	20000.0
180	35.254	123.298	8.571	78.587	1.587	0.542	30000.0
181	35.444	122.953	8.529	78.759	1.582	0.541	20000.0
182	35.526	123.722	8.663	79.369	1.622	0.529	20000.0
183	35.331	122.837	8.601	79.256	1.586	0.537	30000.0
184	35.453	123.554	8.575	79.145	1.597	0.535	20000.0
185	35.329	123.056	8.629	79.125	1.601	0.536	20000.0
186	34.968	121.958	8.583	78.306	1.578	0.545	20000.0
187	35.489	123.248	8.584	78.889	1.589	0.539	20000.0
188	34.84	121.665	8.528	78.248	1.583	0.548	20000.0
189	35.09	121.986	8.486	78.302	1.57	0.546	20000.0
190	35.219	122.147	8.604	78.557	1.552	0.548	40000.0
191	34.952	122.23	8.558	78.305	1.579	0.545	30000.0
192	34.937	122.553	8.423	78.523	1.569	0.542	30000.0
193	35.459	123.308	8.628	78.921	1.597	0.542	20000.0
194	35.538	123.576	8.673	78.969	1.606	0.538	20000.0
195	35.145	122.842	8.547	78.521	1.591	0.542	20000.0
196	34.893	121.613	8.519	77.979	1.574	0.55	30000.0
197	35.304	123.727	8.526	79.192	1.595	0.532	30000.0
198	35.118	122.857	8.562	78.674	1.599	0.539	20000.0
199	35.303	123.043	8.544	78.774	1.582	0.539	20000.0
200	35.544	123.787	8.601	79.042	1.59	0.537	20000.0
201	35.607	123.309	8.634	79.105	1.574	0.54	20000.0
202	34.997	122.614	8.509	78.752	1.576	0.543	20000.0
203	35.623	124.247	8.588	79.405	1.612	0.531	20000.0
204	34.87	122.123	8.632	78.657	1.572	0.546	20000.0
205	35.205	122.514	8.573	78.633	1.568	0.546	30000.0
206	35.166	122.671	8.545	78.808	1.582	0.54	20000.0
207	35.024	122.168	8.543	78.538	1.569	0.544	20000.0
208	35.345	123.501	8.522	79.114	1.588	0.538	40000.0
209	35.261	122.696	8.577	78.598	1.585	0.542	20000.0
210	35.118	122.943	8.637	78.541	1.596	0.541	40000.0
211	35.233	123.485	8.638	78.879	1.605	0.537	30000.0
212	35.166	122.526	8.5	78.468	1.578	0.545	20000.0
213	35.31	123.607	8.56	78.916	1.596	0.537	20000.0
214	35.299	123.428	8.558	79.258	1.598	0.533	30000.0
215	35.101	122.932	8.472	78.502	1.587	0.543	20000.0
216	35.223	122.581	8.494	78.328	1.586	0.542	20000.0
217	35.535	123.767	8.683	79.111	1.598	0.536	20000.0
218	35.55	123.37	8.664	79.073	1.593	0.539	20000.0
219	35.412	123.582	8.642	79.3	1.593	0.535	50000.0
220	35.676	124.629	8.663	79.293	1.63	0.53	20000.0
221	35.288	123.001	8.538	78.327	1.579	0.549	20000.0
222	35.329	122.784	8.592	78.73	1.577	0.545	30000.0
223	35.445	123.404	8.645	79.059	1.601	0.536	20000.0
224	35.397	123.331	8.659	78.905	1.589	0.538	20000.0
225	35.444	123.422	8.563	79.168	1.595	0.535	30000.0
226	35.268	122.866	8.525	78.65	1.589	0.541	20000.0
227	35.209	122.319	8.475	78.602	1.586	0.542	20000.0
228	35.337	123.373	8.627	78.845	1.611	0.536	20000.0
229	34.849	122.411	8.507	78.457	1.571	0.547	20000.0
230	34.981	121.964	8.56	78.436	1.566	0.549	30000.0
231	35.455	123.833	8.618	79.356	1.595	0.533	20000.0
232	35.359	123.965	8.585	78.965	1.605	0.535	30000.0
233	35.022	122.652	8.526	78.71	1.589	0.54	20000.0
234	35.327	124.306	8.634	79.332	1.622	0.532	20000.0
235	35.338	123.15	8.605	78.666	1.58	0.544	20000.0
236	35.035	122.314	8.536	78.248	1.583	0.546	20000.0
237	35.06	123.264	8.555	78.842	1.617	0.537	30000.0
238	35.272	123.165	8.547	78.523	1.58	0.542	20000.0
239	34.987	122.64	8.485	78.356	1.592	0.543	30000.0
240	35.295	123.076	8.483	78.645	1.61	0.537	20000.0
241	35.309	123.164	8.578	78.713	1.566	0.542	20000.0
242	35.572	123.505	8.579	79.071	1.587	0.536	20000.0
243	35.351	122.72	8.573	78.751	1.574	0.542	20000.0
244	34.992	121.949	8.504	78.18	1.582	0.547	20000.0
245	35.258	122.55	8.543	78.385	1.574	0.544	20000.0
246	35.227	122.897	8.579	78.603	1.589	0.542	20000.0
247	35.001	122.596	8.562	78.736	1.571	0.543	20000.0
248	35.059	122.157	8.533	78.111	1.567	0.548	20000.0
249	35.048	122.707	8.462	78.367	1.584	0.547	30000.0
250	35.334	122.997	8.531	78.569	1.577	0.543	30000.0
251	35.354	122.737	8.568	78.834	1.595	0.541	20000.0
252	35.055	122.726	8.505	78.285	1.597	0.543	20000.0
253	35.309	123.049	8.594	78.92	1.579	0.542	20000.0
254	35.646	123.521	8.631	78.838	1.591	0.543	20000.0
255	35.35	122.413	8.664	78.448	1.583	0.546	20000.0
256	34.935	122.085	8.468	78.199	1.564	0.55	40000.0
257	35.03	122.138	8.585	78.522	1.558	0.548	20000.0
258	35.199	123.201	8.582	79.029	1.581	0.539	20000.0
259	35.504	123.504	8.627	79.224	1.599	0.537	20000.0
260	35.251	122.84	8.451	78.666	1.572	0.541	20000.0
261	35.201	122.806	8.549	78.695	1.587	0.541	30000.0
262	34.923	122.295	8.496	78.61	1.598	0.54	30000.0
263	35.298	123.883	8.665	79.41	1.629	0.532	20000.0
264	35.405	123.787	8.586	78.749	1.598	0.54	20000.0
265	35.004	122.7	8.481	78.527	1.601	0.539	20000.0
266	35.109	122.551	8.561	78.712	1.567	0.54	30000.0
267	35.187	122.77	8.601	79.217	1.585	0.535	30000.0
268	35.289	122.856	8.585	78.5	1.596	0.543	30000.0
269	35.183	123.221	8.556	78.723	1.616	0.536	20000.0
270	35.409	123.191	8.602	78.719	1.574	0.543	30000.0
271	35.067	122.519	8.478	78.509	1.59	0.542	20000.0
272	35.123	122.274	8.606	78.788	1.56	0.544	20000.0
273	35.265	123.037	8.587	79.145	1.6	0.533	20000.0
274	35.493	124.038	8.605	79.253	1.599	0.534	30000.0
275	34.847	121.947	8.439	78.146	1.544	0.552	30000.0
276	35.079	122.903	8.583	78.905	1.597	0.538	30000.0
277	35.308	123.921	8.537	79.195	1.609	0.534	20000.0
278	35.204	122.381	8.569	78.39	1.586	0.546	40000.0
279	35.13	122.998	8.445	78.325	1.556	0.546	20000.0
280	35.494	124.212	8.68	79.302	1.636	0.531	30000.0
281	35.176	122.561	8.491	78.378	1.571	0.545	20000.0
282	35.296	122.549	8.538	78.825	1.572	0.543	20000.0
283	34.765	121.314	8.372	77.837	1.558	0.552	20000.0
284	35.259	122.648	8.445	78.347	1.579	0.545	20000.0
285	35.116	122.725	8.464	78.533	1.576	0.545	20000.0
286	35.047	122.309	8.553	78.608	1.59	0.543	30000.0
287	35.207	122.842	8.54	78.494	1.585	0.542	30000.0
288	35.168	123.158	8.526	79.266	1.607	0.533	20000.0
289	35.424	123.687	8.606	79.12	1.609	0.535	20000.0
290	35.452	122.964	8.616	78.968	1.586	0.54	20000.0
291	35.226	122.299	8.676	78.739	1.574	0.547	20000.0
292	35.159	122.586	8.555	78.691	1.584	0.542	20000.0
293	35.487	123.218	8.712	79.144	1.574	0.539	20000.0
294	35.44	123.674	8.598	79.195	1.609	0.533	20000.0
295	35.09	122.31	8.45	78.429	1.572	0.544	20000.0
296	35.316	122.909	8.631	78.925	1.589	0.54	30000.0
297	35.101	122.811	8.531	78.928	1.596	0.538	20000.0
298	35.241	123.067	8.452	78.452	1.588	0.54	20000.0
299	35.338	123.397	8.593	79.329	1.607	0.534	20000.0
300	34.948	122.162	8.452	78.283	1.58	0.547	20000.0
301	35.264	123.045	8.596	78.898	1.596	0.542	20000.0
302	35.182	123.351	8.536	79.144	1.589	0.534	20000.0
303	35.002	122.105	8.58	78.208	1.561	0.55	30000.0
304	35.034	122.596	8.512	78.259	1.571	0.547	40000.0
305	35.436	123.195	8.638	78.767	1.585	0.542	30000.0
306	35.277	122.832	8.575	78.581	1.574	0.544	20000.0
307	35.21	122.545	8.515	78.638	1.577	0.542	30000.0
308	35.529	123.644	8.646	78.956	1.593	0.54	20000.0
309	35.083	122.178	8.506	78.119	1.579	0.548	30000.0
310	35.447	123.452	8.581	78.95	1.594	0.536	20000.0
311	35.306	122.963	8.576	78.944	1.586	0.54	20000.0
312	35.232	122.67	8.64	78.871	1.575	0.54	20000.0
313	35.334	122.886	8.606	78.678	1.564	0.545	20000.0
314	35.324	123.129	8.609	79.324	1.587	0.535	20000.0
315	34.871	121.41	8.543	77.885	1.556	0.553	30000.0
316	35.153	123.599	8.524	79.008	1.604	0.533	20000.0
317	35.075	123.35	8.566	78.779	1.63	0.536	30000.0
318	35.078	122.954	8.497	78.856	1.6	0.537	20000.0
319	35.073	122.454	8.567	78.76	1.577	0.544	20000.0
320	35.23	122.929	8.608	78.535	1.59	0.54	20000.0
321	35.145	122.657	8.489	78.329	1.599	0.545	20000.0
322	35.072	122.098	8.459	78.008	1.571	0.549	20000.0
323	35.045	122.687	8.434	78.295	1.583	0.543	40000.0
324	35.189	123.626	8.452	78.63	1.612	0.539	30000.0
325	35.327	124.019	8.594	79.243	1.596	0.534	40000.0
326	35.161	122.392	8.58	78.544	1.587	0.543	20000.0
327	35.275	122.807	8.611	78.926	1.582	0.538	20000.0
328	35.32	123.105	8.604	79.03	1.615	0.536	20000.0
329	35.177	122.707	8.537	78.643	1.586	0.542	20000.0
330	35.096	123.59	8.611	79.292	1.627	0.529	20000.0
331	35.264	122.35	8.496	78.46	1.571	0.546	20000.0
332	34.629	121.036	8.414	78.065	1.559	0.549	20000.0
333	35.441	123.495	8.592	78.881	1.591	0.539	30000.0
334	35.429	123.938	8.718	79.518	1.604	0.529	20000.0
335	35.225	122.654	8.645	78.931	1.601	0.54	20000.0
336	35.039	122.658	8.488	78.613	1.582	0.541	20000.0
337	35.422	123.319	8.635	79.234	1.593	0.533	20000.0
338	35.352	123.084	8.622	79.198	1.587	0.537	20000.0
339	35.22	123.231	8.488	78.593	1.593	0.539	20000.0
340	35.244	123.518	8.45	78.858	1.603	0.536	20000.0
341	34.939	122.448	8.507	78.406	1.584	0.543	30000.0
342	35.224	122.48	8.535	78.514	1.569	0.542	30000.0
343	35.193	122.418	8.609	78.691	1.564	0.544	20000.0
344	35.128	122.732	8.521	78.8	1.585	0.538	20000.0
345	34.992	122.762	8.471	78.701	1.598	0.54	30000.0
346	34.959	122.844	8.566	78.622	1.591	0.539	20000.0
347	35.306	122.771	8.621	78.76	1.582	0.542	20000.0
348	35.435	123.655	8.668	79.176	1.602	0.535	20000.0
349	35.107	122.945	8.6	78.705	1.577	0.543	20000.0
350	35.784	124.529	8.641	79.289	1.614	0.532	20000.0
351	35.311	123.448	8.587	78.941	1.59	0.537	30000.0
352	35.169	122.703	8.456	78.531	1.575	0.543	40000.0
353	35.633	124.108	8.686	79.264	1.613	0.534	40000.0
354	34.759	121.883	8.458	78.247	1.576	0.546	20000.0
355	35.169	123.371	8.533	79.072	1.592	0.535	20000.0
356	35.156	122.962	8.612	78.866	1.581	0.541	30000.0
357	35.14	122.837	8.523	78.859	1.585	0.538	30000.0
358	35.313	123.046	8.638	78.76	1.592	0.539	20000.0
359	35.357	123.576	8.525	79.307	1.613	0.531	20000.0
360	35.088	122.046	8.542	78.26	1.573	0.545	20000.0
361	35.008	122.301	8.497	78.651	1.587	0.542	20000.0
362	35.016	122.044	8.485	78.232	1.58	0.55	20000.0
363	35.272	122.929	8.496	78.635	1.589	0.542	40000.0
364	35.243	123.14	8.549	78.744	1.601	0.54	20000.0
365	34.999	122.222	8.491	78.264	1.568	0.546	30000.0
366	35.361	123.172	8.521	79.24	1.602	0.534	20000.0
367	35.395	123.434	8.562	78.901	1.588	0.538	30000.0
368	35.149	122.886	8.527	78.853	1.606	0.539	20000.0
369	35.165	123.24	8.531	78.669	1.588	0.539	20000.0
370	35.139	122.281	8.595	78.684	1.567	0.546	20000.0
371	35.216	122.466	8.611	78.603	1.587	0.542	20000.0
372	35.219	122.903	8.567	78.911	1.587	0.539	20000.0
373	35.37	123.061	8.549	78.468	1.589	0.543	30000.0
374	35.734	123.963	8.645	79.231	1.597	0.534	20000.0
375	35.63	124.383	8.607	79.228	1.617	0.535	20000.0
376	35.42	123.178	8.629	78.773	1.596	0.541	20000.0
377	35.322	123.255	8.503	78.738	1.597	0.539	20000.0
378	35.224	122.96	8.518	78.589	1.591	0.542	20000.0
379	35.473	123.266	8.634	78.969	1.592	0.537	20000.0
380	35.167	122.617	8.499	78.22	1.596	0.544	20000.0
381	35.376	122.738	8.574	78.568	1.563	0.547	20000.0
382	35.055	122.236	8.564	78.259	1.578	0.547	20000.0
383	35.374	123.266	8.636	78.938	1.577	0.54	20000.0
384	34.965	122.701	8.489	78.864	1.587	0.54	30000.0
385	35.62	123.75	8.605	79.024	1.591	0.538	20000.0
386	35.374	123.584	8.574	78.917	1.603	0.535	20000.0
387	35.382	123.63	8.673	79.276	1.601	0.533	20000.0
388	35.178	122.718	8.537	78.771	1.609	0.536	20000.0
389	34.935	122.267	8.433	78.18	1.578	0.545	30000.0
390	35.305	122.462	8.548	78.306	1.579	0.55	20000.0
391	35.149	121.851	8.471	78.01	1.553	0.551	20000.0
392	35.172	122.912	8.454	78.622	1.594	0.541	20000.0
393	35.369	124.046	8.715	79.452	1.621	0.529	30000.0
394	35.132	122.587	8.488	78.626	1.599	0.54	30000.0
395	35.413	123.341	8.658	79.171	1.605	0.535	30000.0
396	35.087	122.853	8.475	78.656	1.59	0.543	20000.0
397	35.082	122.274	8.511	78.426	1.58	0.545	20000.0
398	35.019	122.809	8.529	78.775	1.596	0.541	20000.0
399	35.217	122.997	8.561	78.652	1.597	0.542	30000.0
400	35.289	123.242	8.562	78.621	1.596	0.541	20000.0
401	35.509	123.169	8.647	78.976	1.585	0.537	20000.0
402	35.581	123.694	8.636	79.016	1.594	0.537	20000.0
403	35.03	122.894	8.575	78.683	1.597	0.54	20000.0
404	34.801	122.164	8.455	78.018	1.581	0.547	20000.0
405	34.932	121.85	8.528	78.246	1.567	0.551	40000.0
406	35.92	124.204	8.697	79.412	1.61	0.532	20000.0
407	35.396	122.905	8.537	78.457	1.572	0.549	30000.0
408	35.117	123.609	8.573	78.993	1.63	0.534	20000.0
409	35.046	122.699	8.495	78.275	1.593	0.544	30000.0
410	35.238	122.547	8.507	78.18	1.585	0.549	20000.0
411	35.291	122.873	8.549	78.612	1.579	0.542	20000.0
412	34.951	122.647	8.553	78.567	1.587	0.541	20000.0
413	35.298	123.041	8.578	79.047	1.598	0.536	20000.0
414	35.445	123.647	8.533	79.169	1.608	0.532	20000.0
415	35.492	123.434	8.661	79.221	1.592	0.538	20000.0
416	35.261	123.147	8.638	78.99	1.6	0.54	20000.0
417	35.193	122.881	8.633	78.832	1.601	0.54	20000.0
418	35.304	122.681	8.47	78.824	1.582	0.539	30000.0
419	35.708	124.025	8.645	79.348	1.6	0.534	40000.0
420	35.106	122.29	8.531	78.466	1.57	0.545	20000.0
421	35.595	124.007	8.568	79.085	1.596	0.537	30000.0
422	35.188	122.812	8.449	78.404	1.57	0.545	30000.0
423	35.222	123.463	8.533	78.527	1.613	0.539	20000.0
424	35.477	123.685	8.543	78.98	1.589	0.537	20000.0
425	35.484	123.692	8.595	79.25	1.592	0.535	20000.0
426	35.607	123.44	8.629	79.05	1.599	0.538	20000.0
427	35.11	122.349	8.574	78.97	1.583	0.541	20000.0
428	35.226	123.529	8.609	79.037	1.617	0.537	20000.0
429	35.431	123.202	8.677	78.738	1.576	0.543	20000.0
430	35.202	122.767	8.605	78.516	1.581	0.544	20000.0
431	35.224	123.332	8.681	79.176	1.615	0.532	30000.0
432	34.769	121.715	8.473	78.28	1.561	0.547	20000.0
433	35.089	123.04	8.547	78.792	1.6	0.54	20000.0
434	35.447	123.597	8.6	79.112	1.583	0.536	20000.0
435	35.171	122.613	8.62	78.842	1.579	0.539	20000.0
436	35.352	123.144	8.63	79.007	1.6	0.536	40000.0
437	35.486	123.689	8.612	79.126	1.599	0.535	20000.0
438	35.446	123.153	8.566	78.929	1.601	0.539	20000.0
439	35.146	122.552	8.568	78.663	1.558	0.544	30000.0
440	35.52	123.491	8.669	78.725	1.611	0.541	20000.0
441	35.126	123.477	8.489	78.658	1.594	0.538	20000.0
442	35.191	122.556	8.547	78.697	1.57	0.545	20000.0
443	35.1	122.798	8.606	78.818	1.586	0.54	20000.0
444	35.086	122.66	8.519	78.719	1.593	0.538	30000.0
445	35.077	123.132	8.529	78.918	1.6	0.535	30000.0
446	35.189	123.061	8.554	78.792	1.594	0.539	20000.0
447	35.355	123.821	8.608	79.089	1.601	0.537	20000.0
448	35.024	122.842	8.601	78.778	1.576	0.542	30000.0
449	35.18	122.728	8.499	78.766	1.589	0.539	30000.0
450	35.672	124.416	8.612	79.185	1.618	0.534	20000.0
451	35.25	123.176	8.568	78.693	1.603	0.539	20000.0
452	35.371	122.683	8.578	79.011	1.585	0.539	30000.0
453	35.25	123.342	8.444	78.739	1.591	0.539	20000.0
454	35.011	122.731	8.477	78.822	1.597	0.539	20000.0
455	35.347	123.158	8.582	79.267	1.576	0.535	20000.0
456	35.292	123.479	8.586	79.128	1.587	0.538	20000.0
457	35.32	123.205	8.569	78.594	1.581	0.542	20000.0
458	34.883	121.967	8.55	78.411	1.579	0.543	30000.0
459	35.357	122.821	8.668	79.003	1.583	0.542	40000.0
460	35.223	122.339	8.595	78.602	1.572	0.546	30000.0
461	35.052	122.55	8.586	78.705	1.583	0.541	20000.0
462	34.581	121.57	8.452	77.864	1.583	0.55	20000.0
463	35.221	123.111	8.553	78.699	1.601	0.539	20000.0
464	35.621	124.453	8.622	79.22	1.611	0.532	40000.0
465	35.179	122.219	8.547	78.398	1.564	0.548	20000.0
466	35.442	123.06	8.489	78.608	1.585	0.544	30000.0
467	35.107	122.416	8.55	78.511	1.573	0.545	20000.0
468	35.209	123.351	8.436	78.641	1.603	0.54	40000.0
469	35.217	122.415	8.526	78.557	1.574	0.544	30000.0
470	35.047	122.748	8.453	78.593	1.584	0.542	20000.0
471	35.08	123.043	8.421	78.204	1.598	0.544	20000.0
472	35.131	122.523	8.626	78.768	1.582	0.543	20000.0
473	35.113	122.307	8.451	78.386	1.58	0.545	20000.0
474	35.199	123.131	8.472	78.428	1.599	0.541	20000.0
475	34.786	121.544	8.367	77.657	1.562	0.552	20000.0
476	35.303	123.472	8.592	79.033	1.59	0.54	40000.0
477	35.391	122.957	8.532	78.483	1.577	0.545	30000.0
478	34.789	121.881	8.44	78.192	1.56	0.546	20000.0
479	35.333	123.267	8.572	78.748	1.585	0.542	20000.0
480	35.221	122.884	8.557	78.895	1.593	0.537	20000.0
481	35.145	122.71	8.499	78.619	1.588	0.54	20000.0
482	35.295	122.627	8.611	78.76	1.581	0.539	20000.0
483	35.112	122.197	8.551	78.245	1.57	0.549	20000.0
484	35.235	122.645	8.524	79.151	1.6	0.536	20000.0
485	35.11	123.229	8.5	79.105	1.61	0.535	20000.0
486	34.931	122.041	8.447	78.21	1.561	0.545	20000.0
487	35.438	123.575	8.615	79.254	1.623	0.531	20000.0
488	35.268	123.988	8.531	79.023	1.615	0.531	30000.0
489	35.334	123.681	8.579	79.12	1.616	0.534	20000.0
490	35.201	123.173	8.628	78.87	1.593	0.538	30000.0
491	35.51	123.505	8.609	78.983	1.591	0.538	20000.0
492	35.176	123.402	8.561	79.024	1.597	0.535	20000.0
493	35.71	124.253	8.627	79.745	1.609	0.528	20000.0
494	35.369	123.559	8.59	79.304	1.604	0.533	20000.0
495	35.17	122.516	8.467	78.796	1.57	0.543	20000.0
496	35.414	123.67	8.576	79.031	1.605	0.534	20000.0
497	34.962	122.13	8.499	78.428	1.548	0.548	20000.0
498	35.419	123.539	8.609	78.818	1.614	0.538	20000.0
499	35.061	122.501	8.576	78.572	1.583	0.544	40000.0
500	35.186	123.456	8.611	78.714	1.614	0.537	20000.0
