NMF_Replicate	L1	L1 %	L2	L2 %	KL Divergence	Correlation	Convergence Iterations
1	127.95	72.896	25.959	50.569	0.585	0.783	20000.0
2	127.119	72.671	25.581	50.286	0.58	0.788	20000.0
3	129.282	73.377	26.209	50.778	0.583	0.785	30000.0
4	127.813	72.942	25.931	50.428	0.581	0.787	20000.0
5	128.48	73.216	25.789	50.691	0.586	0.782	20000.0
6	128.606	72.815	26.014	50.129	0.578	0.789	30000.0
7	127.657	72.815	25.696	50.199	0.579	0.787	30000.0
8	128.748	72.898	25.959	50.344	0.578	0.789	30000.0
9	128.438	72.911	26.036	50.565	0.579	0.785	20000.0
10	126.933	72.639	25.734	50.3	0.578	0.788	30000.0
11	128.702	73.241	25.816	50.439	0.584	0.786	30000.0
12	127.42	72.889	25.694	50.499	0.581	0.784	20000.0
13	128.187	73.146	26.082	50.674	0.584	0.784	50000.0
14	128.745	73.026	26.201	50.776	0.58	0.783	20000.0
15	128.697	73.103	26.042	50.482	0.579	0.787	30000.0
16	126.995	72.588	25.831	50.265	0.578	0.786	30000.0
17	128.009	72.988	25.895	50.446	0.583	0.787	20000.0
18	128.135	72.667	25.956	50.285	0.578	0.787	20000.0
19	128.689	73.194	26.076	50.805	0.582	0.782	30000.0
20	127.238	72.486	25.811	50.193	0.577	0.79	40000.0
21	128.7	73.016	26.139	50.546	0.581	0.787	30000.0
22	128.178	73.307	26.028	50.898	0.585	0.783	20000.0
23	127.384	72.705	25.743	50.326	0.58	0.789	20000.0
24	128.076	72.558	25.973	50.371	0.574	0.789	30000.0
25	128.399	73.048	25.841	50.779	0.583	0.782	20000.0
26	127.097	72.365	25.646	50.222	0.573	0.789	30000.0
27	127.336	72.574	25.868	50.449	0.58	0.786	30000.0
28	127.526	73.184	25.734	50.527	0.584	0.785	30000.0
29	127.865	73.254	25.832	50.705	0.585	0.782	20000.0
30	128.084	72.66	25.81	50.438	0.581	0.785	20000.0
31	127.865	73.09	25.945	50.779	0.584	0.783	20000.0
32	127.768	73.128	25.746	50.757	0.58	0.784	30000.0
33	128.685	72.882	25.904	50.455	0.58	0.787	40000.0
34	127.681	72.727	25.774	50.179	0.577	0.789	30000.0
35	128.562	73.117	26.091	50.575	0.579	0.786	20000.0
36	128.125	72.858	26.116	50.741	0.581	0.783	30000.0
37	127.084	72.595	25.763	50.118	0.576	0.79	30000.0
38	128.292	73.066	25.928	50.629	0.58	0.785	20000.0
39	128.869	73.129	26.306	50.737	0.581	0.784	20000.0
40	128.559	73.242	26.076	50.684	0.583	0.784	30000.0
41	128.497	72.845	26.166	50.465	0.579	0.788	30000.0
42	128.74	73.109	26.052	50.464	0.581	0.787	20000.0
43	128.875	73.113	26.245	50.727	0.585	0.786	30000.0
44	128.216	72.623	25.909	50.172	0.578	0.791	30000.0
45	127.413	72.739	25.675	50.281	0.572	0.789	40000.0
46	128.57	72.968	26.144	50.585	0.583	0.785	30000.0
47	128.92	73.469	26.037	50.696	0.586	0.785	20000.0
48	127.531	72.919	25.853	50.528	0.582	0.786	40000.0
49	127.289	72.745	25.856	50.387	0.579	0.787	20000.0
50	127.99	72.76	25.602	50.155	0.578	0.788	20000.0
51	129.206	73.673	26.096	50.863	0.586	0.785	30000.0
52	129.015	73.465	26.334	51.024	0.587	0.781	30000.0
53	128.067	72.471	25.912	50.049	0.571	0.791	40000.0
54	128.017	72.582	25.982	50.257	0.578	0.789	20000.0
55	129.113	73.602	25.97	50.837	0.586	0.782	20000.0
56	128.031	72.487	25.9	50.245	0.574	0.787	30000.0
57	128.052	72.632	25.929	50.372	0.578	0.788	20000.0
58	128.018	72.701	25.734	50.199	0.579	0.79	40000.0
59	128.202	72.883	26.024	50.512	0.575	0.787	20000.0
60	128.415	73.118	26.021	50.64	0.58	0.782	20000.0
61	128.191	72.842	25.907	50.45	0.582	0.786	30000.0
62	128.477	73.11	25.995	50.702	0.584	0.785	40000.0
63	127.66	72.932	25.86	50.664	0.583	0.784	30000.0
64	128.702	72.836	26.15	50.466	0.577	0.785	30000.0
65	126.717	71.897	25.87	49.849	0.569	0.792	30000.0
66	128.313	72.869	26.03	50.614	0.577	0.786	20000.0
67	128.553	73.172	25.778	50.407	0.581	0.788	40000.0
68	128.366	72.988	26.139	50.549	0.582	0.787	20000.0
69	127.668	72.487	26.04	50.252	0.577	0.788	30000.0
70	128.544	73.199	26.088	50.69	0.582	0.786	20000.0
71	127.967	73.264	25.807	50.848	0.584	0.78	20000.0
72	128.836	73.473	26.146	50.736	0.591	0.782	20000.0
73	127.769	72.623	25.852	50.19	0.579	0.788	20000.0
74	127.491	72.71	25.874	50.408	0.577	0.786	20000.0
75	127.518	72.863	25.873	50.666	0.577	0.786	30000.0
76	128.27	73.072	25.978	50.675	0.582	0.784	20000.0
77	127.131	72.807	25.623	50.548	0.579	0.786	40000.0
78	128.235	73.042	25.97	50.562	0.581	0.785	20000.0
79	128.06	73.01	26.026	50.565	0.582	0.785	30000.0
80	127.492	72.873	25.865	50.55	0.583	0.786	20000.0
81	128.128	73.258	25.916	50.71	0.58	0.784	30000.0
82	127.313	72.876	25.697	50.343	0.578	0.787	30000.0
83	128.057	72.915	25.89	50.425	0.58	0.788	50000.0
84	127.998	72.962	25.82	50.663	0.58	0.786	20000.0
85	128.183	73.013	25.87	50.456	0.579	0.787	40000.0
86	128.975	73.134	26.427	51.03	0.58	0.781	30000.0
87	128.319	72.887	26.138	50.467	0.58	0.787	30000.0
88	128.014	72.684	25.886	50.168	0.577	0.788	30000.0
89	129.106	73.168	26.126	50.762	0.582	0.783	20000.0
90	128.342	73.486	26.155	51.028	0.583	0.783	20000.0
91	126.945	72.489	25.733	50.416	0.576	0.787	60000.0
92	127.054	72.519	25.622	49.995	0.576	0.79	30000.0
93	129.205	73.314	26.269	50.764	0.581	0.784	40000.0
94	128.443	72.807	25.948	50.364	0.578	0.787	50000.0
95	127.958	72.811	25.915	50.357	0.582	0.785	40000.0
96	128.156	72.527	26.191	50.414	0.577	0.787	20000.0
97	127.151	72.433	25.606	50.136	0.575	0.788	40000.0
98	127.908	73.038	25.924	50.604	0.584	0.783	20000.0
99	128.354	73.028	26.179	50.689	0.579	0.785	30000.0
100	129.035	73.262	26.343	50.783	0.583	0.784	30000.0
101	128.271	72.931	26.11	50.911	0.578	0.783	40000.0
102	127.525	72.734	25.808	50.33	0.577	0.787	30000.0
103	129.34	73.201	26.285	50.636	0.581	0.786	20000.0
104	127.41	72.759	25.642	50.351	0.581	0.786	30000.0
105	128.021	73.208	25.928	50.731	0.585	0.783	20000.0
106	128.768	73.586	26.197	50.994	0.589	0.779	30000.0
107	127.995	72.956	25.794	50.519	0.583	0.785	20000.0
108	128.252	73.179	25.828	50.561	0.581	0.787	20000.0
109	128.613	73.453	26.185	50.826	0.586	0.784	20000.0
110	128.092	72.792	25.992	50.385	0.577	0.79	20000.0
111	127.11	72.817	25.629	50.241	0.58	0.788	20000.0
112	128.232	73.042	25.952	50.369	0.587	0.785	30000.0
113	128.178	72.945	25.76	50.262	0.58	0.788	40000.0
114	127.802	72.717	25.933	50.495	0.58	0.785	20000.0
115	128.179	72.438	25.947	50.404	0.573	0.788	20000.0
116	127.528	72.766	25.827	50.268	0.578	0.789	30000.0
117	128.946	73.383	26.325	51.087	0.583	0.782	30000.0
118	128.228	73.154	26.024	50.548	0.582	0.786	30000.0
119	128.226	73.113	25.918	50.291	0.582	0.787	30000.0
120	127.287	72.86	25.584	50.372	0.582	0.788	40000.0
121	128.938	73.186	26.012	50.734	0.584	0.784	20000.0
122	128.431	73.219	25.964	50.648	0.582	0.783	30000.0
123	128.169	72.989	26.03	50.633	0.585	0.784	20000.0
124	128.817	73.066	26.286	50.65	0.582	0.785	30000.0
125	128.116	73.109	26.02	50.82	0.579	0.784	20000.0
126	127.64	72.939	25.898	50.521	0.584	0.783	40000.0
127	127.748	72.424	25.701	49.973	0.572	0.792	20000.0
128	128.086	73.102	26.047	50.702	0.582	0.784	20000.0
129	127.635	72.869	25.626	50.335	0.581	0.785	40000.0
130	128.772	73.531	26.017	50.787	0.589	0.78	30000.0
131	126.888	72.728	25.593	50.34	0.579	0.788	20000.0
132	127.885	72.696	25.886	50.26	0.575	0.789	20000.0
133	127.104	72.729	25.559	50.084	0.579	0.787	20000.0
134	127.499	72.784	25.958	50.671	0.577	0.787	30000.0
135	127.312	72.971	25.534	50.375	0.58	0.787	20000.0
136	128.421	73.089	26.147	50.611	0.581	0.788	20000.0
137	128.539	72.786	26.023	50.485	0.579	0.786	30000.0
138	128.418	72.759	26.058	50.465	0.578	0.788	50000.0
139	128.982	72.979	26.141	50.735	0.576	0.788	30000.0
140	128.302	72.793	26.003	50.558	0.581	0.784	30000.0
141	128.033	73.412	25.777	50.434	0.583	0.786	20000.0
142	127.981	73.278	25.857	50.959	0.585	0.78	20000.0
143	128.406	72.991	26.055	50.337	0.579	0.787	20000.0
144	128.564	73.011	26.007	50.673	0.578	0.784	40000.0
145	127.911	72.8	25.958	50.501	0.578	0.788	20000.0
146	128.591	73.242	25.753	50.516	0.584	0.787	20000.0
147	128.912	72.945	26.078	50.414	0.58	0.787	50000.0
148	127.038	72.334	25.591	50.025	0.57	0.79	20000.0
149	126.767	72.689	25.657	50.282	0.578	0.788	20000.0
150	128.503	73.297	25.949	50.643	0.582	0.785	20000.0
151	128.233	73.352	25.7	50.703	0.587	0.783	30000.0
152	128.038	72.927	25.825	50.373	0.577	0.786	40000.0
153	128.09	72.708	25.952	50.408	0.573	0.79	20000.0
154	127.991	73.051	25.86	50.518	0.583	0.783	30000.0
155	128.584	73.389	26.127	50.798	0.583	0.784	20000.0
156	127.651	73.019	25.804	50.349	0.586	0.787	30000.0
157	129.58	74.06	26.126	51.12	0.587	0.779	30000.0
158	126.903	72.56	25.832	50.32	0.576	0.789	30000.0
159	128.969	73.037	26.157	50.61	0.581	0.786	30000.0
160	129.079	73.648	26.08	50.768	0.584	0.785	40000.0
161	128.073	72.764	25.828	50.491	0.58	0.786	40000.0
162	128.942	73.673	26.07	51.002	0.586	0.781	50000.0
163	127.102	72.621	25.794	50.506	0.58	0.786	30000.0
164	128.226	73.21	25.737	50.384	0.586	0.785	20000.0
165	127.793	73.205	25.688	50.568	0.585	0.78	20000.0
166	127.717	72.923	25.923	50.877	0.583	0.782	30000.0
167	127.288	72.37	25.784	50.075	0.57	0.789	30000.0
168	127.809	72.982	25.812	50.636	0.583	0.784	50000.0
169	128.073	72.387	26.204	50.388	0.574	0.789	20000.0
170	129.395	73.778	26.315	51.065	0.591	0.781	20000.0
171	129.062	73.512	26.338	51.252	0.584	0.781	20000.0
172	127.932	73.007	25.837	50.649	0.582	0.786	20000.0
173	127.903	72.803	25.846	50.273	0.58	0.788	30000.0
174	128.338	73.072	26.169	50.826	0.583	0.784	40000.0
175	127.245	72.221	25.94	50.022	0.574	0.792	20000.0
176	129.396	73.246	26.336	50.842	0.581	0.786	20000.0
177	127.949	72.812	25.989	50.732	0.578	0.784	20000.0
178	128.406	73.158	26.057	50.615	0.584	0.785	30000.0
179	127.823	72.763	26.031	50.416	0.578	0.787	20000.0
180	128.157	72.855	25.944	50.163	0.581	0.789	40000.0
181	128.175	72.947	25.791	50.476	0.579	0.786	20000.0
182	128.854	73.143	26.023	50.511	0.58	0.786	20000.0
183	127.278	72.672	25.718	50.492	0.579	0.784	30000.0
184	127.792	73.032	25.864	50.552	0.581	0.787	30000.0
185	128.303	73.306	25.999	50.684	0.588	0.783	20000.0
186	128.196	72.739	26.105	50.394	0.575	0.789	40000.0
187	129.141	73.623	26.228	50.84	0.587	0.782	30000.0
188	126.95	72.321	25.676	50.051	0.578	0.789	40000.0
189	127.135	72.474	25.773	50.104	0.579	0.789	50000.0
190	128.389	73.116	26.031	50.644	0.579	0.783	20000.0
191	127.809	72.821	25.862	50.396	0.577	0.787	30000.0
192	127.131	72.323	25.733	50.046	0.575	0.79	30000.0
193	129.241	73.558	26.077	50.782	0.587	0.782	30000.0
194	126.373	72.53	25.574	49.952	0.578	0.79	30000.0
195	127.873	72.831	25.748	50.252	0.583	0.788	40000.0
196	130.115	73.695	26.351	51.044	0.586	0.783	30000.0
197	127.448	72.53	25.687	50.061	0.575	0.789	20000.0
198	128.464	73.426	25.969	50.693	0.586	0.785	20000.0
199	129.188	73.329	26.207	50.84	0.582	0.785	20000.0
200	128.647	72.826	26.002	50.207	0.577	0.79	20000.0
201	127.982	72.724	26.029	50.522	0.575	0.788	30000.0
202	127.644	72.45	25.745	50.142	0.572	0.79	20000.0
203	127.881	72.705	26.035	50.376	0.576	0.787	20000.0
204	127.286	72.178	25.775	50.001	0.571	0.793	30000.0
205	127.805	73.337	25.685	50.706	0.59	0.78	20000.0
206	127.554	72.958	25.794	50.543	0.578	0.785	30000.0
207	127.005	72.142	25.533	49.887	0.58	0.79	20000.0
208	127.575	72.563	25.716	50.346	0.581	0.786	30000.0
209	128.462	73.071	26.077	50.563	0.581	0.787	40000.0
210	127.643	72.833	25.822	50.392	0.584	0.787	40000.0
211	127.86	73.154	25.986	50.817	0.577	0.783	30000.0
212	129.021	73.037	26.269	50.565	0.58	0.788	40000.0
213	129.229	73.44	26.253	50.957	0.583	0.781	30000.0
214	127.901	72.951	25.78	50.42	0.581	0.787	30000.0
215	128.665	73.574	26.34	51.098	0.588	0.78	30000.0
216	128.217	72.993	25.957	50.534	0.58	0.784	20000.0
217	128.543	72.654	26.063	50.251	0.576	0.79	30000.0
218	128.5	73.002	26.141	50.768	0.58	0.784	30000.0
219	128.29	73.133	26.066	50.698	0.583	0.785	20000.0
220	128.898	73.193	25.983	50.573	0.582	0.784	20000.0
221	127.696	73.085	25.804	50.498	0.581	0.785	20000.0
222	128.071	72.884	25.897	50.578	0.58	0.786	20000.0
223	127.455	72.674	25.694	50.128	0.578	0.789	20000.0
224	129.078	73.188	26.131	50.714	0.583	0.785	20000.0
225	127.809	73.236	25.943	50.653	0.584	0.784	20000.0
226	127.767	72.997	25.873	50.469	0.581	0.785	20000.0
227	128.035	72.702	25.972	50.171	0.581	0.787	30000.0
228	127.604	72.646	25.839	50.123	0.581	0.787	20000.0
229	127.555	72.508	25.764	50.213	0.574	0.789	20000.0
230	127.663	72.639	25.872	50.274	0.577	0.788	20000.0
231	127.121	72.736	25.788	50.315	0.576	0.788	30000.0
232	127.909	72.888	25.82	50.532	0.581	0.786	20000.0
233	126.636	72.344	25.637	50.189	0.573	0.787	20000.0
234	128.272	72.535	26.203	50.482	0.571	0.789	20000.0
235	128.321	73.007	26.056	50.661	0.585	0.784	20000.0
236	127.268	72.39	25.63	49.979	0.577	0.792	20000.0
237	128.648	73.493	25.974	50.689	0.589	0.784	30000.0
238	127.664	73.397	25.86	50.855	0.585	0.784	20000.0
239	128.276	72.993	26.106	50.427	0.581	0.79	20000.0
240	128.297	73.117	25.969	50.533	0.583	0.785	30000.0
241	129.457	73.591	26.13	50.913	0.583	0.782	50000.0
242	128.533	73.382	26.114	50.908	0.589	0.78	30000.0
243	128.219	73.317	25.867	50.569	0.582	0.787	20000.0
244	127.896	72.867	25.956	50.378	0.579	0.786	30000.0
245	128.889	72.867	26.032	50.377	0.577	0.789	30000.0
246	127.59	72.854	25.75	50.614	0.578	0.785	20000.0
247	127.555	72.861	25.878	50.44	0.58	0.786	40000.0
248	128.019	72.94	25.882	50.428	0.579	0.788	30000.0
249	127.574	72.762	25.638	50.319	0.581	0.784	20000.0
250	128.969	73.42	26.125	51.161	0.583	0.78	20000.0
251	127.86	72.754	25.884	50.346	0.577	0.787	30000.0
252	127.56	72.588	25.735	50.14	0.576	0.79	40000.0
253	128.124	72.998	25.875	50.529	0.581	0.785	30000.0
254	128.352	72.703	25.933	50.144	0.574	0.792	30000.0
255	128.664	73.337	26.114	50.829	0.585	0.785	30000.0
256	128.592	73.218	26.184	50.841	0.583	0.784	30000.0
257	128.898	73.437	26.169	50.606	0.588	0.783	30000.0
258	127.872	72.877	25.958	50.316	0.58	0.787	30000.0
259	128.138	73.277	26.09	50.867	0.582	0.784	20000.0
260	128.217	72.865	26.148	50.54	0.577	0.786	20000.0
261	127.457	72.902	25.842	50.712	0.58	0.782	20000.0
262	129.136	73.578	26.175	51.087	0.584	0.78	20000.0
263	128.284	73.137	25.99	50.497	0.585	0.784	20000.0
264	128.2	72.831	26.063	50.372	0.572	0.789	50000.0
265	128.059	72.846	25.975	50.532	0.577	0.787	30000.0
266	127.281	72.872	25.805	50.372	0.582	0.786	30000.0
267	127.713	72.766	25.768	50.138	0.58	0.789	30000.0
268	128.623	73.0	26.141	50.66	0.58	0.785	40000.0
269	127.692	72.929	25.954	50.51	0.584	0.786	20000.0
270	128.547	73.307	25.873	50.652	0.585	0.784	30000.0
271	129.217	73.244	26.268	50.833	0.582	0.785	20000.0
272	128.664	73.197	26.111	50.768	0.583	0.782	20000.0
273	128.08	72.788	25.925	50.491	0.576	0.786	30000.0
274	128.208	72.72	25.878	50.313	0.577	0.789	20000.0
275	128.368	72.879	26.261	50.719	0.576	0.785	20000.0
276	127.669	72.907	25.666	50.237	0.577	0.79	20000.0
277	128.238	73.144	26.124	50.775	0.587	0.782	20000.0
278	126.908	72.279	25.683	50.07	0.571	0.789	30000.0
279	128.937	73.106	26.228	50.891	0.582	0.785	20000.0
280	128.649	73.622	25.935	50.877	0.586	0.782	20000.0
281	127.978	72.979	25.957	50.126	0.579	0.791	20000.0
282	127.854	72.758	25.765	50.315	0.575	0.788	30000.0
283	128.163	73.441	25.907	50.628	0.585	0.785	40000.0
284	128.456	72.946	25.831	50.452	0.577	0.786	20000.0
285	127.849	72.545	26.176	50.489	0.577	0.786	40000.0
286	128.213	73.386	25.911	50.78	0.583	0.781	20000.0
287	127.73	72.664	25.825	50.269	0.578	0.789	30000.0
288	128.548	73.115	25.873	50.388	0.58	0.788	20000.0
289	127.862	73.139	26.015	50.778	0.579	0.782	50000.0
290	127.572	72.547	26.024	50.391	0.573	0.787	40000.0
291	128.604	73.166	26.09	50.84	0.581	0.784	20000.0
292	128.03	73.439	25.853	50.931	0.583	0.782	30000.0
293	128.599	73.216	26.213	50.809	0.585	0.782	20000.0
294	128.27	73.215	25.978	50.681	0.583	0.785	30000.0
295	127.094	72.695	25.598	50.199	0.576	0.787	40000.0
296	128.215	72.891	26.038	50.407	0.579	0.788	30000.0
297	128.563	73.115	26.072	50.732	0.588	0.783	30000.0
298	127.68	72.496	25.88	50.341	0.579	0.788	30000.0
299	127.567	72.801	25.726	50.451	0.58	0.787	20000.0
300	128.441	73.191	26.048	50.518	0.587	0.786	20000.0
301	128.172	73.212	25.989	50.632	0.579	0.785	20000.0
302	128.748	73.42	26.014	50.898	0.586	0.782	30000.0
303	127.911	72.928	25.773	50.378	0.581	0.788	30000.0
304	128.124	72.436	25.894	49.999	0.575	0.792	30000.0
305	129.675	73.865	26.304	51.125	0.589	0.781	50000.0
306	128.213	72.666	26.106	50.296	0.576	0.791	50000.0
307	127.638	72.748	25.56	50.357	0.581	0.784	20000.0
308	128.167	73.269	25.844	50.518	0.582	0.783	20000.0
309	128.22	72.777	26.073	50.495	0.58	0.785	20000.0
310	128.875	73.133	26.48	50.839	0.579	0.784	20000.0
311	127.646	73.051	25.702	50.57	0.58	0.786	30000.0
312	127.787	72.884	25.938	50.394	0.582	0.787	20000.0
313	127.921	73.231	26.011	50.743	0.582	0.787	30000.0
314	127.886	73.1	25.958	50.498	0.585	0.786	30000.0
315	128.025	72.846	26.099	50.637	0.582	0.784	20000.0
316	127.483	72.548	25.787	49.97	0.575	0.792	20000.0
317	128.236	73.137	26.001	50.508	0.582	0.787	20000.0
318	127.426	72.732	25.577	50.267	0.578	0.789	30000.0
319	128.48	73.028	25.976	50.606	0.583	0.785	20000.0
320	127.923	73.367	25.906	50.916	0.586	0.781	40000.0
321	128.217	72.903	25.879	50.535	0.581	0.784	20000.0
322	128.32	73.144	25.911	50.461	0.583	0.786	20000.0
323	127.202	72.511	25.875	50.21	0.574	0.788	20000.0
324	128.151	73.1	25.769	50.56	0.581	0.784	20000.0
325	127.756	72.388	25.939	50.258	0.569	0.791	20000.0
326	127.823	72.891	25.948	50.458	0.579	0.788	30000.0
327	128.374	73.274	26.108	50.816	0.584	0.783	30000.0
328	127.833	72.847	25.855	50.462	0.58	0.784	30000.0
329	127.569	72.495	25.881	50.266	0.574	0.79	30000.0
330	127.389	72.337	25.712	49.957	0.573	0.791	40000.0
331	128.056	72.962	25.945	50.514	0.583	0.785	20000.0
332	127.048	72.695	25.859	50.532	0.577	0.786	20000.0
333	128.085	72.433	26.112	50.337	0.57	0.79	40000.0
334	128.171	73.026	25.907	50.603	0.583	0.784	30000.0
335	128.972	73.347	26.142	51.023	0.582	0.781	20000.0
336	128.225	72.736	26.016	50.453	0.574	0.788	20000.0
337	127.958	72.936	25.925	50.318	0.582	0.786	20000.0
338	128.047	73.055	26.026	50.575	0.582	0.784	20000.0
339	128.411	72.989	25.88	50.491	0.579	0.787	20000.0
340	127.878	72.995	26.072	50.763	0.579	0.786	20000.0
341	127.889	73.066	25.958	50.532	0.582	0.785	20000.0
342	127.871	72.571	26.086	50.47	0.579	0.788	20000.0
343	127.829	72.899	25.723	50.221	0.583	0.786	40000.0
344	128.824	72.911	26.179	50.393	0.578	0.788	40000.0
345	127.613	72.6	25.893	50.301	0.576	0.789	40000.0
346	127.409	72.588	25.717	50.295	0.577	0.788	20000.0
347	128.25	73.168	25.921	50.568	0.58	0.787	20000.0
348	128.444	73.084	25.856	50.572	0.582	0.786	30000.0
349	128.328	72.947	26.14	50.611	0.581	0.784	20000.0
350	128.279	73.354	26.055	50.719	0.586	0.781	30000.0
351	127.941	72.895	25.991	50.586	0.578	0.785	30000.0
352	128.449	73.331	26.148	50.961	0.589	0.781	30000.0
353	128.019	72.796	25.755	50.629	0.58	0.784	30000.0
354	128.855	73.125	26.259	50.745	0.581	0.785	20000.0
355	127.548	72.885	25.76	50.72	0.581	0.782	20000.0
356	127.721	72.654	25.843	50.31	0.574	0.788	30000.0
357	128.142	73.131	26.075	50.643	0.58	0.785	20000.0
358	128.576	73.023	26.038	50.377	0.579	0.788	30000.0
359	128.483	73.221	26.176	50.598	0.583	0.784	30000.0
360	128.864	73.202	26.374	50.948	0.577	0.785	30000.0
361	127.926	72.692	25.99	50.431	0.577	0.787	20000.0
362	128.133	72.999	25.91	50.603	0.579	0.788	30000.0
363	128.137	72.875	25.871	50.482	0.578	0.787	30000.0
364	128.224	73.028	26.075	50.713	0.582	0.783	20000.0
365	128.109	72.958	25.959	50.223	0.581	0.789	40000.0
366	127.641	73.055	25.63	50.441	0.584	0.786	40000.0
367	129.302	73.479	25.958	50.821	0.583	0.783	20000.0
368	128.529	73.123	25.913	50.517	0.578	0.787	20000.0
369	127.378	72.527	25.836	50.069	0.578	0.79	20000.0
370	128.477	72.944	26.001	50.641	0.583	0.783	20000.0
371	127.913	73.222	25.78	50.448	0.585	0.785	30000.0
372	129.235	73.451	26.297	51.008	0.58	0.785	20000.0
373	126.774	72.679	25.497	50.125	0.577	0.788	30000.0
374	127.921	72.666	25.853	50.362	0.576	0.789	20000.0
375	129.371	73.567	26.22	50.911	0.585	0.781	30000.0
376	128.514	73.034	25.978	50.287	0.583	0.788	40000.0
377	128.204	73.256	25.768	50.463	0.583	0.785	20000.0
378	128.314	72.938	26.072	50.505	0.579	0.787	20000.0
379	127.802	72.486	25.912	50.238	0.573	0.79	20000.0
380	128.243	72.848	26.107	50.435	0.58	0.788	20000.0
381	128.818	73.179	26.277	50.825	0.579	0.785	20000.0
382	127.799	72.929	25.747	50.65	0.581	0.785	20000.0
383	127.655	72.55	25.736	50.154	0.577	0.79	20000.0
384	128.181	73.28	26.009	50.962	0.587	0.78	20000.0
385	127.722	72.929	25.909	50.349	0.584	0.786	30000.0
386	128.367	72.893	26.066	50.4	0.578	0.788	20000.0
387	128.284	72.76	26.083	50.528	0.581	0.785	40000.0
388	129.05	73.187	26.159	50.763	0.582	0.784	20000.0
389	128.478	73.301	26.135	50.912	0.582	0.783	20000.0
390	129.151	73.052	26.25	50.552	0.584	0.787	30000.0
391	128.532	73.114	26.184	50.879	0.583	0.784	20000.0
392	128.395	72.517	25.884	50.043	0.569	0.789	20000.0
393	127.967	72.846	25.788	50.311	0.582	0.787	40000.0
394	127.69	73.039	25.807	50.332	0.583	0.786	30000.0
395	127.452	72.794	25.84	50.558	0.58	0.787	30000.0
396	127.526	72.575	25.914	50.591	0.578	0.785	30000.0
397	127.38	72.686	26.008	50.605	0.578	0.785	40000.0
398	128.444	73.001	26.127	50.613	0.579	0.786	20000.0
399	128.437	72.64	26.097	50.365	0.576	0.789	20000.0
400	128.476	72.966	26.057	50.638	0.58	0.785	40000.0
401	128.601	72.871	26.081	50.559	0.583	0.786	20000.0
402	127.107	72.469	25.708	50.246	0.578	0.788	20000.0
403	128.854	72.916	26.17	50.583	0.583	0.784	30000.0
404	127.863	72.642	25.831	50.132	0.577	0.79	30000.0
405	127.623	72.683	25.874	50.369	0.585	0.785	20000.0
406	127.238	72.395	25.692	50.167	0.574	0.79	20000.0
407	128.467	73.233	26.041	50.595	0.584	0.785	30000.0
408	129.075	73.108	26.18	50.496	0.578	0.789	20000.0
409	128.824	73.373	26.117	50.88	0.584	0.783	30000.0
410	127.378	72.592	25.772	50.404	0.577	0.787	20000.0
411	128.547	72.81	26.14	50.581	0.573	0.787	20000.0
412	128.437	72.741	26.252	50.43	0.578	0.787	30000.0
413	128.065	72.889	26.008	50.4	0.578	0.787	20000.0
414	128.17	73.256	26.101	50.801	0.584	0.784	20000.0
415	128.699	72.815	25.961	50.258	0.579	0.787	20000.0
416	127.583	72.766	25.893	50.439	0.582	0.784	40000.0
417	127.331	72.508	25.715	50.03	0.574	0.791	20000.0
418	128.27	73.051	26.149	50.915	0.581	0.784	40000.0
419	128.755	73.057	26.269	50.914	0.582	0.784	30000.0
420	127.83	72.886	25.84	50.374	0.581	0.786	30000.0
421	129.048	73.324	26.282	50.84	0.586	0.782	20000.0
422	128.108	72.875	25.983	50.545	0.579	0.784	20000.0
423	127.667	72.723	25.907	50.308	0.58	0.789	20000.0
424	128.462	73.466	25.992	50.592	0.588	0.786	20000.0
425	127.933	72.583	25.802	50.437	0.575	0.787	30000.0
426	128.529	72.984	25.994	50.567	0.579	0.787	30000.0
427	128.435	73.181	26.006	50.691	0.584	0.785	40000.0
428	128.516	73.505	25.987	50.881	0.586	0.781	20000.0
429	128.771	73.061	26.222	50.639	0.579	0.786	30000.0
430	128.071	72.856	25.76	50.505	0.581	0.783	50000.0
431	128.94	73.188	26.251	50.729	0.579	0.788	20000.0
432	128.189	72.822	25.885	50.352	0.583	0.787	20000.0
433	127.753	72.755	25.705	50.174	0.576	0.789	20000.0
434	127.389	72.568	25.946	50.19	0.576	0.791	20000.0
435	128.297	73.076	25.934	50.512	0.582	0.788	20000.0
436	128.792	73.642	26.251	50.985	0.588	0.782	20000.0
437	128.193	73.084	25.997	50.745	0.581	0.785	30000.0
438	127.85	72.359	25.972	50.221	0.57	0.792	20000.0
439	127.336	72.839	25.824	50.448	0.58	0.784	50000.0
440	129.215	73.149	26.346	50.853	0.582	0.784	20000.0
441	128.755	73.305	25.99	50.73	0.586	0.784	30000.0
442	127.766	73.054	25.872	50.424	0.583	0.784	40000.0
443	128.764	73.108	26.226	50.734	0.58	0.786	20000.0
444	127.763	72.356	25.883	50.263	0.577	0.788	20000.0
445	128.292	73.182	26.158	50.744	0.584	0.785	40000.0
446	128.453	72.823	26.03	50.759	0.582	0.784	20000.0
447	127.62	72.682	25.854	50.279	0.576	0.788	20000.0
448	128.293	72.982	26.2	50.603	0.578	0.789	20000.0
449	128.26	73.027	25.908	50.428	0.582	0.786	20000.0
450	127.528	72.56	25.715	50.218	0.577	0.788	20000.0
451	127.772	72.848	25.667	50.088	0.578	0.789	20000.0
452	128.116	72.662	25.966	50.284	0.574	0.787	40000.0
453	128.458	73.229	25.998	50.682	0.587	0.784	40000.0
454	127.732	73.32	25.841	50.734	0.582	0.785	40000.0
455	128.329	72.958	26.063	50.544	0.577	0.787	40000.0
456	127.691	72.8	25.77	50.348	0.581	0.788	20000.0
457	127.935	73.009	25.823	50.434	0.581	0.788	20000.0
458	128.194	72.871	26.006	50.568	0.582	0.786	40000.0
459	128.096	72.932	26.027	50.503	0.584	0.784	30000.0
460	127.398	73.048	25.776	50.572	0.581	0.784	20000.0
461	127.828	72.873	25.921	50.345	0.579	0.789	40000.0
462	128.101	72.997	26.018	50.423	0.583	0.785	20000.0
463	129.154	73.374	25.984	50.884	0.585	0.784	30000.0
464	127.736	72.722	25.922	50.36	0.575	0.788	20000.0
465	127.625	72.45	26.0	50.225	0.578	0.787	20000.0
466	128.652	73.49	25.995	50.882	0.588	0.783	30000.0
467	128.08	72.929	25.778	50.408	0.58	0.786	20000.0
468	128.066	73.053	25.977	50.668	0.584	0.782	20000.0
469	127.884	72.837	25.937	50.548	0.581	0.785	30000.0
470	129.106	73.133	26.058	50.63	0.58	0.785	20000.0
471	128.192	73.015	25.915	50.437	0.582	0.787	30000.0
472	127.798	72.761	25.885	50.328	0.581	0.787	20000.0
473	127.995	72.995	25.968	50.643	0.582	0.785	20000.0
474	128.305	73.012	25.944	50.489	0.575	0.787	20000.0
475	127.015	72.501	25.425	49.912	0.577	0.792	20000.0
476	129.674	73.792	26.073	51.213	0.588	0.78	20000.0
477	127.565	72.927	25.592	50.358	0.585	0.785	40000.0
478	128.455	72.81	25.981	50.342	0.576	0.788	30000.0
479	128.372	73.184	26.143	50.753	0.585	0.784	20000.0
480	128.675	73.46	26.247	51.112	0.585	0.782	20000.0
481	128.416	73.488	25.946	50.767	0.585	0.782	20000.0
482	128.258	73.109	25.912	50.5	0.581	0.785	20000.0
483	128.016	72.663	25.806	50.116	0.573	0.79	30000.0
484	128.32	72.979	25.969	50.353	0.578	0.787	20000.0
485	127.985	73.007	25.843	50.47	0.578	0.787	40000.0
486	127.758	72.721	25.924	50.42	0.578	0.788	30000.0
487	128.458	73.3	26.172	50.872	0.584	0.783	20000.0
488	128.486	73.211	25.989	50.62	0.585	0.785	30000.0
489	128.4	73.377	25.87	50.694	0.583	0.784	20000.0
490	127.64	72.678	25.952	50.186	0.577	0.79	40000.0
491	129.739	73.453	26.709	51.039	0.583	0.781	20000.0
492	128.202	73.343	26.075	50.698	0.58	0.785	20000.0
493	127.447	72.586	25.745	50.31	0.579	0.785	30000.0
494	127.729	72.774	25.973	50.323	0.576	0.789	50000.0
495	128.206	73.246	26.015	50.545	0.584	0.786	20000.0
496	128.898	73.579	26.296	50.851	0.59	0.783	40000.0
497	128.368	73.152	26.041	50.694	0.58	0.783	30000.0
498	127.666	72.773	25.929	50.768	0.582	0.783	40000.0
499	128.422	72.964	26.094	50.511	0.575	0.787	30000.0
500	127.486	73.046	25.642	50.463	0.584	0.784	20000.0
