MutationType	SBS96A	SBS96B	SBS96C	SBS96D	SBS96E	SBS96F	SBS96G	SBS96H	SBS96I	SBS96J	SBS96K	SBS96L	SBS96M
A[C>A]A	0.00029989354775926814	0.0010463385303123092	0.01565362850353689	0.007751289095409163	0.0023027863133501443	0.00023421513624660622	0.009557180329702179	0.00017277282654268344	0.025617926033476856	0.008847749530673752	0.00909764748650298	0.0015868980660935534	0.04187025205573832
A[C>A]C	0.00036106944466427393	3.816583305672339e-05	0.02309206518266703	0.014181916394212991	0.005320945572853768	0.0013442053701543841	0.012195504847100011	0.0011987203992170521	0.012458233580933	0.01499969669668164	0.021719880430716088	0.0006293444880460956	0.04244393438885569
A[C>A]G	2.9446439819508896e-05	9.021230093668173e-05	0.0057392087586246145	0.004140388110846913	0.0017321940876910173	0.0004547965199134552	0.0052289821021071	0.00033056649306259945	0.00581756825217931	0.004616351198256233	0.006641028134525746	0.0008694377056386482	0.012107120060704602
A[C>A]T	7.143851037258794e-06	2.272422830077403e-05	0.008175117498998333	0.007163993691299097	0.0007508561781737521	0.004808256483171195	0.003999263847108869	0.0017348119558743417	0.016106020996282062	0.014177349063133221	0.005904498041930542	0.0009321548874877124	0.03440408735890162
A[C>G]A	0.0003860843548937076	0.0028940192402024827	0.006671415874652979	0.0026092049128132065	0.00024854894546809386	0.0006425316422883327	0.0031286313223044585	0.000349624524630503	0.005837596551707394	0.003803359477779708	0.045006356689541914	0.0012242388418050034	0.0028015434668291605
A[C>G]C	0.0004553662510673888	0.001789895546515055	0.0074555747218945975	0.0032343237202763432	0.000246035085150275	5.83588857601498e-05	0.004722727076524151	0.000372445518939287	0.005524570650228785	0.003468178788063219	0.038424083722493674	0.0028260932313704645	0.005319544048769409
A[C>G]G	4.725928405946434e-08	0.0008856452623452071	0.004402154051598916	0.0015596594433678335	6.362058646953376e-05	8.409112864018553e-05	0.0016218901599404708	0.0004482028586080834	0.004992730933455716	0.0016440208780890018	0.025064100517618742	6.201984257953352e-05	0.0022853008489761633
A[C>G]T	1.3368404397863298e-05	0.003927277465660401	0.0057785876871686275	0.001791415817703613	4.843457247716288e-09	7.099585274058029e-05	0.002461718320513382	0.0006181091391832148	0.011310201829986934	0.002681354428716645	0.04887550906309508	0.002408808491725665	0.0006004534354826001
A[C>T]A	0.0041449235971550424	0.001095611104443583	0.008936637582571495	0.020158049984266867	0.005918602721246988	0.0008576192721586721	0.010192046709864655	0.0048968063325483015	0.008281818722268429	0.0076830742240040556	0.012509631264533872	0.08158686011507821	0.002872957508447314
A[C>T]C	4.725141206017726e-05	8.387165314735511e-05	0.006847354662322289	0.02369810396970114	0.00359950971385122	0.0027502662789176354	0.0068618821516640335	0.009707282392196755	0.010655769489082307	0.011780725525161344	0.00253988799283664	0.06960618414619484	6.093414571924427e-05
A[C>T]G	0.0003972364501726946	0.0021764509667738176	0.014170598651783235	0.03695127450165607	0.3575342146754265	0.007180684517812263	0.010273265459705758	0.012105136515689093	0.010670938185381527	0.024532369847294247	0.01181473299643469	0.0020011445469000346	0.003955814696862437
A[C>T]T	6.823524643274048e-05	0.00026186427653669903	0.0023344478485687772	0.00270401025756696	4.016451038018495e-05	0.003873008341081693	0.004257620369300007	0.0017882490412274663	0.002681869626058834	0.006536444781663477	0.00521793960409334	0.09374869372420727	0.00012915380456610215
A[T>A]A	6.147360415980075e-07	7.222999027534626e-05	0.005117478449170058	0.004075061221016021	0.0008211612455887059	0.0005293793645828231	0.002996754395277321	0.004018004918504854	0.00972529380509934	0.0035758704239617356	0.007973872196083672	0.00036434969306617404	0.0008117032097245778
A[T>A]C	0.0004548117555040344	0.0001774153621338428	0.007158626161721814	0.008786360954103232	0.005592231989030033	0.00019483357769739014	0.008562321390167455	0.004501922232669529	0.010008218366337222	0.005969034034125599	0.008957442734993677	0.0007759328273430697	0.005113552048170455
A[T>A]G	0.0006273476576213819	0.00012555553353210146	0.013596604186770379	0.008468211147440665	0.0028702738476627018	0.00013059800542702504	0.007776063405085563	0.0005771762244249885	0.020546967067314396	0.010952559235208435	0.004431011303556324	0.0016317613670661616	0.004872468999486543
A[T>A]T	2.8404849432486458e-05	0.00012030249654799264	0.004494957569319525	0.006351241561829866	0.0010724441640227109	0.0012273950699896404	0.004422793650595452	0.013139637389715972	0.01745401160308711	0.0050493501295579505	0.002113438429960752	0.0028874568752636732	7.497199723204907e-05
A[T>C]A	4.4341832760778746e-05	3.46895316064888e-05	0.010361372066878479	0.021471977983867633	0.0054110875016460105	0.0008811117301798783	0.007989535131675036	0.037998164702938764	0.017237717558375117	0.00966604344232519	0.002617226717591879	0.002538037988176119	0.0008440425053342154
A[T>C]C	6.358720835281464e-05	0.00020856643509596334	0.006615836940503939	0.00707070481666085	0.0012707435048470047	0.0015309138579258814	0.003769809679520918	0.027060195280885636	0.012107507538797677	0.006236563143211186	0.007133935117583647	0.0033494244871731097	0.0015373033867385857
A[T>C]G	1.9069607371332597e-05	4.736452572747396e-05	0.01251799243164831	0.017484882646255445	0.016225417288155724	0.00043946456958622094	0.009382511473980368	0.05720360160145924	0.010145686054749423	0.00623511653622603	0.010103227412984207	0.0005014213670793027	0.0020684871784284837
A[T>C]T	0.00022492283058046694	0.00019265097134977792	0.01447776548177211	0.02007881636940182	0.01947248831650183	0.0031202926383469484	0.009667164801771187	0.007142787173106861	0.02200116835345685	0.008330372127605038	0.012355753839305806	0.0009641745166667141	0.0010671842638221918
A[T>G]A	0.00016440065096065125	0.00015455183568501075	0.002754698841739792	0.001883351205895977	0.00012357607337923327	0.0005378696008296593	0.001190034498532174	0.0001139314748739082	0.011345442262586013	0.002791362219009187	0.002567705980634031	0.0031936157722576583	0.0005338097530044052
A[T>G]C	9.748810753421822e-06	0.00024855054060486735	0.0031752751179375135	0.0036212704298604114	0.00038415528903643667	0.001642908901155348	0.001375804555932774	0.00135701238791723	0.011242369106056173	0.0036083755780047964	0.0052267817816815205	0.00047893891159642263	0.0007661593579385765
A[T>G]G	9.428199818776431e-05	0.00014882570523631954	0.004257090557494741	0.002171939062334854	0.00024702324596596203	0.00023594307598336073	0.0019147137192832488	0.0003183574437336123	0.01165169776241342	0.003197801903610731	0.010738927504960754	0.00012301220271912426	0.003995798208223768
A[T>G]T	5.109159974760624e-05	5.101612187900173e-06	0.0032984641921939063	0.0030690428422851354	0.0005681495676826884	0.0037351999269811527	0.002214221457962829	0.0017265486797662674	0.011421611024979385	0.0076988825194983885	0.0014847797812741165	7.886895255035143e-05	0.0008553261181152222
C[C>A]A	0.00014507992541621298	0.001813629556719134	0.004289087354835624	0.0051964379708382465	4.100945394633726e-05	0.0014624389265783578	0.001984385659353716	0.008457926978914041	0.003061464878207686	0.006647518226540854	0.01111869709392218	0.0007772056775937318	0.11838833020695211
C[C>A]C	0.00022290643823435628	0.0005916217717428771	0.008971309822845448	0.016275141011064535	0.0010669549512208536	0.00041412025049902465	0.002917185212942073	0.015934675433526384	0.00810549583789889	0.007446950519063222	0.019943477346876407	0.00248370295928771	0.051768284303271676
C[C>A]G	0.00013380143288732312	0.00016253722398550962	0.003410083905523242	0.004186737204607532	0.000503404392775451	0.00039900364344231835	0.0018320834642298572	0.007495231162744631	0.001997415794732465	0.003844868275603335	0.0027005813032862135	1.62433941982556e-05	0.04390493783174361
C[C>A]T	6.16373885140656e-05	0.000329467208595875	0.0025796889702667737	0.02916643982669775	8.384856255361229e-08	0.007197955260458883	0.0012086887489874414	0.052141198832713856	2.7741065539913734e-05	0.01625558202418126	5.372998644048721e-08	0.0009787112756450256	0.04768954629891732
C[C>G]A	0.0005922518001161592	0.0070093143736094645	0.011146241018686318	0.002538532445893502	0.00018443604263166828	3.0327141250118928e-05	0.003025372626814253	0.00014033936297100702	0.006790960670010836	0.0028128808851825234	0.03685093636391646	5.2989451258422804e-08	0.002148434783015592
C[C>G]C	0.00019175251284174742	0.0005180418771513381	0.005455762721864104	0.002149195787173984	0.00026773852748417684	4.352689196629455e-09	0.0029894348694085274	1.762327485721471e-08	0.003781567606161298	0.0016741406078261182	0.05046224234067995	6.876850521752687e-06	0.002513339024520615
C[C>G]G	8.007732020054447e-06	0.00013276473270999322	0.006138924006015746	0.004494789429440127	0.0036866175750559487	0.00018760926959724954	0.0033235732959728957	0.0001902773927937176	0.0027472092775580386	0.0020415166758380467	0.03196142367224711	0.0003201327972139312	0.0025506338966319255
C[C>G]T	0.0003227392449929363	0.007023741987045298	0.006347818805538448	0.0014797123191378143	0.00023258533752545203	8.7582737365274e-05	0.0014797232343667303	0.0002623617604473836	0.0033610630682361026	0.0015040690183764501	0.0737037940044231	1.1122409589781057e-08	0.0033220661996323886
C[C>T]A	0.012176178234533359	0.004472172532199121	0.021660891086153482	0.011673821401800219	0.007227801105744028	0.0005915624706487286	0.039097564218361136	0.0002694784518139927	0.008838741139823605	0.012148941482939699	0.013289438909048342	0.0894974262559854	0.003269296558061839
C[C>T]C	0.0016324616376393267	0.0012119127580690469	0.011372859727373872	0.01718074876782957	0.004984957606958904	0.0005894121383143016	0.014151388661217623	0.0016110672585593262	0.012151590687770606	0.010383987243155446	0.0025574202902650996	0.10088267366517244	0.003419334395956099
C[C>T]G	0.00570011132325191	0.00021019282918655164	0.015349050384778202	0.08844597814248434	0.24534776711241363	0.012242678071235025	0.0239125600773898	0.004337318084553197	0.00466678118842183	0.008877867066507832	0.008934600228824988	0.01820469987661896	0.002933664004113364
C[C>T]T	0.0014120358898742085	0.0035782379590351236	0.013136995975461958	0.009988918123428864	0.0009875919489996487	0.0034708192870046765	0.022689023786654217	0.001592935351492126	0.013969254815617196	0.012689240887968824	0.00539669766942854	0.13403073764321813	0.0002054507589842558
C[T>A]A	0.00011340089489846362	0.0003116117027050307	0.002759293112055161	0.0012258728188139036	0.00022959818535450084	1.3126125061546644e-08	0.0013914615770489575	0.002170027912342075	0.012988779325985106	0.0021773859136520334	0.0051170534552809	2.7210298421388223e-05	0.0003732737024013348
C[T>A]C	9.268917288039025e-05	0.00027712994866726604	0.008073688186316246	0.0047341564825882435	0.00017985578946025884	0.00032265631271060616	0.004900418273747946	0.0052234144493428945	0.023114819123566204	0.0038546363726815612	0.014501892359857924	0.0006379702966762438	0.0035174447166518804
C[T>A]G	0.0003030424781896569	0.00012853825280775537	0.010276125878519598	0.004901592411537337	0.00048207491603118415	7.818146949443162e-05	0.005237257518122826	0.0027877306522451593	0.04506141934961943	0.005495838578513846	0.016391895932561903	0.00038746452900227446	0.007496545012233959
C[T>A]T	1.6599423461233443e-05	7.113160625492752e-05	0.006871859340569216	0.003591286862694961	0.0007925038527117323	0.0005075419745888431	0.0029747272413460984	0.0011535174473345222	0.017920172682580487	0.003829008470504121	0.02302419260368152	1.2056122026704584e-07	0.006413757679396838
C[T>C]A	3.695745606538588e-05	6.219670970384783e-05	0.0025744618900966003	0.0043445853078082144	0.00010883540442603845	5.68169044979143e-05	0.0013121060912783449	0.032221557511733605	0.008858633251090516	0.0023964489628905917	0.0028648051186578043	8.402282444144564e-05	0.0010574927386701757
C[T>C]C	0.0003407765009524766	0.0001854846917640334	0.0071798447499628534	0.00625753521135428	7.554497282418282e-05	9.468234865898051e-05	0.0024735342817545475	0.028667078027898127	0.031789497277026554	0.00493025202930615	0.007528214392014822	1.740610481849103e-05	0.002913024319264865
C[T>C]G	0.00011943623967490164	7.466723816749978e-05	0.0021472413040762566	0.0056620792573231354	9.636311928928471e-05	0.0001008098875663097	0.000934053415067356	0.09847964494624376	0.00166597546163837	0.0019276213111360434	0.004824827371892736	0.00024845621164648504	1.3330669475735136e-06
C[T>C]T	0.0001121020883801691	0.0004282652921451733	0.007451892194514273	0.008073413975825417	0.001033223709584286	0.0005508533197844945	0.0041244886701087375	0.027070651913170877	0.02677001327535454	0.007849629307973515	0.007970077650465498	0.003399862092987528	0.0011309017975495125
C[T>G]A	7.713073513215818e-13	3.868506103754043e-05	0.0022221446081232814	0.00188294231636457	0.000345507960881049	0.0008404328687774303	0.0012843747795487134	0.0003435238036926336	0.004183606727621978	0.002653331564313959	0.00541603448430449	1.911764396129456e-05	0.0013902625364778354
C[T>G]C	0.00011833682334123807	9.83973907671185e-05	0.005464309866843053	0.0037552327575470653	0.0008587908359341938	0.0011336981528585	0.0028230558584399147	0.010216190833764812	0.008315221039286986	0.0047362701360671635	0.005506135391241628	7.39601559463381e-05	0.002237891716794678
C[T>G]G	0.0	0.0001670261647821838	0.003905227715610196	0.001950227163950494	0.0001647732025402865	0.0014203136521746984	0.0019681906320029837	0.00889969830181775	0.005469203279635735	0.003931768527943376	0.028581597333238506	1.130667080009573e-05	0.0006870889260408233
C[T>G]T	1.8458345782903507e-06	0.00032258985158432554	0.006235811277014303	0.006011136389233156	0.0007245005615734951	0.0052150800547734666	0.0047075904187635015	0.009267451415164033	0.012470925717363827	0.013465594256651144	0.00854554127380005	3.777306893937293e-10	0.0061707953115885785
G[C>A]A	0.00041612531568532303	0.0001234779158227057	0.017030058088913856	0.020661745946485607	0.002974924451883858	0.0014054116172058004	0.01271684710908153	1.2342259565962348e-05	0.01434104443760436	0.027992826415515565	0.00296216237231736	0.0035385992919435977	0.04797738184455659
G[C>A]C	2.3895497890991103e-06	7.597363484238428e-05	0.0012029531826667572	0.0016565760311555878	0.00012821651889788414	0.001204129916627004	0.0005206640565052875	0.0008802656899054173	0.0013045861878591828	0.0037859915161757487	0.0030058032317480006	0.00035824110646329643	0.12773218606307024
G[C>A]G	1.8318725694802752e-05	7.726432075969569e-06	0.003027923610994435	0.00320631684163554	0.003656804123312213	6.592673892751221e-05	0.002611692420762136	0.00017525376342202037	0.0015266002499194648	0.0034201335290549224	0.0003603370883150632	0.0005346392812042779	0.038406641136328364
G[C>A]T	7.03138374399225e-05	0.00012865694452998905	0.007046036606980849	0.012095645966218278	0.0008060978743509912	0.004146395658831096	0.0046562680703917895	0.0036515157505305922	0.007942267049415076	0.015205560573904379	0.0023480433359435986	0.0014001657341494147	0.07935541551615409
G[C>G]A	0.0007520915020772223	0.0014097602523592417	0.005451309790615191	0.0025691133728100723	0.0001277874485206958	6.669946463135723e-05	0.003521934298031012	0.00010684630151182272	0.009839547045716717	0.003997422532095069	0.023095579494689763	4.379153023133675e-05	0.003321020777622858
G[C>G]C	0.00022127830653624514	0.00033247864418763486	0.006939811350798122	0.005531702650285069	0.00043349964695865674	5.8131321461560594e-05	0.0027130734131894287	0.004246679155838024	0.01949177876381217	0.004509380170219415	0.02201125269265468	0.0004449307793101696	0.001603578496704773
G[C>G]G	0.00021870979745644036	0.0006238585745172571	0.0035436723557915216	0.0013975383315694451	7.745175368139458e-05	1.1387080216655576e-05	0.0019377366904061032	0.0001621045732366902	0.007026916953596974	0.0015632121495582272	0.014726599571941846	5.495339970909363e-05	0.0015109166647175138
G[C>G]T	0.00014343695812505118	0.002147000244831279	0.006877021442839155	0.003141291022089349	0.0003715437046993939	8.74351655542447e-05	0.0031779544588094134	0.0006579874941838426	0.0041198295832947296	0.0026276550603716127	0.05006455507516115	5.177112017571835e-05	0.005041975312401838
G[C>T]A	0.001585180191938259	0.005989373075795464	0.012162814450218211	0.045922808029590964	0.0028686369235713122	0.0008963164408591892	0.010942074088462917	0.026230828108254556	0.004244063598333269	0.013153316589792016	0.0038777259823782116	0.07940567104224953	0.0009409359448410725
G[C>T]C	0.0009739438559199568	0.0014917184300828957	0.004464013162708586	0.06906254371684073	0.0012290665722282249	0.009619698666819262	0.003681225539681338	0.046569473809651915	0.0004071898856904358	0.018494339962083786	0.0010492257452812321	0.08109730818014822	0.0005197095038092527
G[C>T]G	0.00035069474226251065	0.0023046400241759466	0.003984987840927673	0.17307736624741785	0.20403536358410201	0.019159059348834308	0.004565153820975697	0.03774198473390028	0.0025528490781067457	0.020320543764863575	0.0018329651741092817	0.007447529169252266	0.001959067059855441
G[C>T]T	0.00013115364446113643	0.0009581620913251287	0.0024082962903252537	0.027736667055510564	0.0007588620843600539	0.009964058480255005	0.0032794557832550027	0.029972809122473458	0.00011419980069564417	0.016341140653121953	0.0011124107306589113	0.10602652414362813	0.0003218473064455907
G[T>A]A	0.00028497592256548443	0.00041085806164438827	0.002800376834632041	0.001746217463465122	0.00018990215666105748	5.24809083810851e-06	0.002005054996291328	0.003375573522941238	0.009400515487117903	0.002232577896792165	0.004564869753701188	0.00016044582070705359	0.0006760302987274957
G[T>A]C	0.0008044345495631736	8.146991087750166e-05	0.004886816291035055	0.004933209819255364	0.000831397540899328	0.00040781311118684015	0.0031505371691190475	0.0036072921639087167	0.013773587106958874	0.003734851191306916	0.010113043707914812	0.000796210958917306	0.0005296316708978104
G[T>A]G	0.0002839626558626656	0.00010601402088317524	0.006268670739928177	0.00425879052435404	0.0001734093435492383	1.839383223511959e-11	0.002965583334358314	0.0012999097884124637	0.02747230920257325	0.00489189730570699	0.005722885018964689	0.0006879524562451991	0.002932920159454639
G[T>A]T	5.2968235266689856e-05	6.732214518226343e-05	0.004256429077059899	0.0036967727181219665	0.00042560214394253657	0.00024219823723367994	0.0019204143642549028	0.0010340257675367753	0.010862645745663627	0.0032706187284664737	0.009009748082722176	0.003572119126778375	0.003112256652662069
G[T>C]A	1.0441636184523872e-06	1.6143070096646282e-05	0.0006528793392937241	0.0017347827883181584	4.685695443929827e-06	0.0026631836611561554	0.0005276022694100977	0.09427520534880432	0.0001263656403665827	0.003224663211141909	1.2684026481935662e-06	0.00018270640368254348	1.5295021412953247e-08
G[T>C]C	3.336867219564965e-05	3.481408407742492e-05	0.005369715385299728	0.006701477285952391	0.0015574404638742689	0.0020811576608603844	0.0025306450421888655	0.030415729987129908	0.017008182798884604	0.0076401415361384015	0.004587509959062198	7.2290434746093975e-06	0.003145487671171224
G[T>C]G	6.183069949677212e-06	0.00010295591608576963	0.0015968888494371977	0.003469217402425656	2.927636511218523e-07	0.001482789897577092	0.0007701774380363631	0.0708580719298102	0.0030452615211724312	0.0026912289117614705	0.0016049325319096527	0.00011927042595446036	3.50866685179696e-05
G[T>C]T	0.00010014693043384694	4.1367792059702425e-05	0.0060033710552264245	0.007986723989558494	0.0025940238285006643	0.003643812354761394	0.006469710519793381	0.051778910233011885	0.009084177298859705	0.010261832720788419	0.0033438021764045514	0.001365340019850226	0.0014230788035583118
G[T>G]A	1.407564079078938e-07	5.269530628642904e-05	0.0025974075802052427	0.0009282818912654016	8.405045556612833e-05	2.6365024279328963e-09	0.0008688961603401837	4.7939437517867364e-05	0.009870989755362458	0.0013542807667567675	0.005852697086105323	0.0006209685497766841	0.0004900957462336493
G[T>G]C	5.5008195757455526e-05	1.3185930733762063e-05	0.0026332396822189245	0.0020948383518861534	0.00020647437744426966	0.0006598546479901302	0.0008481643600565035	0.0018258731412499002	0.013161332778083842	0.003113516713569897	0.0038684216719975283	0.00015123032350535315	0.002202538831096691
G[T>G]G	1.118116190774554e-05	1.8088256915660848e-05	0.0048525728750567956	0.0025571743120461434	0.000127526073718612	0.00015112362761050236	0.0018894693437213803	0.0002783048430008854	0.01847949373870864	0.004123710795129691	0.015526617314038035	0.003260462801569929	0.0017496326633183869
G[T>G]T	2.0253461062047507e-08	3.885604016318212e-11	0.002510211351404693	0.0012268930437106924	7.208650511131244e-05	0.001100678387461606	0.0011914795046609966	0.005121860588112327	0.012234834584619393	0.0031730939100822406	0.0027559109822155323	2.5775071001987725e-08	6.607068645276825e-05
T[C>A]A	0.0158319771050068	0.044889778917511065	0.03522738144252958	0.0033387249265471866	0.00043908746871406377	0.023661520236143402	0.018736015258355877	1.3560601905595604e-05	0.007596049086480434	0.06683900983133004	0.0016182266812979264	6.075713144483075e-05	0.03309319264002275
T[C>A]C	0.0070883318533243485	0.020563280481268292	0.028140236212018905	0.00983093300087245	0.0030602088868698844	0.013135065049821235	0.020123128071808275	0.0008793578918739613	0.01029417524438725	0.02425614317184232	0.004750701290940331	0.0002658644020362154	0.09848839978848514
T[C>A]G	0.006154868063969516	0.0020594591618680906	0.007786394832676453	0.003360786489453865	0.002243586622224825	0.00359448486913574	0.009774418859358496	0.0001523001843912084	0.0016812643952182355	0.012964679085998654	0.0007978565596274549	1.7904170579114974e-05	0.028651185480639454
T[C>A]T	2.1682717792908333e-05	0.00932635933674111	0.0007061306946054036	5.72599996284225e-07	1.228840382090368e-07	0.17561918873720236	6.150090986167921e-07	7.2053445819430265e-06	3.372842841269378e-07	0.21259423683869955	6.468334877390453e-06	2.1040109534631314e-09	0.0023490686320842896
T[C>G]A	0.0011033443655048835	0.20389077097732206	0.250510581857756	1.3857855204811642e-05	4.661359559139823e-06	2.1757893770235624e-08	0.0010325374204425755	4.1466267050306984e-05	2.975310473978876e-06	3.4754125381785574e-05	0.00038230676189380424	8.346258297819986e-09	2.0232932939627803e-06
T[C>G]C	0.001655360632960125	0.0983215922504129	0.06401497818572059	0.00438716377464942	4.1203043647595194e-05	6.22313656498843e-05	0.013587953944674032	5.578568121705984e-06	0.0071642920292548035	0.007773789252788425	0.022216749681570717	0.0005437220773728502	0.0025322132912509155
T[C>G]G	0.0003297210565993076	0.019942363529055398	0.03264862102319331	0.0015176670594740642	0.0002886314986329002	1.354175990291928e-05	0.0022787876270402023	0.00028463205181664364	0.002458704937736959	0.002023073701417252	0.012189588539709632	0.0004926200331608231	0.0010009026568258098
T[C>G]T	0.0038972414914114	0.5006461414396763	0.007190607057033987	0.0001524860239332345	7.0282855746213026e-06	2.7599488316045417e-05	0.00047314894196979405	0.0003160141178016538	1.1882044536084751e-05	0.00043436391595343517	0.0019270628021606485	5.527291810025758e-09	0.00022251046954604864
T[C>T]A	0.6220493933856487	0.03149172152469536	0.006603086204636844	0.0008475616527303884	8.678423584967329e-07	0.0003595164470540199	0.0032069485461777925	0.0021555915625877027	7.946192087049913e-05	0.0006604876625829248	2.6878228465704475e-06	0.00019979778418215236	7.664129984603652e-06
T[C>T]C	0.06709174501898553	0.004661453623768548	0.023252306097128996	0.016223359477664418	0.0069582194156696175	0.016833498542312638	0.22523956328213807	0.00027800745751694933	0.00526899150636252	0.046956983847632416	0.005120332007062687	0.043931491339001774	0.004702565632081365
T[C>T]G	0.07889946855642058	0.0003017192393041004	0.0015196176182928056	0.014669102520627822	0.050415273308777146	0.577955590814352	0.011118161803610844	8.252791251112846e-05	2.605017080631944e-07	0.010605165348187708	7.002606469796808e-08	0.00012575907930962966	4.1108169056037785e-05
T[C>T]T	0.15670332214963723	0.0010221726438091304	0.0014922214570181579	0.00030138105874381616	0.00013281387062416173	0.012439897043218462	0.2966192740449792	2.0758425654032522e-05	0.001486491732296472	0.017737418921431707	0.0017306525150819479	0.025450890592961885	0.0002758850542646472
T[T>A]A	1.5936525625921204e-05	0.00010818741441428869	0.004337138538864417	0.005584240003502263	0.0026147954809790973	0.0003689918886584593	0.0032223639762845443	0.0016874174751124115	0.01186540418692338	0.0048359448063990985	0.003212651088292901	0.00045543355016445733	0.0014778637390425837
T[T>A]C	7.009792849408925e-05	0.00018913270706010453	0.004508976483226945	0.002755762619996773	0.0012107181335962807	0.0005306429085080709	0.002963436060460438	0.0006463382229731067	0.01976976576051677	0.004274124629762811	0.007352817517807101	0.0003808921660541671	0.002997211325820384
T[T>A]G	0.00015298659904382816	1.2013245424796537e-05	0.0037878669596202313	0.002204549899811075	0.00011058777530981345	0.0002422436205996199	0.001735308691265118	0.0003576713915298709	0.019096404268582685	0.003501003157013928	0.008460841836187878	0.0004444276881893941	0.0009087096390224882
T[T>A]T	2.1042536957338599e-10	7.507765747659789e-05	0.005660062914481102	0.0033864394294508314	0.000852550293277838	0.0008769527545521783	0.003007549786719736	0.0010620473712478083	0.01669316862372908	0.006461681771512616	0.007909083177309852	0.0004212933855894079	0.0011234661504411357
T[T>C]A	2.0600672159433635e-05	0.0001903924342279879	0.0038377705616711487	0.009637084978687881	0.0001663934067557946	0.0015101883990047043	0.0017503566021807514	0.017436584452442	0.010299289864618262	0.00527712506358381	0.00236761266353679	0.0018042656785991794	0.0030915712624109658
T[T>C]C	0.00017702979140757951	0.00021960496393642106	0.007143816069421781	0.006420180733197306	0.0025801069433771555	0.0030613133747870052	0.004860613241991586	0.01983792030618838	0.025156561231613892	0.007252732968265825	0.00591952678795959	0.0003074295971440506	0.0031226501906552
T[T>C]G	2.8010364865050263e-05	9.407739287184035e-05	0.0030504252933343592	0.010426623961273798	0.00180608504000989	0.001053642424048922	0.0016187995601116257	0.02101394961589844	0.004893761094249811	0.004387995867367522	0.0034656550752151316	0.00040138241477583644	0.0001623375134698648
T[T>C]T	0.0002035716410050341	2.5408602040556617e-05	0.006460693222023593	0.01251488139521855	0.001308901064340347	0.004149225090310466	0.004028854736513916	0.009763023217292869	0.024188381328375898	0.010943581711176278	0.0022387966821222145	0.002079555142043219	0.00029955452115412485
T[T>G]A	2.1236811648122967e-05	5.2682746934578975e-05	0.0020614275753738235	0.001666469018399866	9.136221732012923e-05	0.004150649605683788	0.0011836877608947206	0.0001268127628955567	0.012231821787642417	0.0064009567861770126	0.004274458170702786	0.00044874091640108917	0.0011370138456561936
T[T>G]C	3.095307624041986e-05	0.00015249206121174553	0.0028016132392663052	0.0025529556011750164	0.0001672422536672542	0.0025713024165874856	0.0024185005486067404	0.000308398397235829	0.015850438777943794	0.005981262550265903	0.002315614456238727	0.003497787052743263	0.0004951689444677854
T[T>G]G	8.92091496281917e-05	0.0001591401968017334	0.003861803465808282	0.0031724258177899963	0.00023435915767131989	0.0016023713743058478	0.0019256636083382036	0.0007948479196283982	0.024108647976472473	0.004612428415119814	0.006026308732555748	3.7563492476657246e-05	0.001112165107183403
T[T>G]T	2.802596928649634e-48	2.02939668270119e-09	0.0027252064798929682	0.001998092031147607	9.129218751419171e-05	0.023498283738683342	0.0011278192624913999	0.0005878248021713335	0.009420419310316525	0.0304097747747864	0.006604535294088521	0.0008300783933641327	0.0007570126735667038
