NMF_Replicate	L1	L1 %	L2	L2 %	KL Divergence	Correlation	Convergence Iterations
1	122.277	57.313	20.945	38.684	0.428	0.866	20000.0
2	123.614	57.819	21.275	39.091	0.43	0.863	20000.0
3	123.37	57.658	21.237	38.872	0.427	0.866	30000.0
4	122.861	57.471	21.118	38.997	0.428	0.865	20000.0
5	123.944	57.345	21.664	38.893	0.426	0.867	40000.0
6	122.681	57.298	21.224	38.782	0.429	0.865	20000.0
7	122.224	57.03	21.203	38.648	0.426	0.867	50000.0
8	122.716	57.347	21.049	38.826	0.428	0.865	40000.0
9	123.991	57.954	21.465	39.392	0.431	0.86	50000.0
10	122.881	57.534	21.173	39.026	0.427	0.862	20000.0
11	123.011	57.435	20.966	38.783	0.429	0.865	40000.0
12	123.101	57.568	21.204	38.972	0.429	0.865	20000.0
13	123.826	57.765	21.506	39.326	0.432	0.861	50000.0
14	124.429	58.029	21.481	39.256	0.433	0.861	30000.0
15	124.315	57.999	21.371	39.247	0.432	0.862	30000.0
16	123.465	57.477	21.478	38.792	0.429	0.866	30000.0
17	122.858	57.653	21.141	39.199	0.435	0.862	30000.0
18	122.591	57.373	21.1	38.924	0.427	0.863	30000.0
19	122.428	57.133	21.086	38.556	0.423	0.867	70000.0
20	123.956	57.794	21.329	39.293	0.432	0.861	40000.0
21	123.627	57.367	21.218	39.148	0.427	0.864	30000.0
22	123.043	56.854	21.428	38.66	0.418	0.868	40000.0
23	123.155	57.927	21.139	39.258	0.434	0.86	20000.0
24	123.769	57.622	21.365	38.999	0.427	0.865	20000.0
25	123.41	57.483	21.281	39.194	0.423	0.864	20000.0
26	123.797	57.765	21.338	39.097	0.43	0.863	50000.0
27	124.304	58.086	21.496	39.547	0.434	0.86	20000.0
28	122.647	57.009	21.085	38.546	0.425	0.866	30000.0
29	123.344	57.824	21.298	39.134	0.43	0.862	30000.0
30	124.013	57.606	21.429	38.915	0.426	0.865	20000.0
31	123.014	57.377	21.081	38.715	0.427	0.866	30000.0
32	122.569	57.441	21.17	38.985	0.43	0.865	30000.0
33	123.139	57.394	21.278	38.931	0.427	0.864	30000.0
34	123.357	57.888	21.259	39.18	0.431	0.863	20000.0
35	124.281	58.059	21.557	39.424	0.432	0.86	30000.0
36	123.117	57.421	21.267	38.685	0.431	0.866	30000.0
37	122.939	57.725	21.162	39.01	0.427	0.864	50000.0
38	123.829	57.75	21.378	39.039	0.427	0.864	30000.0
39	124.06	57.627	21.477	39.153	0.427	0.864	50000.0
40	123.897	57.944	21.459	39.368	0.432	0.862	20000.0
41	121.899	57.15	20.974	38.596	0.42	0.869	20000.0
42	123.349	57.336	21.164	38.88	0.425	0.864	20000.0
43	123.205	57.1	21.299	38.633	0.426	0.867	30000.0
44	123.418	57.608	21.313	38.97	0.427	0.865	50000.0
45	123.3	57.761	21.306	39.177	0.429	0.862	30000.0
46	124.753	58.18	21.647	39.521	0.435	0.86	20000.0
47	123.325	57.692	21.117	38.886	0.434	0.864	30000.0
48	123.557	57.876	21.2	39.04	0.433	0.864	50000.0
49	123.432	57.589	21.381	39.113	0.434	0.864	30000.0
50	124.156	57.842	21.7	39.196	0.431	0.863	20000.0
51	124.069	57.886	21.377	39.222	0.434	0.863	30000.0
52	123.315	57.839	21.219	39.114	0.43	0.865	40000.0
53	122.198	57.388	21.331	39.013	0.433	0.863	30000.0
54	123.435	58.019	21.166	39.149	0.433	0.861	40000.0
55	122.72	57.327	21.154	38.708	0.426	0.866	40000.0
56	123.502	57.673	21.163	39.006	0.431	0.862	20000.0
57	123.573	57.636	21.458	38.973	0.427	0.866	20000.0
58	123.045	57.082	21.217	38.552	0.421	0.868	20000.0
59	123.176	57.235	21.414	38.699	0.434	0.866	20000.0
60	123.178	57.714	21.368	39.294	0.431	0.861	30000.0
61	123.528	58.415	21.242	39.449	0.44	0.857	40000.0
62	124.618	58.115	21.333	39.037	0.431	0.864	40000.0
63	122.727	57.291	21.087	38.926	0.425	0.864	40000.0
64	122.168	57.208	20.988	38.628	0.425	0.867	70000.0
65	124.586	58.191	21.576	39.327	0.434	0.862	30000.0
66	123.032	57.484	21.126	38.963	0.431	0.863	20000.0
67	123.024	57.605	21.29	38.919	0.432	0.863	40000.0
68	123.427	57.873	21.287	39.18	0.432	0.863	50000.0
69	123.163	57.532	21.498	39.177	0.428	0.863	40000.0
70	122.831	57.009	21.168	38.455	0.426	0.867	30000.0
71	122.952	57.603	21.26	38.883	0.426	0.864	30000.0
72	123.072	57.615	21.255	39.019	0.432	0.864	40000.0
73	122.458	57.412	21.106	39.06	0.43	0.863	60000.0
74	123.124	57.595	21.202	38.885	0.429	0.864	30000.0
75	122.756	57.584	21.034	38.771	0.432	0.864	30000.0
76	123.803	57.719	21.561	39.369	0.427	0.863	30000.0
77	123.102	57.763	21.259	39.126	0.437	0.862	20000.0
78	124.217	58.147	21.423	39.432	0.439	0.86	50000.0
79	122.716	57.407	21.183	38.83	0.432	0.864	50000.0
80	123.008	57.575	21.285	38.994	0.428	0.864	20000.0
81	123.39	57.764	21.224	39.182	0.432	0.862	50000.0
82	123.139	57.399	21.203	38.93	0.426	0.864	40000.0
83	122.296	57.302	20.908	38.66	0.43	0.865	20000.0
84	123.682	58.188	21.433	39.43	0.437	0.861	20000.0
85	123.898	58.007	21.346	39.313	0.436	0.86	50000.0
86	123.71	57.525	21.44	39.178	0.429	0.862	30000.0
87	123.071	57.567	21.089	38.912	0.426	0.865	30000.0
88	122.995	58.12	21.067	39.187	0.441	0.86	40000.0
89	122.473	57.232	21.074	38.89	0.427	0.865	20000.0
90	124.029	58.335	21.426	39.579	0.438	0.858	30000.0
91	123.917	57.671	21.312	38.967	0.428	0.865	40000.0
92	122.488	56.901	21.26	38.854	0.427	0.865	20000.0
93	122.817	57.518	21.134	39.046	0.429	0.863	40000.0
94	123.316	57.318	21.336	39.015	0.432	0.865	30000.0
95	124.558	57.848	21.61	39.271	0.429	0.862	30000.0
96	124.091	57.836	21.645	39.44	0.429	0.86	70000.0
97	124.23	58.178	21.531	39.49	0.434	0.86	40000.0
98	123.391	57.576	21.392	39.241	0.431	0.863	40000.0
99	121.953	57.003	20.943	38.451	0.43	0.865	30000.0
100	124.058	57.739	21.416	39.138	0.429	0.866	20000.0
