NMF_Replicate	L1	L1 %	L2	L2 %	KL Divergence	Correlation	Convergence Iterations
1	25.189	121.142	6.096	74.575	1.463	0.57	20000.0
2	25.317	121.127	6.111	74.623	1.453	0.569	30000.0
3	25.2	120.754	6.131	74.737	1.457	0.569	20000.0
4	24.975	119.859	6.053	74.153	1.439	0.578	20000.0
5	25.174	120.66	6.116	74.792	1.446	0.568	30000.0
6	25.143	121.268	6.09	75.269	1.471	0.567	20000.0
7	26.794	125.743	6.757	77.877	1.474	0.54	30000.0
8	24.965	119.876	6.125	74.269	1.442	0.578	20000.0
9	25.141	120.527	6.149	75.303	1.445	0.567	30000.0
10	25.229	121.096	6.216	75.069	1.473	0.563	30000.0
11	25.156	121.307	6.131	74.882	1.481	0.564	20000.0
12	25.244	121.58	6.094	75.14	1.47	0.561	20000.0
13	25.431	121.942	6.171	75.815	1.492	0.556	20000.0
14	25.534	121.944	6.253	75.149	1.471	0.567	20000.0
15	25.465	121.781	6.142	75.321	1.477	0.559	40000.0
16	25.469	122.062	6.17	75.308	1.495	0.556	20000.0
17	25.091	121.349	6.119	74.39	1.467	0.569	30000.0
18	25.449	122.031	6.179	75.466	1.461	0.559	30000.0
19	25.191	120.988	6.117	75.148	1.461	0.562	40000.0
20	25.313	121.469	6.137	75.013	1.474	0.561	30000.0
21	25.13	121.476	6.096	74.827	1.48	0.562	20000.0
22	26.645	125.67	6.645	77.74	1.471	0.537	20000.0
23	25.446	123.085	6.11	75.339	1.483	0.564	20000.0
24	25.179	120.562	6.11	74.504	1.449	0.571	30000.0
25	25.612	122.075	6.216	75.404	1.465	0.563	30000.0
26	26.857	125.119	6.749	77.802	1.473	0.537	20000.0
27	26.428	124.526	6.593	76.953	1.452	0.551	40000.0
28	25.321	121.478	6.191	75.591	1.466	0.566	30000.0
29	25.539	122.586	6.23	75.076	1.505	0.559	30000.0
30	25.147	121.012	6.043	74.95	1.457	0.564	40000.0
31	25.284	121.093	6.176	74.901	1.451	0.568	20000.0
32	26.509	124.133	6.663	77.2	1.446	0.55	20000.0
33	25.492	122.248	6.194	75.04	1.475	0.565	30000.0
34	25.349	122.347	6.097	75.394	1.481	0.558	20000.0
35	25.539	121.864	6.188	75.401	1.463	0.561	40000.0
36	25.025	121.452	6.066	74.889	1.486	0.567	30000.0
37	25.225	121.473	6.083	75.006	1.478	0.562	20000.0
38	25.186	120.397	6.217	74.373	1.444	0.575	20000.0
39	26.652	125.116	6.635	77.718	1.463	0.538	20000.0
40	25.511	122.2	6.231	75.37	1.48	0.561	20000.0
41	25.168	120.807	6.146	74.815	1.452	0.57	30000.0
42	25.535	122.115	6.196	75.207	1.488	0.561	40000.0
43	25.416	122.473	6.151	75.094	1.492	0.56	20000.0
44	26.544	123.94	6.696	77.352	1.46	0.549	30000.0
45	24.976	120.387	6.023	74.27	1.446	0.569	20000.0
46	26.797	125.229	6.704	77.59	1.453	0.543	20000.0
47	24.844	120.104	6.008	73.928	1.474	0.569	50000.0
48	26.414	123.829	6.633	77.034	1.443	0.549	30000.0
49	25.421	121.952	6.197	75.265	1.483	0.563	30000.0
50	25.062	121.511	6.106	75.273	1.476	0.561	50000.0
51	26.132	124.218	6.347	76.476	1.483	0.548	30000.0
52	25.508	122.295	6.146	75.535	1.49	0.559	20000.0
53	25.686	121.984	6.293	75.312	1.471	0.561	30000.0
54	26.625	123.877	6.576	77.146	1.439	0.551	20000.0
55	25.455	120.862	6.19	74.63	1.435	0.571	20000.0
56	25.433	122.06	6.188	75.419	1.473	0.559	30000.0
57	24.99	120.483	6.099	74.617	1.462	0.568	20000.0
58	26.381	124.143	6.608	77.155	1.463	0.55	20000.0
59	24.952	121.399	6.018	74.864	1.489	0.562	40000.0
60	25.26	121.817	6.156	75.182	1.48	0.562	30000.0
61	25.212	121.716	6.15	75.088	1.472	0.565	20000.0
62	25.276	122.48	6.089	75.158	1.496	0.558	20000.0
63	25.234	122.493	6.064	75.291	1.495	0.555	30000.0
64	25.102	121.59	6.043	74.916	1.487	0.56	30000.0
65	26.718	123.81	6.6	77.364	1.437	0.544	40000.0
66	26.733	124.861	6.636	77.323	1.451	0.547	30000.0
67	25.153	121.762	6.078	75.06	1.476	0.564	20000.0
68	26.624	124.891	6.561	77.171	1.464	0.546	20000.0
69	25.388	121.643	6.124	74.586	1.475	0.566	20000.0
70	25.307	121.826	6.083	74.942	1.48	0.563	30000.0
71	25.485	122.295	6.32	75.949	1.491	0.552	30000.0
72	25.381	121.87	6.145	74.793	1.475	0.565	20000.0
73	25.287	121.639	6.101	75.279	1.475	0.556	30000.0
74	25.501	122.079	6.229	75.953	1.494	0.553	20000.0
75	25.366	122.878	6.199	75.503	1.495	0.557	40000.0
76	24.878	120.191	6.01	74.615	1.445	0.566	30000.0
77	24.967	121.413	6.049	74.962	1.478	0.56	30000.0
78	25.232	121.12	6.08	74.375	1.448	0.572	30000.0
79	26.394	124.003	6.609	77.18	1.458	0.544	20000.0
80	25.373	121.8	6.146	74.997	1.446	0.564	20000.0
81	25.137	120.558	6.09	74.533	1.459	0.57	30000.0
82	25.25	121.859	6.113	75.225	1.495	0.559	30000.0
83	25.477	122.201	6.241	75.614	1.466	0.562	40000.0
84	26.718	124.916	6.647	77.349	1.462	0.546	20000.0
85	26.891	125.72	6.678	77.912	1.458	0.538	40000.0
86	25.493	122.248	6.169	75.264	1.473	0.562	30000.0
87	25.118	122.461	6.166	74.909	1.485	0.558	20000.0
88	26.414	124.346	6.675	77.32	1.448	0.547	20000.0
89	24.879	120.783	6.017	74.357	1.458	0.567	20000.0
90	26.295	123.663	6.547	76.625	1.427	0.559	20000.0
91	25.27	121.702	6.157	75.019	1.478	0.563	30000.0
92	24.81	120.539	6.004	74.006	1.463	0.577	30000.0
93	25.451	121.52	6.212	74.895	1.492	0.564	30000.0
94	25.379	122.182	6.15	75.037	1.483	0.563	30000.0
95	26.867	125.345	6.788	78.294	1.465	0.538	20000.0
96	25.347	121.022	6.115	74.804	1.452	0.567	20000.0
97	24.933	120.559	6.001	74.47	1.457	0.567	20000.0
98	25.07	120.428	6.189	75.336	1.454	0.566	20000.0
99	26.325	123.444	6.573	76.721	1.445	0.552	20000.0
100	24.791	119.502	6.019	74.307	1.453	0.572	40000.0
