NMF_Replicate	L1	L1 %	L2	L2 %	KL Divergence	Correlation	Convergence Iterations
1	27.844	106.486	6.624	66.869	1.159	0.663	20000.0
2	28.263	108.556	6.697	67.321	1.172	0.658	20000.0
3	28.713	108.994	6.785	67.46	1.182	0.662	20000.0
4	28.523	109.754	6.729	68.296	1.208	0.642	20000.0
5	28.576	108.346	6.674	67.468	1.22	0.65	20000.0
6	28.174	109.023	6.571	67.53	1.194	0.653	20000.0
7	28.36	108.827	6.671	68.083	1.194	0.645	20000.0
8	28.243	108.358	6.724	67.785	1.186	0.654	20000.0
9	28.084	107.08	6.606	66.427	1.183	0.664	30000.0
10	28.765	109.914	6.806	68.115	1.2	0.649	30000.0
11	28.271	110.05	6.667	68.29	1.203	0.642	30000.0
12	27.569	107.79	6.474	66.699	1.193	0.657	30000.0
13	28.481	108.428	6.731	67.73	1.182	0.654	20000.0
14	28.003	109.137	6.654	68.169	1.2	0.645	20000.0
15	28.261	108.678	6.638	67.599	1.191	0.655	20000.0
16	27.892	107.667	6.549	67.094	1.181	0.658	30000.0
17	28.702	109.683	6.714	68.182	1.192	0.654	20000.0
18	28.855	110.069	6.883	68.941	1.222	0.64	20000.0
19	28.376	108.777	6.649	67.708	1.185	0.655	20000.0
20	28.451	109.725	6.7	68.372	1.213	0.642	20000.0
21	28.005	108.622	6.65	67.063	1.178	0.655	30000.0
22	28.527	109.049	6.779	68.428	1.186	0.641	30000.0
23	28.023	107.729	6.571	66.687	1.183	0.658	50000.0
24	28.327	108.929	6.646	67.722	1.193	0.659	20000.0
25	28.261	108.463	6.697	67.336	1.184	0.656	40000.0
26	27.598	107.172	6.565	66.892	1.153	0.662	20000.0
27	28.585	109.889	6.728	68.647	1.199	0.644	30000.0
28	28.186	109.463	6.629	68.09	1.2	0.644	20000.0
29	28.205	108.11	6.665	67.362	1.169	0.657	30000.0
30	28.153	108.326	6.636	67.557	1.223	0.646	20000.0
31	28.052	109.04	6.639	67.603	1.191	0.651	30000.0
32	28.223	108.005	6.601	67.069	1.193	0.66	60000.0
33	28.511	107.756	6.714	67.203	1.177	0.655	30000.0
34	28.28	109.432	6.613	67.598	1.194	0.655	20000.0
35	27.924	108.006	6.538	67.391	1.211	0.649	30000.0
36	27.58	107.555	6.472	67.07	1.188	0.655	20000.0
37	28.318	109.241	6.676	68.015	1.202	0.649	30000.0
38	28.917	109.83	6.874	68.691	1.208	0.646	20000.0
39	28.078	107.432	6.511	66.551	1.214	0.658	30000.0
40	27.84	106.263	6.549	66.142	1.19	0.661	50000.0
41	27.997	107.358	6.561	66.586	1.169	0.664	20000.0
42	28.255	107.855	6.58	67.361	1.212	0.654	30000.0
43	28.351	109.525	6.674	68.552	1.194	0.644	50000.0
44	28.25	109.398	6.644	67.749	1.199	0.648	20000.0
45	28.012	108.462	6.546	67.574	1.197	0.649	40000.0
46	28.747	110.651	6.802	69.041	1.213	0.635	20000.0
47	27.974	108.254	6.519	67.435	1.212	0.651	20000.0
48	28.008	108.22	6.537	67.162	1.18	0.657	20000.0
49	27.991	108.274	6.507	67.149	1.189	0.659	20000.0
50	28.133	108.318	6.636	67.75	1.172	0.654	30000.0
51	28.232	109.221	6.66	68.274	1.195	0.649	20000.0
52	28.167	108.922	6.625	67.287	1.196	0.658	50000.0
53	27.63	107.261	6.444	66.834	1.19	0.66	30000.0
54	28.377	108.36	6.696	67.468	1.182	0.656	30000.0
55	28.424	108.811	6.664	67.254	1.208	0.657	20000.0
56	28.504	109.367	6.648	67.798	1.2	0.657	40000.0
57	28.417	107.668	6.652	67.984	1.186	0.651	30000.0
58	28.29	107.916	6.531	67.342	1.184	0.655	20000.0
59	28.458	109.083	6.682	67.777	1.195	0.65	20000.0
60	28.313	109.261	6.698	67.757	1.195	0.648	20000.0
61	28.305	108.178	6.682	67.572	1.162	0.658	20000.0
62	28.268	108.206	6.725	67.591	1.201	0.654	30000.0
63	28.114	107.828	6.621	67.186	1.183	0.657	30000.0
64	28.263	107.988	6.554	67.008	1.178	0.661	20000.0
65	28.076	109.386	6.484	68.024	1.21	0.644	20000.0
66	27.812	107.748	6.506	67.009	1.189	0.655	20000.0
67	27.942	108.239	6.535	67.177	1.179	0.659	30000.0
68	27.808	106.899	6.468	66.642	1.165	0.663	40000.0
69	28.169	109.207	6.529	67.421	1.2	0.655	30000.0
70	27.861	106.899	6.564	66.837	1.178	0.662	20000.0
71	28.323	109.05	6.667	68.113	1.208	0.646	30000.0
72	27.895	108.2	6.54	66.776	1.186	0.661	20000.0
73	28.316	108.356	6.697	67.484	1.191	0.656	30000.0
74	28.57	109.514	6.836	68.511	1.189	0.647	20000.0
75	27.957	106.703	6.536	67.384	1.211	0.659	20000.0
76	28.06	106.114	6.629	66.223	1.194	0.662	40000.0
77	28.264	108.894	6.652	67.673	1.197	0.653	20000.0
78	27.805	108.369	6.583	67.399	1.178	0.659	20000.0
79	28.449	108.899	6.603	67.319	1.194	0.659	40000.0
80	28.353	109.374	6.674	67.692	1.193	0.652	30000.0
81	28.043	108.119	6.569	66.928	1.182	0.661	30000.0
82	28.157	108.806	6.632	67.934	1.18	0.654	20000.0
83	28.391	108.728	6.724	67.841	1.2	0.647	40000.0
84	28.165	109.133	6.618	67.969	1.195	0.651	20000.0
85	27.938	107.574	6.531	66.695	1.195	0.658	20000.0
86	28.157	107.822	6.644	67.43	1.191	0.656	50000.0
87	28.328	108.459	6.653	67.358	1.201	0.654	20000.0
88	28.173	109.027	6.607	67.372	1.188	0.654	50000.0
89	28.461	108.368	6.724	67.356	1.177	0.656	40000.0
90	28.445	109.277	6.695	67.943	1.211	0.645	30000.0
91	27.947	108.267	6.623	67.236	1.177	0.661	50000.0
92	27.955	106.931	6.565	67.011	1.215	0.663	20000.0
93	28.236	107.677	6.628	66.936	1.2	0.66	30000.0
94	28.464	108.727	6.625	67.773	1.199	0.652	30000.0
95	28.01	107.179	6.679	66.636	1.175	0.672	40000.0
96	28.508	109.186	6.711	68.175	1.194	0.647	30000.0
97	28.555	109.426	6.775	68.313	1.205	0.645	20000.0
98	28.539	109.244	6.751	68.039	1.201	0.648	40000.0
99	27.963	107.997	6.524	67.399	1.212	0.65	20000.0
100	27.772	107.32	6.484	66.878	1.173	0.661	20000.0
