Samples	SBS96A	SBS96B	SBS96C	SBS96D	SBS96E	SBS96F	SBS96G	SBS96H
TCGA-3C-AAAU-01A-11D-A41F-09	4	1	10	13	10	3	2	4
TCGA-3C-AALI-01A-11D-A41F-09	301	374	0	24	0	67	26	0
TCGA-3C-AALJ-01A-31D-A41F-09	1	5	18	15	1	2	5	9
TCGA-3C-AALK-01A-11D-A41F-09	7	5	2	19	14	5	4	10
TCGA-4H-AAAK-01A-12D-A41F-09	0	0	0	9	8	7	8	3
TCGA-5L-AAT0-01A-12D-A41F-09	124	63	30	5	0	10	0	25
TCGA-5L-AAT1-01A-12D-A41F-09	977	778	0	16	0	113	3	49
TCGA-5T-A9QA-01A-11D-A41F-09	2	0	0	21	1	0	31	10
TCGA-A1-A0SD-01A-11D-A10Y-09	2	1	15	18	1	0	0	3
TCGA-A1-A0SE-01A-11D-A099-09	4	0	9	3	1	4	5	9
TCGA-A1-A0SF-01A-11D-A142-09	32	2	4	8	6	0	0	4
TCGA-A1-A0SG-01A-11D-A142-09	2	1	6	9	1	6	0	5
TCGA-A1-A0SH-01A-11D-A099-09	41	37	26	5	2	2	8	9
TCGA-A1-A0SI-01A-11D-A142-09	100	140	0	5	0	12	0	2
TCGA-A1-A0SJ-01A-11D-A099-09	5	0	1	11	5	0	7	2
TCGA-A1-A0SK-01A-12D-A099-09	1	2	36	20	0	2	16	9
TCGA-A1-A0SM-01A-11D-A099-09	0	0	15	8	3	7	2	4
TCGA-A1-A0SN-01A-11D-A142-09	7	20	19	16	0	8	6	10
TCGA-A1-A0SO-01A-22D-A099-09	13	16	108	20	23	12	131	50
TCGA-A1-A0SP-01A-11D-A099-09	2	0	10	15	7	0	9	17
TCGA-A1-A0SQ-01A-21D-A142-09	5	2	2	18	5	2	1	1
TCGA-A2-A04N-01A-11D-A10Y-09	7	0	4	13	4	10	8	8
TCGA-A2-A04P-01A-31D-A128-09	2	17	79	11	15	0	29	12
TCGA-A2-A04Q-01A-21W-A050-09	4	4	17	8	5	2	16	12
TCGA-A2-A04R-01A-41D-A117-09	2	9	15	8	15	7	36	9
TCGA-A2-A04T-01A-21W-A050-09	6	7	48	12	5	0	31	10
TCGA-A2-A04U-01A-11D-A10Y-09	1	1	30	17	3	4	8	1
TCGA-A2-A04V-01A-21W-A050-09	4	2	16	12	0	2	7	7
TCGA-A2-A04W-01A-31D-A10Y-09	53	80	0	12	10	13	7	10
TCGA-A2-A04X-01A-21W-A050-09	20	11	0	7	3	0	8	1
TCGA-A2-A04Y-01A-21W-A050-09	4	7	5	9	0	7	21	8
TCGA-A2-A0CK-01A-11D-A228-09	5	0	0	12	6	0	7	1
TCGA-A2-A0CL-01A-11D-A10Y-09	69	74	0	19	1	6	0	0
TCGA-A2-A0CM-01A-31W-A050-09	18	16	13	0	7	0	13	17
TCGA-A2-A0CP-01A-11W-A050-09	1	0	64	0	21	3	40	29
TCGA-A2-A0CQ-01A-21W-A050-09	0	1	23	14	4	1	1	18
TCGA-A2-A0CR-01A-11D-A228-09	102	84	0	8	0	0	5	2
TCGA-A2-A0CS-01A-11D-A10Y-09	1	0	11	18	9	1	8	2
TCGA-A2-A0CT-01A-31W-A071-09	31	15	4	35	4	8	23	15
TCGA-A2-A0CU-01A-12W-A050-09	5	4	11	9	9	3	6	18
TCGA-A2-A0CV-01A-31D-A10Y-09	0	2	0	9	5	4	4	0
TCGA-A2-A0CW-01A-21D-A10Y-09	19	4	19	14	0	4	10	1
TCGA-A2-A0CX-01A-21W-A019-09	185	106	0	15	17	19	11	17
TCGA-A2-A0D0-01A-11W-A019-09	3	15	42	12	11	2	4	8
TCGA-A2-A0D1-01A-11W-A050-09	17	7	34	14	27	4	10	5
TCGA-A2-A0D2-01A-21W-A050-09	1	18	42	4	16	1	10	19
TCGA-A2-A0D3-01A-11D-A10Y-09	2	0	0	24	1	2	4	1
TCGA-A2-A0D4-01A-11W-A019-09	2	4	9	6	8	4	10	3
TCGA-A2-A0EM-01A-11W-A050-09	2	0	17	3	11	2	5	10
TCGA-A2-A0EN-01A-13D-A099-09	2	0	10	12	0	4	4	6
TCGA-A2-A0EO-01A-11W-A050-09	6	0	16	7	9	1	6	8
TCGA-A2-A0EP-01A-52D-A22X-09	2	5	4	1	2	1	0	5
TCGA-A2-A0EQ-01A-11W-A050-09	77	151	33	11	26	0	0	9
TCGA-A2-A0ER-01A-21W-A050-09	0	3	25	10	9	1	1	0
TCGA-A2-A0ES-01A-11D-A10Y-09	0	0	5	3	2	0	0	4
TCGA-A2-A0ET-01A-31D-A045-09	3	2	0	20	7	8	15	7
TCGA-A2-A0EU-01A-22W-A071-09	5	2	6	27	8	3	0	2
TCGA-A2-A0EV-01A-11W-A050-09	7	2	15	15	0	12	9	22
TCGA-A2-A0EW-01A-21D-A10Y-09	1	2	0	4	5	3	3	2
TCGA-A2-A0EX-01A-21W-A050-09	4	1	9	6	0	0	9	9
TCGA-A2-A0EY-01A-11W-A050-09	144	60	0	29	0	32	28	19
TCGA-A2-A0ST-01A-12D-A099-09	3	3	2	4	2	0	4	5
TCGA-A2-A0SU-01A-11D-A099-09	1	1	9	8	3	0	5	9
TCGA-A2-A0SV-01A-11D-A099-09	0	0	7	13	7	3	0	13
TCGA-A2-A0SW-01A-11D-A099-09	11	7	21	10	10	1	0	6
TCGA-A2-A0SX-01A-12D-A099-09	8	2	10	7	10	1	4	2
TCGA-A2-A0SY-01A-31D-A099-09	59	66	0	11	0	12	0	15
TCGA-A2-A0T0-01A-22D-A099-09	8	19	68	8	41	9	49	11
TCGA-A2-A0T1-01A-21D-A099-09	0	0	6	8	7	4	2	2
TCGA-A2-A0T2-01A-11W-A097-09	4	0	15	8	8	0	4	0
TCGA-A2-A0T3-01A-21D-A10Y-09	1	1	0	13	4	2	17	3
TCGA-A2-A0T4-01A-31D-A099-09	3	0	8	8	9	0	2	5
TCGA-A2-A0T5-01A-21D-A099-09	2	0	6	8	0	0	0	0
TCGA-A2-A0T6-01A-11D-A099-09	4	0	3	15	1	1	0	2
TCGA-A2-A0T7-01A-21D-A099-09	3	0	1	13	2	1	2	0
TCGA-A2-A0YC-01A-11D-A117-09	6	1	2	8	3	0	10	0
TCGA-A2-A0YD-01A-11D-A10G-09	31	19	6	12	0	17	2	8
TCGA-A2-A0YE-01A-11D-A10G-09	8	0	0	13	1	2	13	5
TCGA-A2-A0YF-01A-21D-A10G-09	1	0	17	6	3	5	7	0
TCGA-A2-A0YG-01A-21D-A10G-09	5	0	14	17	7	3	9	15
TCGA-A2-A0YH-01A-11D-A10G-09	19	33	9	16	0	5	11	11
TCGA-A2-A0YI-01A-31D-A10M-09	1	1	3	1	2	1	6	0
TCGA-A2-A0YJ-01A-11D-A10G-09	0	5	22	22	12	6	12	9
TCGA-A2-A0YK-01A-22D-A117-09	230	224	0	1	0	14	0	0
TCGA-A2-A0YL-01A-21D-A10G-09	17	9	0	6	0	0	7	10
TCGA-A2-A0YM-01A-11D-A10G-09	14	16	15	25	7	7	11	2
TCGA-A2-A0YT-01A-11D-A10G-09	8	1	2	21	17	16	10	1
TCGA-A2-A1FV-01A-11D-A13L-09	8	0	8	19	2	0	0	7
TCGA-A2-A1FW-01A-11D-A13L-09	2	3	13	21	17	8	14	12
TCGA-A2-A1FX-01A-11D-A13L-09	0	0	9	5	1	6	3	5
TCGA-A2-A1FZ-01A-51D-A17G-09	1	1	12	4	8	0	3	1
TCGA-A2-A1G0-01A-11D-A13L-09	5	0	3	4	0	0	6	7
TCGA-A2-A1G1-01A-21D-A13L-09	2	0	17	7	2	1	7	5
TCGA-A2-A1G4-01A-11D-A13L-09	5	1	12	7	1	0	3	4
TCGA-A2-A1G6-01A-11D-A13L-09	0	2	2	0	5	0	1	0
TCGA-A2-A259-01A-11D-A16D-09	5	0	6	5	0	0	0	6
TCGA-A2-A25A-01A-12D-A16D-09	31	22	0	0	14	33	399	0
TCGA-A2-A25B-01A-11D-A167-09	6	1	41	10	11	8	27	23
TCGA-A2-A25C-01A-11D-A167-09	3	0	16	0	8	4	7	5
TCGA-A2-A25D-01A-12D-A16D-09	7	4	10	9	8	0	11	13
TCGA-A2-A25E-01A-11D-A167-09	6	1	26	2	14	2	11	5
TCGA-A2-A25F-01A-11D-A167-09	0	0	3	0	0	0	3	1
TCGA-A2-A3KD-01A-12D-A20S-09	2	0	4	9	0	0	0	6
TCGA-A2-A3XT-01A-11D-A22X-09	3	30	52	4	15	3	8	7
TCGA-A2-A3XU-01A-12D-A22X-09	1	0	4	15	6	1	4	2
TCGA-A2-A3XV-01A-21D-A23C-09	0	0	6	9	8	4	11	11
TCGA-A2-A3XW-01A-11D-A23C-09	2	0	2	5	0	3	3	0
TCGA-A2-A3XX-01A-21D-A23C-09	4	1	7	11	7	7	16	7
TCGA-A2-A3XZ-01A-42D-A23C-09	12	14	2	12	1	6	3	7
TCGA-A2-A3Y0-01A-11D-A23C-09	11	56	56	19	38	3	39	33
TCGA-A2-A4S1-01A-21D-A25Q-09	4	6	28	17	20	0	23	0
TCGA-A2-A4S2-01A-12D-A25Q-09	6	0	4	8	7	0	12	5
TCGA-A2-A4S3-01A-21D-A25Q-09	6	10	30	15	16	6	16	11
TCGA-A7-A0CD-01A-11W-A019-09	0	0	11	17	4	0	4	5
TCGA-A7-A0CE-01A-11W-A019-09	9	13	80	9	12	8	26	17
TCGA-A7-A0CG-01A-11W-A019-09	21	5	9	26	11	5	3	1
TCGA-A7-A0CJ-01A-21W-A019-09	5	3	0	17	23	4	27	17
TCGA-A7-A0D9-01A-31W-A071-09	6	1	9	5	5	0	1	0
TCGA-A7-A0DA-01A-31D-A10Y-09	9	11	61	14	5	7	52	13
TCGA-A7-A0DB-01A-11D-A272-09	17	11	2	13	5	1	10	0
TCGA-A7-A13D-01A-13D-A272-09	5	19	61	12	4	3	21	15
TCGA-A7-A13E-01A-11D-A272-09	1	0	18	6	5	0	5	7
TCGA-A7-A13F-01A-11D-A12Q-09	1	3	11	16	2	7	0	3
TCGA-A7-A13G-01A-11D-A13L-09	11	1	2	6	6	0	0	5
TCGA-A7-A26E-01A-11D-A272-09	26	0	0	21	4	8	8	0
TCGA-A7-A26F-01A-21D-A167-09	4	1	8	17	0	4	12	7
TCGA-A7-A26G-01A-21D-A167-09	10	9	10	5	10	1	19	9
TCGA-A7-A26H-01A-11D-A167-09	45	44	4	32	0	1	12	7
TCGA-A7-A26I-01A-11D-A167-09	9	1	17	6	4	2	6	4
TCGA-A7-A26J-01A-11D-A272-09	2	0	22	7	0	0	5	5
TCGA-A7-A2KD-01A-31D-A21Q-09	6	2	16	24	3	1	1	5
TCGA-A7-A3RF-01A-11D-A228-09	0	0	16	5	9	0	4	6
TCGA-A7-A425-01A-11D-A243-09	0	0	15	12	0	0	12	2
TCGA-A7-A4SC-01A-12D-A25Q-09	3	0	4	11	1	5	12	2
TCGA-A7-A4SD-01A-11D-A25Q-09	1	5	4	28	14	3	5	6
TCGA-A7-A4SE-01A-11D-A25Q-09	17	38	34	1	23	0	28	11
TCGA-A7-A56D-01A-11D-A27P-09	68	37	16	30	8	15	4	15
TCGA-A7-A5ZW-01A-12D-A29N-09	6	8	0	6	11	4	3	1
TCGA-A7-A5ZX-01A-12D-A29N-09	6	0	10	6	1	6	7	6
TCGA-A7-A6VV-01A-22D-A33E-09	3	9	8	16	2	1	10	16
TCGA-A7-A6VW-01A-21D-A33E-09	5	4	32	10	11	1	18	8
TCGA-A7-A6VX-01A-12D-A33E-09	32	12	81	7	8	0	37	22
TCGA-A7-A6VY-01A-12D-A33E-09	7	21	48	12	15	5	17	16
TCGA-A8-A06O-01A-11W-A019-09	2	2	21	46	3	1	12	6
TCGA-A8-A06P-01A-11W-A019-09	11	2	18	8	27	3	16	2
TCGA-A8-A06Q-01A-11W-A050-09	161	99	4	17	0	17	1	15
TCGA-A8-A06R-01A-11D-A015-09	6	3	19	21	8	0	2	10
TCGA-A8-A06T-01A-11W-A019-09	1	2	6	0	12	0	9	9
TCGA-A8-A06U-01A-11W-A019-09	5	6	20	17	26	0	8	11
TCGA-A8-A06X-01A-21W-A019-09	4	16	103	23	42	6	90	31
TCGA-A8-A06Y-01A-21W-A019-09	5	5	0	10	0	4	19	0
TCGA-A8-A06Z-01A-11W-A019-09	1	0	42	10	4	0	28	14
TCGA-A8-A075-01A-11D-A099-09	15	6	36	10	0	0	10	13
TCGA-A8-A076-01A-21W-A019-09	10	3	26	31	0	9	13	6
TCGA-A8-A079-01A-21W-A019-09	2	7	18	29	0	5	26	23
TCGA-A8-A07B-01A-11W-A019-09	15	16	19	8	11	0	6	11
TCGA-A8-A07F-01A-11W-A019-09	2	1	10	16	0	0	6	5
TCGA-A8-A07G-01A-11W-A050-09	8	0	16	10	20	1	23	18
TCGA-A8-A07I-01A-11W-A019-09	0	6	5	20	4	5	22	4
TCGA-A8-A07J-01A-11W-A019-09	9	5	49	0	5	5	11	10
TCGA-A8-A07L-01A-11W-A019-09	2	6	39	4	22	2	29	21
TCGA-A8-A07O-01A-11W-A019-09	19	0	16	20	0	4	5	3
TCGA-A8-A07P-01A-11W-A019-09	8	0	15	23	16	4	9	7
TCGA-A8-A07U-01A-11W-A050-09	6	21	31	18	0	4	24	18
TCGA-A8-A07W-01A-11W-A019-09	6	14	45	33	48	3	6	15
TCGA-A8-A07Z-01A-11W-A019-09	0	0	9	6	10	0	0	3
TCGA-A8-A081-01A-11W-A019-09	14	24	51	32	12	6	1	6
TCGA-A8-A082-01A-11W-A019-09	2	3	4	13	5	0	0	2
TCGA-A8-A083-01A-21W-A019-09	3	0	22	0	7	2	1	0
TCGA-A8-A085-01A-11W-A019-09	3	24	24	0	4	2	20	23
TCGA-A8-A08B-01A-11W-A019-09	19	1	13	9	0	8	4	16
TCGA-A8-A08C-01A-11W-A019-09	1	0	5	0	0	0	1	2
TCGA-A8-A08F-01A-11W-A019-09	1	6	59	0	42	0	25	15
TCGA-A8-A08G-01A-11W-A019-09	3	3	11	13	14	6	6	2
TCGA-A8-A08H-01A-21W-A019-09	104	0	86	0	11	0	13	29
TCGA-A8-A08J-01A-11W-A019-09	5	1	22	8	1	4	3	1
TCGA-A8-A08L-01A-11W-A019-09	44	86	71	5	9	1	45	24
TCGA-A8-A08O-01A-21W-A071-09	1	2	12	5	3	5	2	5
TCGA-A8-A08P-01A-11W-A019-09	8	12	28	16	18	5	1	4
TCGA-A8-A08R-01A-11W-A050-09	7	59	119	15	27	4	42	32
TCGA-A8-A08S-01A-11W-A050-09	5	0	12	27	14	3	5	5
TCGA-A8-A08T-01A-21W-A019-09	3	4	10	11	5	12	15	14
TCGA-A8-A08X-01A-21W-A019-09	0	3	8	11	19	0	4	8
TCGA-A8-A08Z-01A-21W-A019-09	7	0	9	17	9	0	1	4
TCGA-A8-A090-01A-11W-A019-09	5	2	14	12	0	3	8	5
TCGA-A8-A091-01A-11W-A019-09	8	1	0	12	5	0	7	0
TCGA-A8-A092-01A-11W-A019-09	43	17	0	9	10	10	6	5
TCGA-A8-A093-01A-11W-A019-09	78	16	0	21	0	24	6	4
TCGA-A8-A094-01A-11W-A019-09	86	79	27	7	23	6	0	3
TCGA-A8-A095-01A-11W-A019-09	98	72	0	5	6	14	23	0
TCGA-A8-A096-01A-11W-A019-09	0	0	21	13	12	0	0	0
TCGA-A8-A097-01A-11W-A050-09	2	24	34	6	8	4	38	21
TCGA-A8-A099-01A-11W-A019-09	1	3	5	10	2	0	15	8
TCGA-A8-A09A-01A-11W-A019-09	22	12	93	8	28	0	68	45
TCGA-A8-A09B-01A-11W-A019-09	4	2	13	13	0	2	8	14
TCGA-A8-A09C-01A-11W-A019-09	0	0	36	7	5	0	0	12
TCGA-A8-A09D-01A-11W-A019-09	10	0	23	3	19	0	2	15
TCGA-A8-A09E-01A-11W-A019-09	2	0	50	10	2	0	9	27
TCGA-A8-A09G-01A-21W-A019-09	139	179	1	0	8	7	0	2
TCGA-A8-A09I-01A-22W-A050-09	36	38	38	38	5	6	0	13
TCGA-A8-A09K-01A-11W-A019-09	7	0	23	9	5	1	0	10
TCGA-A8-A09M-01A-11W-A019-09	2	8	74	13	12	10	39	24
TCGA-A8-A09N-01A-11W-A019-09	26	27	66	17	20	3	0	0
TCGA-A8-A09Q-01A-11W-A019-09	5	6	92	52	9	13	10	11
TCGA-A8-A09T-01A-11W-A019-09	4	0	4	5	8	0	8	2
TCGA-A8-A09V-01A-11D-A045-09	1	4	9	11	0	0	5	4
TCGA-A8-A09W-01A-11W-A019-09	2	6	40	14	24	0	13	7
TCGA-A8-A09X-01A-11W-A019-09	17	4	14	20	2	5	14	5
TCGA-A8-A09Z-01A-11W-A019-09	4	0	0	199	958	27	46	212
TCGA-A8-A0A1-01A-11W-A019-09	3	0	18	25	7	0	6	12
TCGA-A8-A0A2-01A-11W-A050-09	1	0	11	15	8	2	11	7
TCGA-A8-A0A4-01A-11W-A019-09	3	0	41	14	9	0	14	1
TCGA-A8-A0A6-01A-12W-A071-09	8	1	7	9	7	6	0	12
TCGA-A8-A0A7-01A-11W-A019-09	182	54	0	1	19	9	15	13
TCGA-A8-A0A9-01A-11W-A019-09	9	14	8	29	3	5	1	7
TCGA-A8-A0AB-01A-11W-A050-09	0	2	17	15	0	0	3	7
TCGA-A8-A0AD-01A-11W-A071-09	4	1	5	9	5	0	6	8
TCGA-AC-A23C-01A-12D-A167-09	31	20	39	3	24	5	7	4
TCGA-AC-A23E-01A-11D-A159-09	0	0	2	11	0	3	3	5
TCGA-AC-A23H-01A-11D-A159-09	2883	3183	0	0	0	30	0	0
TCGA-AC-A2B8-01A-11D-A17D-09	59	40	4	10	1	0	0	9
TCGA-AC-A2BK-01A-11D-A21Q-09	0	6	25	23	24	3	25	6
TCGA-AC-A2BM-01A-11D-A21Q-09	0	3	0	0	7	2	4	4
TCGA-AC-A2FB-01A-11D-A17D-09	5	0	2	2	0	0	3	2
TCGA-AC-A2FF-01A-11D-A17D-09	1	1	3	1	2	0	5	0
TCGA-AC-A2FG-01A-11D-A17D-09	7	1	14	9	3	2	0	4
TCGA-AC-A2FO-01A-11D-A17W-09	12	4	8	0	0	3	0	3
TCGA-AC-A2QH-01A-11D-A18P-09	6	2	1	14	9	0	6	0
TCGA-AC-A3HN-01A-11D-A20S-09	4	1	0	7	8	0	7	2
TCGA-AC-A3OD-01A-11D-A21Q-09	6	0	0	13	6	5	0	7
TCGA-AC-A3QP-01A-11D-A22X-09	0	1	7	5	4	6	11	3
TCGA-AC-A3QQ-01A-11D-A228-09	0	1	9	14	3	1	0	10
TCGA-AC-A3W5-01A-11D-A228-09	31	55	44	14	10	8	36	28
TCGA-AC-A3YI-01A-21D-A23C-09	0	0	3	2	2	4	6	2
TCGA-AC-A3YJ-01A-11D-A22X-09	2	0	9	13	2	0	0	11
TCGA-AC-A4ZE-01A-11D-A41F-09	8	2	0	15	21	2	23	4
TCGA-AC-A5EH-01A-11D-A28B-09	16	14	60	17	25	8	50	24
TCGA-AC-A5EI-01A-11D-A27P-09	12	0	12	15	1	1	0	2
TCGA-AC-A5XS-01A-11D-A29N-09	314	285	63	2	0	37	0	35
TCGA-AC-A5XU-01A-11D-A28B-09	13	5	15	46	7	0	11	11
TCGA-AC-A62V-01A-11D-A31U-09	4	4	12	38	19	8	6	13
TCGA-AC-A62X-01A-11D-A29N-09	1	5	6	44	6	6	9	8
TCGA-AC-A62Y-01A-11D-A29N-09	19	16	10	16	12	1	8	8
TCGA-AC-A6IV-01A-12D-A33E-09	0	0	1	8	0	6	3	8
TCGA-AC-A6IW-01A-12D-A33E-09	29	66	55	26	7	3	4	28
TCGA-AC-A6IX-01A-12D-A32I-09	17	9	3	12	11	0	0	10
TCGA-AC-A6NO-01A-12D-A33E-09	3	1	8	11	10	1	2	8
TCGA-AC-A7VB-01A-11D-A351-09	0	0	0	15	12	0	2	7
TCGA-AC-A7VC-01A-11D-A351-09	0	2	0	6	7	4	3	8
TCGA-AC-A8OP-01A-11D-A36J-09	14	13	38	49	37	22	49	22
TCGA-AC-A8OQ-01A-11D-A41F-09	24	2	18	31	16	10	26	12
TCGA-AC-A8OR-01A-21D-A41F-09	0	0	0	8	7	0	31	4
TCGA-AC-A8OS-01A-12D-A41F-09	16	5	8	16	6	0	17	6
TCGA-AN-A03X-01A-21W-A019-09	0	0	51	9	11	2	10	8
TCGA-AN-A03Y-01A-21W-A019-09	9	0	7	18	6	3	7	5
TCGA-AN-A041-01A-11W-A050-09	9	0	10	9	12	4	6	6
TCGA-AN-A046-01A-21W-A050-09	38	0	259	0	239	6560	0	69
TCGA-AN-A049-01A-21W-A019-09	3	0	16	11	3	4	3	2
TCGA-AN-A04A-01A-21W-A050-09	2	0	0	18	4	1	9	22
TCGA-AN-A04C-01A-21W-A050-09	7	5	15	28	14	3	23	16
TCGA-AN-A04D-01A-21W-A050-09	0	9	52	6	17	2	14	16
TCGA-AN-A0AJ-01A-11W-A019-09	6	20	12	25	8	15	14	7
TCGA-AN-A0AK-01A-21W-A019-09	0	8	0	254	881	61	14	245
TCGA-AN-A0AL-01A-11W-A019-09	0	12	19	4	6	4	29	18
TCGA-AN-A0AM-01A-11W-A050-09	8	10	14	24	4	0	34	22
TCGA-AN-A0AR-01A-11W-A019-09	2	18	60	12	9	3	34	15
TCGA-AN-A0AS-01A-11W-A019-09	7	0	10	17	7	3	10	0
TCGA-AN-A0AT-01A-11D-A045-09	4	14	44	2	29	2	25	19
TCGA-AN-A0FD-01A-11W-A050-09	1	1	13	7	3	0	9	5
TCGA-AN-A0FF-01A-11W-A050-09	0	0	1	8	10	0	0	9
TCGA-AN-A0FJ-01A-11W-A019-09	24	21	36	15	15	0	14	8
TCGA-AN-A0FK-01A-11W-A050-09	4	0	1	18	13	5	8	17
TCGA-AN-A0FL-01A-11W-A050-09	8	30	70	30	14	1	37	21
TCGA-AN-A0FN-01A-11W-A050-09	6	2	16	0	16	4	24	21
TCGA-AN-A0FS-01A-11W-A050-09	20	14	3	17	3	5	22	22
TCGA-AN-A0FT-01A-11W-A050-09	20	16	26	32	15	5	1	20
TCGA-AN-A0FV-01A-11W-A019-09	27	20	16	8	19	0	13	15
TCGA-AN-A0FW-01A-11W-A050-09	8	10	29	15	6	9	37	26
TCGA-AN-A0FX-01A-11W-A050-09	8	6	69	13	26	9	36	16
TCGA-AN-A0FY-01A-11W-A050-09	5	0	15	29	5	2	1	8
TCGA-AN-A0FZ-01A-11W-A050-09	9	0	5	33	9	6	14	12
TCGA-AN-A0G0-01A-11W-A050-09	1	1	13	18	0	0	8	4
TCGA-AN-A0XN-01A-21D-A10G-09	2	12	58	11	31	6	41	15
TCGA-AN-A0XO-01A-11D-A10G-09	8	0	9	4	8	8	0	2
TCGA-AN-A0XP-01A-11D-A117-09	5	4	2	1	12	2	4	5
TCGA-AN-A0XR-01A-11D-A10G-09	5	2	3	9	1	0	7	8
TCGA-AN-A0XS-01A-22D-A10G-09	10	0	0	6	4	2	8	2
TCGA-AN-A0XT-01A-11D-A10G-09	0	1	0	9	1	0	2	8
TCGA-AN-A0XU-01A-11D-A10G-09	5	25	27	14	7	12	31	16
TCGA-AN-A0XV-01A-11D-A10G-09	0	4	5	11	12	3	4	2
TCGA-AN-A0XW-01A-11D-A10G-09	179	231	0	2	0	0	0	0
TCGA-AO-A03L-01A-41W-A071-09	1	6	8	8	0	1	8	9
TCGA-AO-A03O-01A-11W-A019-09	0	12	38	36	13	0	3	4
TCGA-AO-A03P-01A-11W-A019-09	8	0	15	14	7	6	9	11
TCGA-AO-A03R-01A-21W-A050-09	3	1	9	11	0	2	14	28
TCGA-AO-A03T-01A-21W-A050-09	7	17	33	10	0	1	38	26
TCGA-AO-A03V-01A-11D-A10Y-09	9	8	22	9	1	4	8	8
TCGA-AO-A0J2-01A-11W-A050-09	1	8	37	5	24	1	11	1
TCGA-AO-A0J3-01A-11W-A050-09	17	6	0	23	6	12	20	18
TCGA-AO-A0J4-01A-11W-A050-09	6	49	53	14	14	0	14	13
TCGA-AO-A0J5-01A-11W-A050-09	7	0	8	17	16	4	24	17
TCGA-AO-A0J6-01A-11W-A050-09	6	18	55	9	4	2	26	11
TCGA-AO-A0J7-01A-11W-A050-09	7	0	7	5	0	1	2	6
TCGA-AO-A0J8-01A-21D-A045-09	1	1	10	6	0	3	0	9
TCGA-AO-A0J9-01A-11W-A050-09	87	39	0	10	17	8	20	17
TCGA-AO-A0JA-01A-11W-A071-09	20	0	2	6	0	0	11	2
TCGA-AO-A0JB-01A-11W-A071-09	11	5	19	5	20	3	57	36
TCGA-AO-A0JC-01A-11W-A071-09	93	67	9	1	3	9	2	3
TCGA-AO-A0JD-01A-11W-A071-09	1	6	61	26	0	6	32	21
TCGA-AO-A0JE-01A-11W-A071-09	16	18	0	6	5	9	6	0
TCGA-AO-A0JF-01A-11W-A071-09	3	0	19	3	2	1	0	11
TCGA-AO-A0JG-01A-31D-A099-09	0	0	7	0	5	2	3	1
TCGA-AO-A0JI-01A-21W-A100-09	0	0	17	5	3	2	2	3
TCGA-AO-A0JJ-01A-11W-A071-09	1	0	18	4	0	3	5	7
TCGA-AO-A0JM-01A-21W-A071-09	4	6	9	22	4	9	4	4
TCGA-AO-A124-01A-11D-A10M-09	2	3	75	12	15	10	35	19
TCGA-AO-A128-01A-11D-A10M-09	21	19	0	353	818	19	32	14
TCGA-AO-A12A-01A-21D-A10Y-09	2	0	0	10	1	0	2	2
TCGA-AO-A12D-01A-11D-A10Y-09	29	8	8	12	0	3	4	7
TCGA-AO-A12F-01A-11D-A10Y-09	0	0	8	13	9	5	2	3
TCGA-AO-A12H-01A-11D-A10Y-09	1	0	12	11	1	1	0	6
TCGA-AO-A1KO-01A-31D-A188-09	0	0	2	0	2	1	0	3
TCGA-AO-A1KP-01A-11D-A13L-09	0	0	6	9	2	0	2	4
TCGA-AO-A1KR-01A-12D-A142-09	6	10	33	8	6	3	11	10
TCGA-AO-A1KS-01A-11D-A13L-09	23	2	7	18	6	5	0	0
TCGA-AO-A1KT-01A-11D-A13L-09	5	1	6	17	9	2	12	0
TCGA-AQ-A04H-01B-11D-A10M-09	2	3	4	44	10	7	8	7
TCGA-AQ-A04J-01A-02W-A050-09	9	0	26	2	21	0	27	26
TCGA-AQ-A0Y5-01A-11D-A14K-09	17	11	3	22	7	4	4	0
TCGA-AQ-A1H2-01A-11D-A13L-09	2	0	7	12	8	3	4	1
TCGA-AQ-A1H3-01A-31D-A13L-09	0	0	5	21	0	0	0	1
TCGA-AQ-A54O-01A-11D-A25Q-09	5	0	0	9	3	0	8	5
TCGA-AQ-A7U7-01A-22D-A351-09	35	34	5	7	11	4	0	7
TCGA-AR-A0TP-01A-11D-A099-09	4	5	20	8	8	0	23	9
TCGA-AR-A0TQ-01A-11D-A099-09	10	0	0	11	3	1	14	4
TCGA-AR-A0TR-01A-11D-A099-09	2	0	5	15	11	3	1	6
TCGA-AR-A0TS-01A-11D-A10Y-09	7	11	14	19	6	0	30	10
TCGA-AR-A0TT-01A-31D-A099-09	8	11	13	16	10	1	1	12
TCGA-AR-A0TU-01A-31D-A10G-09	6	12	89	7	14	2	48	23
TCGA-AR-A0TV-01A-21D-A099-09	6	3	22	21	6	0	7	16
TCGA-AR-A0TW-01A-11D-A099-09	2	3	13	19	4	6	8	5
TCGA-AR-A0TX-01A-11D-A099-09	205	179	0	5	0	13	1	0
TCGA-AR-A0TY-01A-12W-A12T-09	5	9	105	19	36	6	54	4
TCGA-AR-A0TZ-01A-12D-A099-09	14	14	0	12	7	8	4	0
TCGA-AR-A0U0-01A-11D-A10G-09	16	11	93	0	21	4	73	27
TCGA-AR-A0U1-01A-11D-A10Y-09	0	7	52	2	17	2	19	2
TCGA-AR-A0U2-01A-11D-A10G-09	4	0	41	18	14	1	16	14
TCGA-AR-A0U3-01A-11D-A10G-09	0	2	5	12	4	6	2	7
TCGA-AR-A1AH-01A-11D-A12B-09	3	10	14	8	32	9	37	4
TCGA-AR-A1AI-01A-11D-A12Q-09	4	15	14	15	3	12	3	19
TCGA-AR-A1AJ-01A-21D-A12Q-09	17	10	0	16	4	3	0	0
TCGA-AR-A1AK-01A-21D-A12Q-09	21	18	0	14	0	6	10	9
TCGA-AR-A1AL-01A-21D-A12Q-09	5	3	1	9	5	0	4	3
TCGA-AR-A1AN-01A-11D-A12Q-09	0	4	4	16	4	1	0	2
TCGA-AR-A1AO-01A-11D-A12Q-09	13	16	31	14	0	7	20	12
TCGA-AR-A1AP-01A-11D-A12Q-09	5	4	5	17	4	4	0	2
TCGA-AR-A1AQ-01A-11D-A12Q-09	2	1	5	9	9	0	4	9
TCGA-AR-A1AR-01A-31D-A135-09	3	8	14	15	1	1	10	13
TCGA-AR-A1AS-01A-11D-A12Q-09	14	3	0	3	13	5	2	2
TCGA-AR-A1AT-01A-11D-A12Q-09	1	2	6	8	7	0	4	3
TCGA-AR-A1AU-01A-11D-A12Q-09	1	0	11	8	3	0	0	2
TCGA-AR-A1AV-01A-21D-A12Q-09	4	1	4	20	3	5	11	7
TCGA-AR-A1AW-01A-21D-A12Q-09	3	1	13	9	7	0	4	8
TCGA-AR-A1AX-01A-11D-A12Q-09	2	0	14	6	0	4	0	4
TCGA-AR-A1AY-01A-21D-A12Q-09	7	4	10	18	1	3	13	11
TCGA-AR-A24H-01A-11D-A167-09	7	21	72	15	0	3	21	25
TCGA-AR-A24K-01A-11D-A167-09	0	0	11	6	5	3	5	7
TCGA-AR-A24L-01A-11D-A167-09	3	6	11	2	2	0	18	7
TCGA-AR-A24M-01A-11D-A167-09	1	0	4	6	9	0	8	2
TCGA-AR-A24N-01A-11D-A167-09	5	0	1	15	5	0	10	8
TCGA-AR-A24O-01A-11D-A167-09	0	2	6	10	1	0	0	4
TCGA-AR-A24P-01A-11D-A167-09	0	1	7	7	2	4	2	4
TCGA-AR-A24Q-01A-12D-A167-09	18	21	62	0	30	8	57	24
TCGA-AR-A24R-01A-11D-A167-09	3	0	0	11	9	0	0	5
TCGA-AR-A24S-01A-11D-A167-09	8	4	15	19	9	0	0	2
TCGA-AR-A24T-01A-11D-A167-09	2	1	0	11	0	1	9	1
TCGA-AR-A24U-01A-11D-A167-09	10	11	0	9	1	2	7	4
TCGA-AR-A24V-01A-21D-A167-09	3	3	3	8	4	4	5	0
TCGA-AR-A24W-01A-11D-A17G-09	0	0	0	1	1	1	5	7
TCGA-AR-A24X-01A-11D-A167-09	1	0	12	5	7	6	16	1
TCGA-AR-A24Z-01A-11D-A167-09	4	3	9	10	6	1	14	6
TCGA-AR-A250-01A-31D-A167-09	22	47	9	21	11	12	10	11
TCGA-AR-A251-01A-12D-A167-09	6	29	74	11	11	0	37	23
TCGA-AR-A252-01A-11D-A167-09	1	0	0	9	2	0	0	2
TCGA-AR-A254-01A-21D-A167-09	5	0	6	14	0	4	8	4
TCGA-AR-A255-01A-11D-A167-09	11	14	0	8	12	14	22	5
TCGA-AR-A256-01A-11D-A167-09	13	13	109	7	13	10	47	29
TCGA-AR-A2LE-01A-11D-A17W-09	217	114	2	3	0	27	0	18
TCGA-AR-A2LH-01A-31D-A18P-09	24	13	11	5	0	5	0	3
TCGA-AR-A2LK-01A-11D-A17W-09	6	0	5	21	8	1	3	5
TCGA-AR-A2LL-01A-11D-A17W-09	0	0	8	19	0	3	5	3
TCGA-AR-A2LM-01A-11D-A17W-09	3	0	5	1	1	3	4	0
TCGA-AR-A2LN-01A-21D-A18P-09	19	4	6	6	2	4	3	6
TCGA-AR-A2LO-01A-31D-A18P-09	0	1	10	4	0	1	3	0
TCGA-AR-A2LQ-01A-22D-A18P-09	0	0	4	6	0	0	3	1
TCGA-AR-A2LR-01A-12D-A18P-09	1	4	10	15	4	6	15	17
TCGA-AR-A5QM-01A-11D-A27P-09	0	0	2	12	2	1	11	9
TCGA-AR-A5QN-01A-12D-A28B-09	6	0	0	15	8	5	9	9
TCGA-AR-A5QP-01A-11D-A28B-09	4	0	4	7	6	3	0	5
TCGA-AR-A5QQ-01A-11D-A28B-09	5	11	37	7	20	1	10	9
TCGA-B6-A0I1-01A-11D-A21Q-09	8	0	30	23	3	2	9	2
TCGA-B6-A0I2-01A-11W-A050-09	9	29	0	17	1	4	7	10
TCGA-B6-A0I5-01A-11W-A100-09	0	0	10	12	5	0	0	8
TCGA-B6-A0I6-01A-11D-A128-09	2	8	37	8	14	1	24	14
TCGA-B6-A0I8-01A-11W-A050-09	13	14	40	14	21	2	35	13
TCGA-B6-A0I9-01A-11W-A050-09	2	4	10	38	5	5	17	20
TCGA-B6-A0IA-01A-11W-A050-09	2	3	57	0	18	0	9	14
TCGA-B6-A0IB-01A-11W-A050-09	7	7	2	9	30	10	15	8
TCGA-B6-A0IC-01A-11W-A050-09	3	3	1	8	14	1	17	5
TCGA-B6-A0IE-01A-11W-A050-09	2	3	8	7	19	3	13	8
TCGA-B6-A0IH-01A-11D-A10Y-09	3	0	6	11	7	3	4	9
TCGA-B6-A0IJ-01A-11W-A050-09	8	29	70	3	14	6	23	10
TCGA-B6-A0IK-01A-12W-A071-09	114	38	15	17	20	7	24	7
TCGA-B6-A0IM-01A-11W-A050-09	2	0	19	14	3	2	13	2
TCGA-B6-A0IN-01A-11W-A050-09	3	1	23	13	4	0	6	13
TCGA-B6-A0RE-01A-11W-A071-09	24	30	55	16	26	7	35	10
TCGA-B6-A0RG-01A-11W-A071-09	7	15	25	8	7	1	12	7
TCGA-B6-A0RH-01A-21D-A10Y-09	12	3	12	9	1	2	0	1
TCGA-B6-A0RI-01A-11W-A071-09	7	9	3	3	0	7	2	2
TCGA-B6-A0RL-01A-11D-A099-09	12	3	0	23	6	4	6	16
TCGA-B6-A0RM-01A-11D-A099-09	7	0	0	13	7	0	9	2
TCGA-B6-A0RN-01A-12D-A099-09	2	0	1	15	11	1	4	2
TCGA-B6-A0RO-01A-22D-A099-09	0	1	7	2	7	8	5	12
TCGA-B6-A0RP-01A-21D-A099-09	0	0	3	9	3	2	7	6
TCGA-B6-A0RQ-01A-11D-A10Y-09	17	3	6	9	2	2	0	14
TCGA-B6-A0RS-01A-11D-A099-09	12	14	80	11	17	1	28	22
TCGA-B6-A0RT-01A-21D-A099-09	1	12	23	5	0	3	15	3
TCGA-B6-A0RU-01A-11D-A099-09	5	1	14	11	11	8	11	1
TCGA-B6-A0RV-01A-11D-A099-09	28	23	0	9	0	2	0	0
TCGA-B6-A0WS-01A-11D-A10Y-09	2	2	3	1	6	1	1	4
TCGA-B6-A0WT-01A-11D-A10G-09	1	0	7	11	4	3	0	0
TCGA-B6-A0WV-01A-11D-A10G-09	0	5	11	6	5	0	0	10
TCGA-B6-A0WW-01A-11D-A10G-09	8	7	10	9	4	3	1	1
TCGA-B6-A0WX-01A-11D-A10G-09	0	2	4	12	8	3	13	1
TCGA-B6-A0WY-01A-11D-A10G-09	5	1	3	4	13	4	4	2
TCGA-B6-A0WZ-01A-11D-A10G-09	52	18	11	3	2	1	2	3
TCGA-B6-A0X0-01A-21D-A10Y-09	0	0	10	5	0	5	6	0
TCGA-B6-A0X1-01A-11D-A10G-09	4	17	29	7	7	7	2	18
TCGA-B6-A0X4-01A-11D-A10G-09	0	0	4	6	0	10	4	4
TCGA-B6-A0X5-01A-21D-A10G-09	5	2	6	1	12	18	2	3
TCGA-B6-A1KC-01B-11D-A159-09	0	4	0	14	3	4	6	2
TCGA-B6-A1KF-01A-11D-A13L-09	7	2	22	14	6	4	4	7
TCGA-B6-A1KI-01A-11D-A14K-09	0	2	8	11	0	0	0	3
TCGA-B6-A1KN-01A-11D-A13L-09	0	4	17	12	10	7	11	12
TCGA-B6-A2IU-01A-32D-A19T-09	16	0	0	10	14	4	0	4
TCGA-B6-A401-01A-11D-A23C-09	0	2	0	7	7	2	5	7
TCGA-B6-A409-01A-11D-A243-09	7	4	14	17	4	1	9	7
TCGA-B6-A40B-01A-11D-A23C-09	12	5	10	12	4	0	14	11
TCGA-B6-A40C-01A-11D-A23C-09	4	1	14	22	2	0	2	7
TCGA-BH-A0AU-01A-11D-A12Q-09	1	1	0	6	3	0	8	4
TCGA-BH-A0AV-01A-31D-A10Y-09	2	11	23	1	12	2	7	21
TCGA-BH-A0AW-01A-11W-A071-09	63	46	21	17	17	10	3	22
TCGA-BH-A0AY-01A-21W-A019-09	13	2	24	11	13	11	9	18
TCGA-BH-A0AZ-01A-21D-A12Q-09	7	6	21	2	8	1	18	5
TCGA-BH-A0B0-01A-21D-A10Y-09	56	16	0	4	3	9	0	0
TCGA-BH-A0B1-01A-12W-A071-09	2	1	41	16	19	0	16	15
TCGA-BH-A0B3-01A-11W-A071-09	4	7	20	11	3	0	8	4
TCGA-BH-A0B4-01A-11W-A019-09	6	7	31	5	6	4	22	17
TCGA-BH-A0B5-01A-11D-A12Q-09	31	27	0	3	9	1	0	3
TCGA-BH-A0B6-01A-11D-A19Y-09	675	556	9	11	0	22	0	51
TCGA-BH-A0B7-01A-12D-A10Y-09	2	6	3	13	0	7	5	8
TCGA-BH-A0B8-01A-21W-A071-09	11	0	15	13	1	0	14	47
TCGA-BH-A0B9-01A-11W-A071-09	2	9	3	6	6	4	9	9
TCGA-BH-A0BA-01A-11W-A071-09	8	8	13	10	9	1	3	13
TCGA-BH-A0BC-01A-22D-A099-09	8	3	4	13	0	4	1	8
TCGA-BH-A0BD-01A-11W-A050-09	5	0	9	5	5	0	5	3
TCGA-BH-A0BF-01A-21D-A12Q-09	2	8	0	7	4	2	5	8
TCGA-BH-A0BG-01A-11D-A10Y-09	6	4	8	8	7	0	9	2
TCGA-BH-A0BJ-01A-11W-A071-09	3	1	12	4	5	2	11	9
TCGA-BH-A0BL-01A-11D-A10Y-09	4	3	13	15	3	6	25	1
TCGA-BH-A0BM-01A-11W-A071-09	7	4	18	0	15	0	10	15
TCGA-BH-A0BO-01A-23D-A12B-09	0	4	4	6	12	0	0	4
TCGA-BH-A0BP-01A-11D-A10Y-09	27	40	0	32	6	13	35	30
TCGA-BH-A0BQ-01A-21D-A10Y-09	3	0	0	9	2	3	4	7
TCGA-BH-A0BR-01A-21W-A12T-09	26	3	9	15	7	9	0	0
TCGA-BH-A0BS-01A-11D-A12Q-09	1	0	10	4	0	0	0	6
TCGA-BH-A0BT-01A-11D-A12Q-09	5	1	10	15	8	3	0	2
TCGA-BH-A0BV-01A-11W-A019-09	6	0	11	6	2	0	6	8
TCGA-BH-A0BW-01A-11D-A10Y-09	9	6	21	8	24	1	23	8
TCGA-BH-A0BZ-01A-31D-A12Q-09	8	37	93	10	34	11	47	40
TCGA-BH-A0C0-01A-21W-A071-09	7	5	37	2	22	5	33	3
TCGA-BH-A0C1-01B-11D-A12B-09	8	1	0	12	13	0	2	11
TCGA-BH-A0C3-01A-21D-A12Q-09	0	0	2	5	4	1	1	4
TCGA-BH-A0C7-01B-11D-A10Y-09	1	4	4	21	8	2	14	10
TCGA-BH-A0DD-01A-31D-A12Q-09	4	1	0	14	6	1	0	3
TCGA-BH-A0DE-01A-11D-A10Y-09	2	0	3	9	0	1	8	14
TCGA-BH-A0DG-01A-21D-A12Q-09	5	6	0	1	6	8	7	4
TCGA-BH-A0DH-01A-11D-A099-09	14	2	1	16	9	2	3	5
TCGA-BH-A0DI-01A-21D-A12Q-09	10	10	11	8	5	0	5	0
TCGA-BH-A0DK-01A-21W-A071-09	6	9	40	15	8	3	26	5
TCGA-BH-A0DL-01A-11D-A10Y-09	14	4	11	19	16	2	1	0
TCGA-BH-A0DO-01B-11D-A12B-09	4	4	0	3	7	5	0	7
TCGA-BH-A0DP-01A-21W-A071-09	9	3	16	4	1	3	6	16
TCGA-BH-A0DQ-01A-11D-A099-09	1	2	0	10	5	0	9	9
TCGA-BH-A0DS-01A-11W-A071-09	4	2	29	20	3	4	2	9
TCGA-BH-A0DT-01A-21D-A12B-09	3	0	2	6	1	0	0	3
TCGA-BH-A0DV-01A-21D-A12Q-09	3	0	2	0	1	0	5	3
TCGA-BH-A0DX-01A-11D-A10Y-09	34	10	4	17	0	0	8	1
TCGA-BH-A0DZ-01A-11W-A019-09	170	194	0	1	0	18	0	20
TCGA-BH-A0E0-01A-11W-A071-09	0	1	14	22	2	4	4	0
TCGA-BH-A0E1-01A-11W-A071-09	7	11	8	9	3	3	0	4
TCGA-BH-A0E2-01A-11W-A071-09	2	1	18	10	3	5	4	27
TCGA-BH-A0E7-01A-11W-A050-09	3	0	0	14	18	1	10	3
TCGA-BH-A0E9-01B-11D-A10Y-09	2	2	1	11	4	0	7	4
TCGA-BH-A0EA-01A-11D-A10Y-09	2	1	0	7	7	2	3	5
TCGA-BH-A0EB-01A-11W-A050-09	5	5	3	19	4	0	14	15
TCGA-BH-A0EE-01A-11W-A050-09	50	13	32	25	11	22	11	15
TCGA-BH-A0EI-01A-11D-A10Y-09	1	0	5	10	0	0	0	8
TCGA-BH-A0GY-01A-11W-A071-09	3	0	40	12	9	1	4	5
TCGA-BH-A0GZ-01A-11W-A071-09	7	0	2	14	0	0	10	12
TCGA-BH-A0H0-01A-11W-A071-09	2	1	6	3	3	1	9	9
TCGA-BH-A0H3-01A-11D-A12Q-09	1	0	7	5	0	0	0	3
TCGA-BH-A0H5-01A-21D-A10Y-09	64	63	1	3	0	18	0	10
TCGA-BH-A0H6-01A-21W-A071-09	1	0	9	13	1	0	4	3
TCGA-BH-A0H7-01A-13W-A071-09	12	8	17	20	17	4	5	10
TCGA-BH-A0H9-01A-11W-A071-09	10	3	14	5	11	4	10	2
TCGA-BH-A0HA-01A-11D-A12Q-09	22	14	1	101	197	6	0	14
TCGA-BH-A0HB-01A-11W-A071-09	3	4	6	15	0	8	2	14
TCGA-BH-A0HF-01A-11W-A071-09	192	0	0	48	67	23	0	1293
TCGA-BH-A0HI-01A-11D-A099-09	7	1	5	10	1	4	0	5
TCGA-BH-A0HK-01A-11W-A071-09	62	29	15	25	6	1	0	30
TCGA-BH-A0HL-01A-11W-A050-09	4	1	14	15	3	2	5	6
TCGA-BH-A0HN-01A-11D-A099-09	3	0	6	13	0	4	1	3
TCGA-BH-A0HO-01A-11W-A050-09	0	0	6	3	5	4	3	7
TCGA-BH-A0HP-01A-12D-A099-09	162	142	0	7	0	17	0	10
TCGA-BH-A0HQ-01A-11W-A050-09	14	0	7	12	6	2	4	13
TCGA-BH-A0HU-01A-11W-A050-09	3	3	10	5	5	2	13	9
TCGA-BH-A0HW-01A-11W-A050-09	0	2	0	16	16	1	0	8
TCGA-BH-A0HX-01A-21W-A071-09	11	6	27	5	13	1	22	13
TCGA-BH-A0HY-01A-11W-A071-09	2	4	19	12	18	11	7	10
TCGA-BH-A0RX-01A-21D-A099-09	4	1	0	26	4	8	2	3
TCGA-BH-A0W3-01A-11D-A10G-09	1	2	5	5	0	0	1	8
TCGA-BH-A0W4-01A-11D-A10G-09	5	4	8	8	4	6	2	0
TCGA-BH-A0W5-01A-11D-A10G-09	0	1	4	8	8	5	1	1
TCGA-BH-A0W7-01A-11D-A10Y-09	122	124	0	0	8	2	0	4
TCGA-BH-A0WA-01A-11D-A10G-09	14	2	58	7	10	0	6	20
TCGA-BH-A18F-01A-11D-A12B-09	19	1	0	17	0	8	4	12
TCGA-BH-A18G-01A-11D-A12B-09	0	5	0	292	1047	51	0	146
TCGA-BH-A18H-01A-11D-A12B-09	7	4	14	7	9	1	4	11
TCGA-BH-A18I-01A-11D-A12B-09	3	2	0	11	4	5	1	0
TCGA-BH-A18J-01A-11D-A12B-09	60	23	0	2	19	0	5	0
TCGA-BH-A18K-01A-11D-A12B-09	16	13	17	8	1	0	0	9
TCGA-BH-A18L-01A-32D-A12B-09	0	2	11	23	8	5	7	8
TCGA-BH-A18M-01A-11D-A12B-09	0	3	2	6	0	1	4	0
TCGA-BH-A18N-01A-11D-A12B-09	0	1	12	13	13	1	0	0
TCGA-BH-A18P-01A-11D-A12B-09	195	157	0	16	2	13	0	14
TCGA-BH-A18Q-01A-12D-A12B-09	2	6	40	3	6	1	24	18
TCGA-BH-A18R-01A-11D-A12B-09	3	1	25	3	0	1	0	2
TCGA-BH-A18S-01A-11D-A12B-09	0	4	8	1	11	4	3	4
TCGA-BH-A18T-01A-11D-A12B-09	4	14	26	7	12	2	24	8
TCGA-BH-A18U-01A-21D-A12B-09	58	28	18	26	8	0	0	19
TCGA-BH-A18V-01A-11D-A12B-09	28	72	110	2	4	3	12	9
TCGA-BH-A1EN-01A-11D-A17G-09	6	1	20	23	9	3	5	11
TCGA-BH-A1EO-01A-11D-A135-09	3	0	0	25	0	3	6	5
TCGA-BH-A1ES-01A-11D-A135-09	2	2	0	1	1	3	8	0
TCGA-BH-A1ET-01A-11D-A135-09	1	0	5	8	7	3	5	6
TCGA-BH-A1EU-01A-11D-A135-09	1	0	14	3	4	0	0	0
TCGA-BH-A1EV-01A-11D-A135-09	32	26	17	17	2	19	0	1
TCGA-BH-A1EW-01A-11D-A135-09	4	0	3	1	0	1	0	5
TCGA-BH-A1EX-01A-11D-A13L-09	0	0	6	8	5	5	1	0
TCGA-BH-A1EY-01A-11D-A13L-09	6	9	5	11	6	7	3	6
TCGA-BH-A1F0-01A-11D-A135-09	1	12	25	10	4	5	12	19
TCGA-BH-A1F2-01A-31D-A13L-09	10	6	7	24	5	3	4	5
TCGA-BH-A1F5-01A-12D-A13L-09	5	0	13	11	0	4	2	11
TCGA-BH-A1F6-01A-11D-A13L-09	2	3	25	12	5	0	0	3
TCGA-BH-A1F8-01A-11D-A13L-09	92	48	7	16	0	8	3	15
TCGA-BH-A1FC-01A-11D-A13L-09	15	19	12	25	19	7	15	3
TCGA-BH-A1FD-01A-11W-A14Q-09	1	0	18	11	8	0	4	3
TCGA-BH-A1FE-01A-11D-A13L-09	7	0	3	1	2	3	4	5
TCGA-BH-A1FG-01A-11D-A13L-09	0	1	13	7	5	0	0	1
TCGA-BH-A1FH-01A-12D-A13L-09	1	0	9	11	0	0	1	6
TCGA-BH-A1FJ-01A-11D-A13L-09	3	0	1	16	0	0	8	12
TCGA-BH-A1FL-01A-11D-A13L-09	2	0	5	5	0	1	3	9
TCGA-BH-A1FM-01A-11D-A13L-09	11	9	0	19	1	7	9	7
TCGA-BH-A1FN-01A-11D-A13L-09	37	50	7	6	7	0	25	13
TCGA-BH-A1FR-01A-11D-A13L-09	1	2	2	5	1	1	5	0
TCGA-BH-A1FU-01A-11D-A14G-09	5	15	40	6	22	11	10	12
TCGA-BH-A201-01A-11D-A14K-09	2	0	5	1	11	5	0	0
TCGA-BH-A202-01A-11D-A14K-09	4	0	10	6	3	3	4	0
TCGA-BH-A203-01A-12D-A167-09	10	10	0	29	19	12	6	6
TCGA-BH-A204-01A-11D-A159-09	2	3	7	10	4	7	14	7
TCGA-BH-A208-01A-11D-A159-09	21	29	11	12	0	1	5	11
TCGA-BH-A209-01A-11D-A17G-09	41	47	14	4	0	5	5	12
TCGA-BH-A28Q-01A-11D-A16D-09	2	1	0	13	2	0	6	5
TCGA-BH-A2L8-01A-11D-A18P-09	313	256	0	1	0	0	0	9
TCGA-BH-A42U-01A-12D-A243-09	8	3	0	2	0	2	12	2
TCGA-BH-A42V-01A-11D-A243-09	23	13	0	6	0	6	9	1
TCGA-BH-A5IZ-01A-11D-A27P-09	6	6	40	14	3	0	19	11
TCGA-BH-A5J0-01A-11D-A27P-09	42	9	12	14	3	9	5	6
TCGA-BH-A6R8-01A-21D-A33E-09	4	2	12	13	3	4	0	2
TCGA-BH-A6R9-01A-21D-A32I-09	0	0	14	3	0	4	0	3
TCGA-BH-A8FY-01A-11D-A36J-09	3	1	20	5	4	0	8	15
TCGA-BH-A8FZ-01A-11D-A351-09	5	4	39	10	13	5	16	0
TCGA-BH-A8G0-01A-11D-A351-09	0	0	0	5	7	3	9	0
TCGA-BH-AB28-01A-31D-A41F-09	6	0	2	10	15	1	6	1
TCGA-C8-A12K-01A-21D-A10Y-09	12	57	40	9	9	0	16	27
TCGA-C8-A12L-01A-11D-A10Y-09	1	3	11	10	11	3	25	17
TCGA-C8-A12M-01A-11D-A135-09	0	0	7	22	18	11	11	11
TCGA-C8-A12N-01A-11D-A10Y-09	1	5	0	9	5	2	1	4
TCGA-C8-A12O-01A-11D-A10Y-09	3	0	8	22	0	6	0	2
TCGA-C8-A12P-01A-11D-A10Y-09	69	61	3	22	12	12	20	11
TCGA-C8-A12Q-01A-11D-A10Y-09	50	29	3	6	10	14	13	3
TCGA-C8-A12T-01A-11D-A10Y-09	83	87	0	9	6	7	0	10
TCGA-C8-A12U-01A-11D-A10Y-09	4	6	10	22	0	0	7	10
TCGA-C8-A12V-01A-11D-A10Y-09	1	3	18	3	12	2	7	6
TCGA-C8-A12W-01A-11D-A10Y-09	2	1	1	37	3	11	12	5
TCGA-C8-A12X-01A-11D-A10Y-09	0	2	12	26	2	5	9	9
TCGA-C8-A12Y-01A-11D-A12B-09	6	0	0	15	21	2	5	0
TCGA-C8-A12Z-01A-11D-A10Y-09	12	13	5	14	4	2	0	8
TCGA-C8-A130-01A-31D-A10Y-09	5	4	0	26	6	7	3	0
TCGA-C8-A131-01A-11D-A10Y-09	10	0	0	9	9	10	22	7
TCGA-C8-A132-01A-31D-A10Y-09	14	26	16	9	2	0	3	11
TCGA-C8-A133-01A-32D-A12B-09	3	0	9	0	3	2	8	8
TCGA-C8-A134-01A-11D-A10Y-09	0	9	38	7	11	9	21	16
TCGA-C8-A135-01A-11D-A10Y-09	4	9	0	31	16	6	10	4
TCGA-C8-A137-01A-11D-A10Y-09	14	12	5	13	0	9	5	4
TCGA-C8-A138-01A-11D-A10Y-09	0	1	9	16	0	5	11	9
TCGA-C8-A1HE-01A-11D-A188-09	26	7	8	7	0	2	4	12
TCGA-C8-A1HF-01A-11D-A135-09	9	5	11	6	4	2	0	4
TCGA-C8-A1HG-01A-11D-A135-09	6	2	19	21	5	1	0	6
TCGA-C8-A1HI-01A-11D-A135-09	8	3	6	23	9	0	9	5
TCGA-C8-A1HJ-01A-11D-A13L-09	3	11	58	3	24	2	30	1
TCGA-C8-A1HK-01A-21D-A13L-09	7	28	0	5	11	9	3	6
TCGA-C8-A1HL-01A-11D-A135-09	0	0	0	8	8	1	7	8
TCGA-C8-A1HM-01A-12D-A135-09	143	254	0	19	0	9	7	26
TCGA-C8-A1HN-01A-11D-A135-09	1	2	3	25	5	1	14	11
TCGA-C8-A1HO-01A-11D-A13L-09	6	1	8	8	5	2	7	5
TCGA-C8-A26V-01A-11D-A16D-09	24	37	6	13	9	6	2	0
TCGA-C8-A26W-01A-11D-A16D-09	20	9	11	3	8	8	0	7
TCGA-C8-A26X-01A-31D-A16D-09	3	0	14	21	3	5	16	16
TCGA-C8-A26Y-01A-11D-A16D-09	380	372	0	0	23	24	59	7
TCGA-C8-A26Z-01A-11D-A16D-09	2	0	6	25	1	3	11	5
TCGA-C8-A273-01A-11D-A16D-09	0	2	0	8	0	3	3	4
TCGA-C8-A274-01A-11D-A16D-09	130	85	0	10	20	4	10	0
TCGA-C8-A275-01A-21D-A16D-09	38	53	23	10	1	3	0	12
TCGA-C8-A278-01A-11D-A167-09	8	7	7	12	5	5	3	3
TCGA-C8-A27A-01A-11D-A167-09	6	3	4	11	2	6	2	3
TCGA-C8-A27B-01A-11D-A167-09	14	88	25	3	9	5	15	12
TCGA-C8-A3M7-01A-12D-A21Q-09	120	30	24	20	5	12	7	5
TCGA-C8-A3M8-01A-11D-A20S-09	5	5	15	15	12	1	3	3
TCGA-C8-A8HP-01A-11D-A36J-09	110	112	0	11	6	20	0	7
TCGA-C8-A8HQ-01A-11D-A36J-09	178	136	0	17	5	23	0	0
TCGA-C8-A8HR-01A-11D-A36J-09	2	5	31	11	7	0	0	2
TCGA-C8-A9FZ-01A-11D-A41F-09	2	0	0	12	14	0	3	0
TCGA-D8-A13Y-01A-11D-A10Y-09	13	9	27	10	1	1	4	14
TCGA-D8-A13Z-01A-11D-A10Y-09	0	16	38	25	1	4	14	10
TCGA-D8-A140-01A-11D-A10Y-09	24	0	9	29	15	4	25	27
TCGA-D8-A141-01A-11D-A10Y-09	0	0	6	8	0	0	3	3
TCGA-D8-A142-01A-11D-A10Y-09	1	15	48	46	0	2	24	23
TCGA-D8-A143-01A-11D-A10Y-09	3	1	9	14	2	0	20	7
TCGA-D8-A145-01A-11D-A10Y-09	0	4	8	15	12	0	2	7
TCGA-D8-A146-01A-31D-A10Y-09	6	0	5	7	12	6	1	5
TCGA-D8-A147-01A-11D-A10Y-09	20	44	68	5	12	3	33	14
TCGA-D8-A1J8-01A-11D-A13L-09	284	259	0	65	197	58	0	74
TCGA-D8-A1J9-01A-11D-A13L-09	115	106	0	1	1	25	8	0
TCGA-D8-A1JA-01A-11D-A13L-09	384	720	23	7	0	18	0	4
TCGA-D8-A1JB-01A-11D-A13L-09	4	4	5	5	5	2	18	10
TCGA-D8-A1JC-01A-11D-A13L-09	32	28	23	13	0	8	0	12
TCGA-D8-A1JD-01A-11D-A13L-09	9	15	14	4	15	9	34	17
TCGA-D8-A1JE-01A-11D-A13L-09	2	1	4	10	7	0	7	5
TCGA-D8-A1JF-01A-11D-A13L-09	3	4	0	9	22	3	1	7
TCGA-D8-A1JG-01B-11D-A13L-09	1	12	31	23	11	59	11	18
TCGA-D8-A1JH-01A-11D-A188-09	2	1	10	5	7	0	5	1
TCGA-D8-A1JI-01A-11D-A13L-09	0	0	1	8	4	2	6	17
TCGA-D8-A1JJ-01A-31D-A14K-09	35	13	3	14	12	6	1	5
TCGA-D8-A1JK-01A-11D-A13L-09	15	11	79	3	39	10	40	39
TCGA-D8-A1JL-01A-11D-A13L-09	2	12	46	3	20	10	26	16
TCGA-D8-A1JM-01A-11D-A13L-09	2	2	1	17	0	3	28	4
TCGA-D8-A1JN-01A-11D-A13L-09	98	43	7	11	0	28	5	13
TCGA-D8-A1JP-01A-11D-A13L-09	3	10	60	0	8	1	26	21
TCGA-D8-A1JS-01A-11D-A13L-09	2	0	10	9	2	1	1	1
TCGA-D8-A1JT-01A-31D-A13L-09	0	1	14	13	0	0	3	11
TCGA-D8-A1JU-01A-11D-A13L-09	1	0	4	4	5	1	1	3
TCGA-D8-A1X5-01A-11D-A14G-09	6	1	5	15	15	7	13	0
TCGA-D8-A1X6-01A-11D-A14K-09	3	0	8	13	9	2	0	6
TCGA-D8-A1X7-01A-11D-A14K-09	2	2	7	7	1	2	5	5
TCGA-D8-A1X8-01A-11D-A14K-09	1	2	12	10	0	1	18	10
TCGA-D8-A1X9-01A-12D-A159-09	1	10	13	6	20	2	50	6
TCGA-D8-A1XA-01A-11D-A14G-09	1	1	8	7	4	0	1	4
TCGA-D8-A1XB-01A-11D-A14G-09	6	1	0	13	10	3	4	6
TCGA-D8-A1XC-01A-11D-A14G-09	1	2	3	9	9	2	0	9
TCGA-D8-A1XF-01A-11D-A14G-09	3	3	0	16	5	10	15	6
TCGA-D8-A1XG-01A-11D-A14G-09	0	0	3	2	13	3	8	3
TCGA-D8-A1XJ-01A-11D-A14K-09	32	0	9	26	1	11	9	16
TCGA-D8-A1XK-01A-21D-A14K-09	0	0	341	0	921	7	0	0
TCGA-D8-A1XL-01A-11D-A14K-09	5	6	36	8	20	6	27	2
TCGA-D8-A1XM-01A-21D-A14K-09	19	4	6	17	0	12	1	7
TCGA-D8-A1XO-01A-11D-A14K-09	5	1	9	7	0	0	3	3
TCGA-D8-A1XQ-01A-11D-A14K-09	20	32	131	150	507	29	66	63
TCGA-D8-A1XR-01A-11D-A14K-09	3	0	3	8	12	0	0	3
TCGA-D8-A1XS-01A-11D-A14K-09	5	1	0	6	1	5	8	2
TCGA-D8-A1XT-01A-11D-A14K-09	3	3	6	11	0	1	7	9
TCGA-D8-A1XU-01A-11D-A14K-09	10	0	3	6	2	0	7	3
TCGA-D8-A1XV-01A-11D-A14K-09	1	4	3	17	0	0	8	5
TCGA-D8-A1XW-01A-11D-A14K-09	8	10	56	9	10	0	19	10
TCGA-D8-A1XY-01A-11D-A14K-09	6	1	2	28	8	2	8	3
TCGA-D8-A1XZ-01A-11D-A14K-09	0	12	0	33	6	7	9	20
TCGA-D8-A1Y0-01A-11D-A14K-09	3	13	28	6	9	5	14	4
TCGA-D8-A1Y1-01A-21D-A14K-09	25	0	0	157	55	7	0	1
TCGA-D8-A1Y2-01A-11D-A159-09	7	3	0	7	3	1	1	0
TCGA-D8-A1Y3-01A-11D-A159-09	3	0	21	30	1	2	0	6
TCGA-D8-A27E-01A-11D-A16D-09	1	0	0	1	2	1	6	3
TCGA-D8-A27F-01A-11D-A16D-09	1	15	22	6	7	2	12	8
TCGA-D8-A27G-01A-11D-A16D-09	590	486	0	0	0	16	0	0
TCGA-D8-A27I-01A-11D-A16D-09	6	4	5	9	5	2	6	0
TCGA-D8-A27K-01A-11D-A16D-09	0	2	4	9	1	0	2	6
TCGA-D8-A27L-01A-11D-A16D-09	17	5	11	7	0	1	1	9
TCGA-D8-A27M-01A-11D-A16D-09	1	16	14	11	7	8	16	6
TCGA-D8-A27N-01A-11D-A16D-09	2	2	9	22	5	1	8	7
TCGA-D8-A27P-01A-11D-A16D-09	2	0	1	9	5	0	8	7
TCGA-D8-A27R-01A-11D-A16D-09	2	2	14	4	2	3	5	5
TCGA-D8-A27T-01A-11D-A16D-09	5	0	0	15	4	0	6	1
TCGA-D8-A27V-01A-12D-A17D-09	104	92	23	5	0	8	0	16
TCGA-D8-A27W-01A-11D-A16D-09	3	3	0	23	8	3	4	6
TCGA-D8-A3Z6-01A-11D-A23C-09	7	1	0	13	8	0	7	2
TCGA-D8-A4Z1-01A-21D-A25Q-09	31	26	0	3	0	8	2	6
TCGA-D8-A73U-01A-11D-A33E-09	114	24	33	9	4	4	0	13
TCGA-D8-A73W-01A-22D-A351-09	3	2	0	16	12	0	9	10
TCGA-D8-A73X-01A-11D-A32I-09	8	0	0	18	11	3	10	0
TCGA-E2-A10A-01A-21D-A10Y-09	3	1	0	2	1	0	10	7
TCGA-E2-A10C-01A-21D-A10M-09	280	189	0	0	0	18	0	0
TCGA-E2-A14N-01A-31D-A135-09	5	15	20	10	3	5	23	11
TCGA-E2-A14O-01A-31D-A10Y-09	1	0	0	18	0	7	9	1
TCGA-E2-A14P-01A-31D-A12B-09	23	9	1	26	10	11	17	14
TCGA-E2-A14Q-01A-11D-A12B-09	6	1	7	16	0	0	4	5
TCGA-E2-A14R-01A-11D-A10Y-09	3	23	50	6	24	7	29	10
TCGA-E2-A14T-01A-11D-A10Y-09	6	5	0	12	8	6	5	1
TCGA-E2-A14V-01A-11D-A12B-09	21	30	11	25	5	11	14	5
TCGA-E2-A14W-01A-11D-A12B-09	2	12	35	4	6	5	16	12
TCGA-E2-A14X-01A-11D-A10Y-09	7	2	0	16	3	5	5	3
TCGA-E2-A14Y-01A-21D-A12B-09	12	13	6	9	2	0	0	2
TCGA-E2-A14Z-01A-11D-A10Y-09	25	2	15	10	0	9	19	7
TCGA-E2-A150-01A-11D-A12B-09	2	5	17	16	14	10	9	10
TCGA-E2-A152-01A-11D-A12B-09	64	62	0	7	2	17	10	6
TCGA-E2-A153-01A-12D-A12B-09	4	0	0	14	2	1	2	1
TCGA-E2-A154-01A-11D-A10Y-09	1	0	0	20	1	11	18	7
TCGA-E2-A155-01A-11D-A12B-09	14	2	3	23	15	3	13	11
TCGA-E2-A156-01A-11D-A12B-09	3	1	4	7	3	1	5	0
TCGA-E2-A158-01A-11D-A12B-09	0	6	40	9	10	3	11	14
TCGA-E2-A159-01A-11D-A10Y-09	61	74	27	9	0	0	8	4
TCGA-E2-A15A-01A-11D-A12B-09	0	4	9	14	2	1	21	11
TCGA-E2-A15C-01A-31D-A12B-09	2	0	10	19	4	0	4	7
TCGA-E2-A15D-01A-11D-A10Y-09	0	2	2	8	10	4	1	5
TCGA-E2-A15E-01A-11D-A12B-09	1	7	1	16	7	0	9	2
TCGA-E2-A15G-01A-11D-A12B-09	10	0	14	20	2	3	16	8
TCGA-E2-A15H-01A-11D-A12B-09	0	1	0	14	7	1	5	8
TCGA-E2-A15I-01A-21D-A135-09	5	0	4	13	0	1	9	5
TCGA-E2-A15J-01A-11D-A12Q-09	1	0	5	8	4	1	4	3
TCGA-E2-A15K-01A-11D-A12Q-09	1	2	15	19	5	2	2	10
TCGA-E2-A15L-01A-11D-A12B-09	1	4	6	14	8	1	2	0
TCGA-E2-A15M-01A-11D-A12B-09	25	15	9	29	13	1	24	8
TCGA-E2-A15O-01A-11D-A10Y-09	2	0	8	13	1	1	11	2
TCGA-E2-A15P-01A-11D-A10Y-09	2	0	4	8	11	2	1	3
TCGA-E2-A15R-01A-11D-A10Y-09	5	0	0	23	1	3	11	5
TCGA-E2-A15S-01A-11D-A10Y-09	7	4	16	5	16	0	16	4
TCGA-E2-A15T-01A-11D-A10Y-09	0	3	8	18	0	1	4	8
TCGA-E2-A1AZ-01A-11D-A12Q-09	10	18	0	1	6	12	16	3
TCGA-E2-A1B0-01A-11D-A12Q-09	5	4	13	12	10	6	6	4
TCGA-E2-A1B1-01A-21D-A12Q-09	15	16	12	10	0	0	1	11
TCGA-E2-A1B4-01A-11D-A12Q-09	7	0	9	3	4	4	9	7
TCGA-E2-A1B5-01A-21D-A12Q-09	17	8	0	9	2	3	3	1
TCGA-E2-A1B6-01A-31D-A12Q-09	1	3	14	10	10	0	13	0
TCGA-E2-A1BC-01A-11D-A14G-09	0	3	12	9	4	0	8	5
TCGA-E2-A1BD-01A-11D-A12Q-09	0	2	3	19	0	4	6	5
TCGA-E2-A1IE-01A-11D-A188-09	0	0	0	10	0	0	15	9
TCGA-E2-A1IF-01A-11D-A142-09	0	0	1	2	8	1	5	3
TCGA-E2-A1IG-01A-11D-A142-09	2	0	16	21	2	4	0	5
TCGA-E2-A1IH-01A-11D-A188-09	20	24	7	10	16	1	6	3
TCGA-E2-A1II-01A-11D-A142-09	0	2	20	7	2	0	0	1
TCGA-E2-A1IJ-01A-11D-A142-09	1	0	3	1	2	0	7	3
TCGA-E2-A1IK-01A-11D-A17G-09	0	2	4	3	1	7	0	0
TCGA-E2-A1IL-01A-11D-A14G-09	0	0	7	9	3	5	9	4
TCGA-E2-A1IN-01A-11D-A13L-09	99	98	0	9	14	0	17	4
TCGA-E2-A1IO-01A-11D-A142-09	2	0	0	4	0	2	6	0
TCGA-E2-A1IU-01A-11D-A14G-09	10	2	0	2	3	7	7	4
TCGA-E2-A1L6-01A-11D-A13L-09	2	0	0	2	4	6	4	6
TCGA-E2-A1L7-01A-11D-A142-09	2	3	33	5	9	2	16	7
TCGA-E2-A1L8-01A-11D-A13L-09	4	1	8	5	11	0	8	0
TCGA-E2-A1L9-01A-11D-A13L-09	2	0	0	11	4	3	7	3
TCGA-E2-A1LA-01A-11D-A142-09	2	6	65	7	18	1	3	6
TCGA-E2-A1LB-01A-11D-A142-09	12	11	18	2	6	4	5	0
TCGA-E2-A1LG-01A-21D-A14K-09	55	111	0	5	0	7	0	16
TCGA-E2-A1LH-01A-11D-A14G-09	20	49	92	14	12	4	22	7
TCGA-E2-A1LI-01A-12D-A159-09	7	6	6	1	2	2	5	0
TCGA-E2-A1LK-01A-21D-A14G-09	0	5	0	34	8	7	0	1
TCGA-E2-A1LL-01A-11D-A142-09	5	7	12	7	15	1	28	4
TCGA-E2-A1LS-01A-12D-A159-09	0	7	36	6	10	4	7	10
TCGA-E2-A2P6-01A-11D-A19Y-09	105	33	0	20	9	5	0	17
TCGA-E2-A56Z-01A-12D-A29N-09	2	0	5	16	14	7	6	7
TCGA-E2-A570-01A-11D-A29N-09	0	1	9	13	0	0	0	7
TCGA-E2-A572-01A-13D-A31U-09	1	1	10	10	6	0	0	0
TCGA-E2-A573-01A-11D-A29N-09	0	7	24	10	14	4	14	4
TCGA-E2-A574-01A-11D-A29N-09	36	41	28	23	1	11	3	13
TCGA-E2-A576-01A-11D-A31U-09	1	2	18	27	0	6	5	10
TCGA-E2-A9RU-01A-11D-A41F-09	16	9	12	34	15	14	0	8
TCGA-E9-A1N3-01A-12D-A159-09	0	3	8	3	8	2	7	3
TCGA-E9-A1N4-01A-11D-A14K-09	8	8	2	8	2	6	3	0
TCGA-E9-A1N5-01A-11D-A14G-09	14	3	8	0	13	2	3	5
TCGA-E9-A1N8-01A-11D-A142-09	4	3	10	0	9	6	4	0
TCGA-E9-A1N9-01A-11D-A14G-09	7	0	35	15	7	2	4	0
TCGA-E9-A1NA-01A-11D-A142-09	8	17	31	14	2	7	34	10
TCGA-E9-A1NC-01A-12W-A16L-09	11	3	126	0	55	0	27	11
TCGA-E9-A1ND-01A-11D-A142-09	10	13	23	20	26	0	18	5
TCGA-E9-A1NE-01A-21D-A14K-09	3	2	29	4	6	3	6	6
TCGA-E9-A1NF-01A-11D-A14G-09	19	0	12	9	0	5	7	8
TCGA-E9-A1NG-01A-21D-A14K-09	1	0	2	4	0	1	8	7
TCGA-E9-A1NH-01A-11D-A14G-09	1	1	15	8	3	1	0	4
TCGA-E9-A1NI-01A-11W-A16H-09	1	0	101	3	27	0	23	8
TCGA-E9-A1QZ-01A-21D-A167-09	0	0	0	7	2	0	13	1
TCGA-E9-A1R0-01A-22D-A16D-09	7	5	1	14	0	4	3	7
TCGA-E9-A1R2-01A-11D-A14G-09	2	16	2	4	11	2	19	5
TCGA-E9-A1R3-01A-31D-A14K-09	5	0	1	4	4	2	8	3
TCGA-E9-A1R4-01A-21D-A14G-09	48	36	11	9	7	7	22	11
TCGA-E9-A1R5-01A-11D-A14K-09	4	2	11	14	0	5	9	3
TCGA-E9-A1R6-01A-11D-A14G-09	1	1	1	12	2	9	10	3
TCGA-E9-A1R7-01A-11D-A14K-09	10	2	11	9	7	0	10	10
TCGA-E9-A1RA-01A-11D-A14G-09	6	0	9	6	0	1	2	4
TCGA-E9-A1RB-01A-11D-A17G-09	0	0	0	7	15	1	10	6
TCGA-E9-A1RC-01A-11D-A159-09	1	1	7	19	7	4	12	3
TCGA-E9-A1RD-01A-11D-A159-09	6	1	1	5	3	0	5	3
TCGA-E9-A1RE-01A-11D-A159-09	3	1	5	21	15	4	6	9
TCGA-E9-A1RF-01A-11D-A159-09	6	18	59	26	7	5	36	15
TCGA-E9-A1RG-01A-11D-A14G-09	4	3	19	7	7	1	0	1
TCGA-E9-A1RH-01A-21D-A167-09	8	12	16	24	12	8	17	18
TCGA-E9-A1RI-01A-11D-A167-09	5	0	0	4	6	1	5	3
TCGA-E9-A226-01A-21D-A159-09	12	25	10	11	0	10	0	4
TCGA-E9-A227-01A-11D-A159-09	1	2	5	1	0	1	4	4
TCGA-E9-A228-01A-31D-A159-09	12	5	0	22	3	0	8	3
TCGA-E9-A229-01A-31D-A17G-09	2	5	0	13	4	2	2	4
TCGA-E9-A22A-01A-11D-A159-09	8	5	14	6	0	0	4	0
TCGA-E9-A22B-01A-11D-A159-09	10	4	27	23	0	2	1	8
TCGA-E9-A22D-01A-11D-A159-09	1	2	0	14	5	9	0	1
TCGA-E9-A22E-01A-11D-A159-09	13	28	56	10	8	1	29	6
TCGA-E9-A22G-01A-11D-A159-09	1	9	41	0	27	3	30	7
TCGA-E9-A22H-01A-11D-A159-09	2	0	5	13	0	1	2	4
TCGA-E9-A243-01A-21D-A167-09	6	12	30	3	17	2	10	7
TCGA-E9-A244-01A-11D-A167-09	2	6	38	24	15	0	26	12
TCGA-E9-A245-01A-22D-A16D-09	2	0	16	0	1	2	8	6
TCGA-E9-A247-01A-11D-A167-09	0	7	1	19	21	3	7	2
TCGA-E9-A248-01A-11D-A167-09	4	1	0	12	8	0	0	0
TCGA-E9-A249-01A-11D-A167-09	1	0	0	8	7	2	9	0
TCGA-E9-A24A-01A-11D-A167-09	0	0	12	7	0	5	1	0
TCGA-E9-A295-01A-11D-A16D-09	4	5	7	34	0	11	34	6
TCGA-E9-A2JS-01A-11D-A17W-09	4	1	0	38	0	10	27	6
TCGA-E9-A2JT-01A-22D-A18P-09	12	7	0	0	2	2	1	0
TCGA-E9-A3HO-01A-11D-A20S-09	3	8	21	3	8	0	16	14
TCGA-E9-A3QA-01A-61D-A228-09	14	20	3	2	4	0	26	9
TCGA-E9-A3X8-01A-31D-A22X-09	3	8	3	9	0	0	10	8
TCGA-E9-A54Y-01A-11D-A25Q-09	10	0	5	15	3	3	14	6
TCGA-E9-A5FK-01A-11D-A27P-09	1	2	6	9	1	3	4	8
TCGA-E9-A5FL-01A-11D-A27P-09	6	22	29	8	18	9	30	17
TCGA-E9-A5UO-01A-11D-A28B-09	1	0	0	14	4	0	9	9
TCGA-E9-A6HE-01A-11D-A31U-09	1	0	0	12	3	2	0	6
TCGA-EW-A1IW-01A-11D-A13L-09	53	26	0	21	3	0	7	9
TCGA-EW-A1IX-01A-12D-A142-09	16	16	0	0	4	0	9	5
TCGA-EW-A1IY-01A-11D-A188-09	12	2	0	5	1	11	5	5
TCGA-EW-A1IZ-01A-11D-A188-09	10	0	0	135	206	27	11	47
TCGA-EW-A1J1-01A-11D-A188-09	0	0	3	7	2	4	9	0
TCGA-EW-A1J2-01A-21D-A13L-09	4	0	12	14	0	5	2	2
TCGA-EW-A1J3-01A-11D-A13L-09	2	0	15	6	2	0	0	5
TCGA-EW-A1J5-01A-11D-A13L-09	309	207	0	3	0	4	0	2
TCGA-EW-A1J6-01A-11D-A188-09	4	0	3	13	0	0	20	7
TCGA-EW-A1OV-01A-11D-A142-09	89	38	0	8	2	0	3	3
TCGA-EW-A1OX-01A-11D-A142-09	2	8	8	3	11	1	4	0
TCGA-EW-A1OY-01A-11D-A142-09	6	4	19	28	5	4	4	8
TCGA-EW-A1OZ-01A-11D-A142-09	8	5	11	27	4	1	14	5
TCGA-EW-A1P0-01A-11D-A142-09	0	1	11	1	3	0	5	5
TCGA-EW-A1P1-01A-31D-A14G-09	0	1	15	0	5	2	4	2
TCGA-EW-A1P3-01A-11D-A142-09	3	0	10	9	0	0	4	6
TCGA-EW-A1P4-01A-21D-A142-09	0	12	35	8	14	4	4	4
TCGA-EW-A1P5-01A-11D-A142-09	0	2	0	14	4	1	3	2
TCGA-EW-A1P6-01A-11D-A142-09	1	0	11	9	1	1	2	6
TCGA-EW-A1P7-01A-21D-A142-09	0	0	10	1	5	0	5	2
TCGA-EW-A1P8-01A-11D-A142-09	2	6	19	6	8	3	3	6
TCGA-EW-A1PA-01A-11D-A142-09	7	2	14	6	0	7	11	3
TCGA-EW-A1PB-01A-11D-A142-09	30	65	31	6	0	2	23	16
TCGA-EW-A1PD-01A-11D-A142-09	8	15	34	2	6	0	17	12
TCGA-EW-A1PE-01A-11D-A142-09	10	0	0	7	10	2	11	0
TCGA-EW-A1PG-01A-11D-A142-09	1	0	5	3	0	5	3	0
TCGA-EW-A1PH-01A-11D-A14K-09	2	4	21	19	4	6	2	2
TCGA-EW-A2FR-01A-11D-A21Q-09	8	9	12	15	0	1	3	6
TCGA-EW-A2FS-01A-11D-A17D-09	0	4	5	10	6	2	11	9
TCGA-EW-A2FV-01A-11D-A17D-09	2	0	0	9	4	5	12	7
TCGA-EW-A2FW-01A-11D-A17D-09	4	0	0	14	2	0	4	1
TCGA-EW-A423-01A-11D-A243-09	10	13	0	27	3	3	3	20
TCGA-EW-A6S9-01A-22D-A33E-09	0	1	6	10	1	3	2	5
TCGA-EW-A6SA-01A-21D-A32I-09	9	8	0	22	28	8	24	17
TCGA-EW-A6SB-01A-12D-A32I-09	5	4	25	25	7	4	6	5
TCGA-EW-A6SC-01A-12D-A32I-09	7	0	2	8	7	0	5	6
TCGA-EW-A6SD-01A-12D-A33E-09	22	18	0	10	15	1	8	0
TCGA-GI-A2C8-01A-11D-A16D-09	4	17	31	18	17	2	40	13
TCGA-GM-A2D9-01A-11D-A18P-09	354	204	4	16	0	7	0	21
TCGA-GM-A2DA-01A-11D-A18P-09	5	5	5	11	3	6	5	2
TCGA-GM-A2DB-01A-31D-A19Y-09	4	7	52	25	1	7	26	8
TCGA-GM-A2DC-01A-11D-A18P-09	0	0	5	19	0	0	1	2
TCGA-GM-A2DD-01A-11D-A17W-09	2	3	26	8	18	2	6	7
TCGA-GM-A2DF-01A-11D-A17W-09	3	6	13	15	1	2	0	12
TCGA-GM-A2DH-01A-11D-A17W-09	37	87	17	9	5	8	34	27
TCGA-GM-A2DI-01A-31D-A18P-09	39	23	0	6	0	7	0	2
TCGA-GM-A2DK-01A-21D-A17W-09	5	0	9	9	5	2	2	1
TCGA-GM-A2DL-01A-11D-A18P-09	9	4	7	9	0	7	14	4
TCGA-GM-A2DM-01A-11D-A17W-09	2	0	8	0	6	4	5	0
TCGA-GM-A2DN-01A-11D-A17W-09	3	0	4	5	3	0	7	1
TCGA-GM-A2DO-01A-11D-A19Y-09	106	89	0	0	4	13	0	14
TCGA-GM-A3NW-01A-21D-A228-09	33	21	16	19	0	2	0	7
TCGA-GM-A3XL-01A-11D-A22X-09	11	42	69	10	6	0	3	10
TCGA-GM-A4E0-01A-12D-A25Q-09	0	0	0	11	5	5	18	1
TCGA-GM-A5PV-01A-11D-A28B-09	11	0	16	5	3	2	6	0
TCGA-GM-A5PX-01A-12D-A28B-09	7	3	3	12	2	1	5	8
TCGA-HN-A2NL-01A-11D-A18P-09	0	7	27	13	7	3	29	8
TCGA-HN-A2OB-01A-21D-A27P-09	2	1	1	5	5	1	5	1
TCGA-JL-A3YX-01A-11D-A22X-09	16	5	0	10	8	0	6	3
TCGA-LD-A66U-01A-11D-A31U-09	1	0	1	10	10	2	6	8
TCGA-LD-A74U-01A-13D-A33E-09	195	94	24	26	0	1	0	11
TCGA-LD-A7W5-01A-22D-A351-09	9	5	6	19	9	5	0	6
TCGA-LD-A7W6-01A-81D-A351-09	5	0	22	12	1	0	1	8
TCGA-LD-A9QF-01A-32D-A41F-09	0	0	9	18	3	3	0	1
TCGA-LL-A440-01A-11D-A243-09	1	0	0	4	0	0	6	2
TCGA-LL-A50Y-01A-11D-A25Q-09	3	0	12	13	13	0	3	4
TCGA-LL-A5YL-01A-12D-A29N-09	27	7	4	21	0	12	8	14
TCGA-LL-A5YM-01A-11D-A28B-09	2	3	2	11	5	0	4	8
TCGA-LL-A5YN-01A-11D-A28B-09	1	0	2	8	4	2	12	10
TCGA-LL-A5YO-01A-21D-A28B-09	3	13	29	0	4	1	5	3
TCGA-LL-A5YP-01A-21D-A28B-09	8	4	25	1	12	5	30	17
TCGA-LL-A6FP-01A-11D-A31U-09	15	2	3	10	9	11	17	14
TCGA-LL-A6FQ-01A-11D-A31U-09	5	0	0	25	9	3	9	12
TCGA-LL-A6FR-01A-12D-A31U-09	1	4	15	10	10	4	0	3
TCGA-LL-A73Y-01A-11D-A33E-09	39	96	13	4	21	10	0	3
TCGA-LL-A73Z-01A-11D-A32I-09	2	0	19	11	4	0	10	14
TCGA-LL-A740-01A-21D-A32I-09	7	0	12	17	6	2	11	14
TCGA-LL-A7SZ-01A-32D-A351-09	7	0	9	18	17	5	5	0
TCGA-LL-A7T0-01A-31D-A351-09	6	5	0	22	16	7	16	2
TCGA-LL-A8F5-01A-11D-A36J-09	5	11	86	18	21	5	32	31
TCGA-LL-A9Q3-01A-11D-A41F-09	11	0	8	23	12	4	8	3
TCGA-OK-A5Q2-01A-11D-A27P-09	7	1	0	15	2	11	3	2
TCGA-OL-A5D6-01A-21D-A27P-09	7	0	20	16	0	4	3	6
TCGA-OL-A5D7-01A-11D-A27P-09	5	9	23	12	5	0	9	11
TCGA-OL-A5D8-01A-11D-A27P-09	3	1	8	13	6	0	2	2
TCGA-OL-A5DA-01A-11D-A27P-09	34	32	0	14	1	10	6	9
TCGA-OL-A5RU-01A-11D-A28B-09	1	1	10	16	3	0	3	8
TCGA-OL-A5RV-01A-12D-A28B-09	0	0	3	10	1	0	3	3
TCGA-OL-A5RW-01A-11D-A28B-09	44	87	61	0	26	1	16	18
TCGA-OL-A5RX-01A-11D-A28B-09	1	2	0	12	14	0	4	1
TCGA-OL-A5RY-01A-21D-A28B-09	1	2	0	5	4	2	1	2
TCGA-OL-A5RZ-01A-11D-A28B-09	17	8	0	40	11	12	44	4
TCGA-OL-A5S0-01A-11D-A28B-09	4	3	4	18	6	2	1	8
TCGA-OL-A66H-01A-11D-A29N-09	0	0	4	5	5	0	8	4
TCGA-OL-A66I-01A-21D-A29N-09	3	3	18	12	1	2	6	6
TCGA-OL-A66J-01A-11D-A29N-09	10	1	12	23	8	1	4	10
TCGA-OL-A66K-01A-11D-A29N-09	2	1	7	17	10	0	3	7
TCGA-OL-A66L-01A-12D-A31U-09	52	21	0	9	7	3	0	0
TCGA-OL-A66N-01A-12D-A31U-09	4	0	12	26	2	2	4	5
TCGA-OL-A66O-01A-11D-A31U-09	0	2	0	11	5	0	8	4
TCGA-OL-A66P-01A-11D-A31U-09	5	0	44	10	18	7	18	7
TCGA-OL-A6VO-01A-12D-A33E-09	1	1	13	14	2	0	0	2
TCGA-OL-A6VQ-01A-12D-A41F-09	28	8	0	10	0	4	42	3
TCGA-OL-A6VR-01A-32D-A33E-09	1	0	0	5	5	2	0	0
TCGA-OL-A97C-01A-32D-A41F-09	1	0	27	13	12	1	7	10
TCGA-PE-A5DC-01A-12D-A27P-09	8	8	51	19	14	1	31	15
TCGA-PE-A5DD-01A-12D-A27P-09	28	10	2	16	3	4	11	6
TCGA-PE-A5DE-01A-11D-A27P-09	393	178	13	10	0	58	0	30
TCGA-PL-A8LV-01A-21D-A41F-09	16	24	67	5	13	6	8	9
TCGA-PL-A8LX-01A-11D-A41F-09	1	0	6	13	21	0	2	3
TCGA-PL-A8LY-01A-11D-A41F-09	0	0	1	2	1	0	4	0
TCGA-PL-A8LZ-01A-31D-A36J-09	16	0	15	8	9	8	55	21
TCGA-S3-A6ZF-01A-32D-A32I-09	4	2	7	27	0	0	3	5
TCGA-S3-A6ZG-01A-22D-A32I-09	4	0	12	18	6	7	0	8
TCGA-S3-A6ZH-01A-22D-A32I-09	3	0	5	15	8	5	4	2
TCGA-S3-AA0Z-01A-11D-A41F-09	13	10	5	18	8	0	15	10
TCGA-S3-AA10-01A-21D-A41F-09	9	14	41	9	12	0	79	17
TCGA-S3-AA11-01A-31D-A41F-09	2	1	18	2	11	8	37	13
TCGA-S3-AA12-01A-11D-A41F-09	4	1	13	18	0	2	13	7
TCGA-S3-AA14-01A-11D-A41F-09	4	3	6	12	0	0	0	1
TCGA-S3-AA15-01A-11D-A41F-09	12	20	5	1	6	6	5	1
TCGA-S3-AA17-01A-11D-A41F-09	9	11	44	18	16	10	32	15
TCGA-UL-AAZ6-01A-11D-A41F-09	14	10	24	11	31	3	29	17
TCGA-UU-A93S-01A-21D-A41F-09	13	13	37	17	19	5	65	32
TCGA-V7-A7HQ-01A-11D-A33E-09	1	6	9	3	2	1	4	5
TCGA-W8-A86G-01A-21D-A36J-09	2	2	2	13	2	0	3	9
TCGA-WT-AB41-01A-11D-A41F-09	26	0	0	14	7	0	3	10
TCGA-WT-AB44-01A-11D-A41F-09	0	0	2	23	9	3	9	9
TCGA-XX-A899-01A-11D-A36J-09	13	10	0	3	1	12	8	6
TCGA-XX-A89A-01A-11D-A36J-09	75	115	24	18	0	11	0	7
TCGA-Z7-A8R5-01A-42D-A41F-09	0	0	0	26	2	0	5	2
TCGA-Z7-A8R6-01A-11D-A41F-09	38	18	0	12	15	7	0	12
