MutationType	SBS96A	SBS96B	SBS96C	SBS96D	SBS96E	SBS96F	SBS96G	SBS96H	SBS96I	SBS96J	SBS96K	SBS96L	SBS96M
A[C>A]A	0.00011164975428000118	0.000989414756012022	0.008481201464048993	0.00028557460398108154	0.00011288085340294174	0.025355968182874524	0.00016839692374271632	0.008258311962658745	0.0014673151162481483	0.01118890292107615	0.008785090765265721	0.023708138917166218	0.036478768987564594
A[C>A]C	0.00023254167213356526	0.00016063382516040236	0.010537467535997564	0.0023345697229799115	0.0011475846448121046	0.03423892434826476	0.0012369873152523283	0.010863955449769131	0.0006890163772009085	0.013961453835887976	0.024348439113176284	0.010901631093942005	0.03995617205151329
A[C>A]G	3.058099438910844e-05	5.889653546441424e-05	0.003406848986037119	0.0011001341305467377	0.00028744725160578354	0.007949086017235292	0.00040287177051851587	0.004694277277169057	0.0006979745866921334	0.005541872326568657	0.0059882927677043655	0.005786349996054941	0.012466501860593936
A[C>A]T	6.280772449827055e-07	2.312725210826727e-05	0.00514002524283083	0.0004724702856501608	0.0018931180505430518	0.010401188473399785	0.004818229771067536	0.003646073106675825	0.0010066506413433333	0.015435397597247743	0.005947138126107582	0.01669456687728839	0.03450598684843834
A[C>G]A	0.00035598140470508125	0.0027433458461763715	0.0042180752606646044	5.9029367623192996e-05	0.00030687264858170817	0.005747750314632967	0.0006164690624041782	0.0037748522685276224	0.0012646956593047264	0.0037712922340836456	0.044152861073477254	0.006943405299264109	0.0028909395626372856
A[C>G]C	0.0004540988652787602	0.0018120101001246097	0.0043655793305037065	0.000310880877289998	0.0004064004681924596	0.00642854376005249	5.30558753764474e-05	0.006185703917355598	0.0025763178404807265	0.0036350614593893484	0.03687711334473159	0.006785153323960081	0.005007498796651646
A[C>G]G	1.0119368415644203e-06	0.0008474528551741904	0.0024535735615878176	3.643316150670678e-05	0.0004577224532911028	0.0034564473574817266	8.764381364858709e-05	0.0012585398114532988	3.0630706928680866e-05	0.0014869270672693115	0.026022404292172268	0.005035020712294013	0.0017172899728633909
A[C>G]T	2.870424105912406e-05	0.0035025357364578866	0.004695168806850034	2.1522860719238174e-05	0.0005924883369316218	0.003219390391843717	7.464245467158576e-05	0.0031275230576601133	0.002411596748370982	0.004108864526167927	0.048954682367662435	0.010355468260489296	0.0009305272927884545
A[C>T]A	0.00414205187007844	0.0011569857882239116	0.01580607344176457	0.0057797676379214465	0.004763412381193796	0.008973831565679253	0.0008268419524627047	0.013641592896553817	0.08485306827578071	0.006337675755117445	0.01177054138429725	0.009776738613744153	0.0023477182184794333
A[C>T]C	4.270232039468486e-05	0.00010079820796663341	0.014447087553434941	0.004547473554385401	0.009964439542823071	0.012351333969107729	0.00268390750471168	0.007370031770440662	0.07425192264521184	0.008542153201718295	0.002085743843542235	0.010467468643252374	0.00022590444349460448
A[C>T]G	0.0003860871796849753	0.002284666932439438	0.01091373361400041	0.24148400578290172	0.01130376282951366	0.18532620836891675	0.006898195565516369	0.004384594185723406	0.0030652725259501874	0.017189091310775437	0.010190889765042602	0.004923805102110347	0.0035921907376926256
A[C>T]T	4.822391984437324e-05	0.00021542909160737644	0.002630209566555986	3.7967647725743346e-05	0.0023239026073226636	0.0025618377459944537	0.003908945162463326	0.009108028877218592	0.08957359109172984	0.005588129562745717	0.005055563631070534	0.0029984362031446263	0.0002461969030099169
A[T>A]A	7.351441383889323e-07	5.340147807551432e-05	0.0030169226356993343	0.0004793927230249655	0.0038489781909642603	0.006515149237538445	0.0005674545095351533	0.0029393038120789326	0.00034788710812550503	0.0040236746222147984	0.00852305982721173	0.009471141156377762	0.0010044647711635122
A[T>A]C	0.00038808256599272994	0.0001897857034418565	0.006050891771069935	0.004376042632635122	0.004437142162566715	0.016112483610554115	0.00017577119723759623	0.006688914026579369	0.0009018146826422111	0.005820505889377074	0.008623070629247224	0.00848144586077769	0.0051477303044096204
A[T>A]G	0.0003475840051127488	7.679678741116402e-05	0.0051625982191322774	0.0008958516398069964	0.0004728839454816265	0.023736897593226645	4.365585361254931e-05	0.007126992134672593	0.001278881569642408	0.007663348235059422	0.0037030388723071762	0.021165056388702495	0.005615759667460011
A[T>A]T	2.041041362360829e-05	0.00010673170899630832	0.003696704804284167	0.0011497707794135587	0.012611745417467546	0.0069661643755143665	0.00127370834687852	0.0038260682784481332	0.002693407531498053	0.0053069109453279	0.002461993155739931	0.019174207065916896	6.552488381969113e-05
A[T>C]A	1.858606473774671e-05	5.033764236600291e-05	0.012244340533911689	0.005369555476684649	0.03861471910569446	0.018083794921077114	0.0006531184534752868	0.005623952894689509	0.0025656049285470834	0.011030371770840713	0.004061228721280429	0.018081176330464417	0.0010227593838701026
A[T>C]C	5.5929466560826316e-05	0.00021365167340945846	0.005049995082631689	0.001018848608753899	0.02723857686896798	0.008387471667715982	0.0015965384224397212	0.0032974426466304296	0.0036043812672225785	0.007959871686552305	0.007653014658324684	0.010156369437693527	0.0016192664029116486
A[T>C]G	3.660038080085926e-05	8.369208048810961e-05	0.009749882758886172	0.013762517039107401	0.05742838651791271	0.025573881218885156	0.0002244733305581974	0.005477200870194373	0.00042021195434071597	0.00787468041873484	0.008920898032815842	0.010709869723129505	0.0020725262912826723
A[T>C]T	0.00010020323840132326	0.000207268930243222	0.01148449202226849	0.016655248800654533	0.006555615795162087	0.025958229246253767	0.002631594945145707	0.008372293638047779	0.0009610184683679114	0.011261594764205853	0.011342061760110553	0.02402758601952714	0.0012534508216401861
A[T>G]A	0.0001533105851623091	0.0001592489688433188	0.001507302478419021	7.059278780586592e-05	0.0001324051139797575	0.0032382945129516543	0.000500292389090216	0.0018072754877450608	0.0032254785659778804	0.0026122744090170597	0.002672122131735303	0.011312929396997745	0.00036797727429430436
A[T>G]C	1.2073283468758689e-05	0.0002759737168276004	0.0024052361705007856	0.0006455283263841204	0.0014862504599569206	0.0037062796084645342	0.0016091425646401092	0.0021153372635378106	0.0006374089627775206	0.003148914629500247	0.005656120133803611	0.01098322804870968	0.000500648873583259
A[T>G]G	5.098155842045739e-05	8.314950062918402e-05	0.0021690172236916963	6.25565588858592e-05	0.00032257020301716465	0.004455834224695031	0.00023617964802731705	0.0020005948058456225	0.00014510063447775146	0.0036825842068830853	0.01105348075646998	0.012196590281429089	0.003347995611993202
A[T>G]T	2.0440935661222167e-05	4.5119376279529885e-06	0.0023990457124358467	0.00036291685217281156	0.0016000320444625516	0.004274105168239238	0.003950156840675053	0.0022001050047705134	3.489744263304217e-05	0.007405207037335487	0.002046060330281849	0.011405745136375288	0.0007409225524859693
C[C>A]A	0.00016585057648797378	0.0017262190862249302	0.004860107833049803	0.0001504547811248642	0.009172799866397326	0.0037091316755267483	0.0014962280642662337	0.0028599320902860086	0.0010082853165311718	0.006217151158270665	0.01196290043867151	0.0028499263044317025	0.11687745761685073
C[C>A]C	3.786609326323622e-05	0.0004925751291717968	0.013514662049706118	0.0020115354055684803	0.016679037376855034	0.006459598466250725	0.0004030046158686673	0.0026727752249316337	0.00342578125188151	0.010207833543917168	0.021139229245159815	0.007922150756321513	0.051772143539000864
C[C>A]G	0.00016761817706945558	0.00019171298966047295	0.003958398318996588	0.0008249202315519066	0.007548954698840916	0.0027138090873983726	0.00043406881267317487	0.0016980512021389984	0.0002549948880035231	0.0042519794279989465	0.0029912076105175285	0.0018019253336304538	0.04357470027267664
C[C>A]T	8.499985692347423e-05	0.0004412862654649128	0.020620715215764904	0.0009765714457237564	0.055276626268620316	0.0018107193498889274	0.007308047427682652	0.0007643268532175972	0.002774226813064587	0.017571540776381296	0.00024164469961512224	5.936095168812727e-05	0.04958801914421912
C[C>G]A	0.0005226444993672317	0.006316839128068295	0.006718866840434671	1.2673509548797313e-05	0.0001489429152840529	0.006361437127327523	5.503435685509951e-05	0.0027334283252703814	2.7016466833860164e-06	0.0037661183601995704	0.037612516596388035	0.007323343114088701	0.0021025535680667317
C[C>G]C	0.0001838783654565864	0.0006197831090144774	0.001979478853875293	9.269957306135401e-05	1.8228602272074567e-10	0.006187758854422883	5.366769312509234e-09	0.003632667512966421	1.6730570065792703e-08	0.002023422080207708	0.04849832410993693	0.004741049525516751	0.003334128285338435
C[C>G]G	1.032934724378265e-05	0.00022261680844596298	0.0035805328960106923	0.0037067052845758466	0.00017117413615372283	0.008143989414742151	0.00021922208050526848	0.0039015516605378606	0.00032156259911622696	0.0028021095907153643	0.02856103974496083	0.003861209640570948	0.002400613090342393
C[C>G]T	0.00022117682993171977	0.007190041174237981	0.003574326621978969	1.785382043827299e-05	0.00025918666507581913	0.002970246684595656	8.365182690691153e-05	0.0018469216695758278	6.393693343710538e-06	0.0029256165484434033	0.07247148719483411	0.004143905981043926	0.004260489364716353
C[C>T]A	0.01180691537103976	0.004402527773430722	0.020550116611123527	0.004334087492252728	0.00035317748366989844	0.01533824779266615	0.0004992016798539973	0.05073033896591936	0.08263066287382582	0.010668665221239519	0.01263288568563539	0.009290763825260938	0.0027106299987815275
C[C>T]C	0.0010507313294715033	0.0011925719268339673	0.012515294143030136	0.004741132163482978	0.0019269493360739732	0.014850136755757347	0.0005128147695323741	0.01773565736889835	0.09684944536503855	0.012872081822287782	0.00303146513550094	0.011327396089319307	0.0034019652474007764
C[C>T]G	0.005677841823814814	0.0002499572907286093	0.012066578670849357	0.2651561846697181	0.004151539812983466	0.06333356068216639	0.012074568800082848	0.025382508448938034	0.017795073193642545	0.01449717087618088	0.009605437796218398	0.0061048697519017255	0.0030358939426724596
C[C>T]T	0.0013830902048971262	0.0035370223355912626	0.011006872746946367	0.00013986290809814506	0.0018290025061573373	0.015857980719139346	0.003472364316177064	0.032328662780325	0.12644251793643446	0.011373593245394241	0.00473382534014885	0.01213975905734454	0.00046626956501239294
C[T>A]A	1.6514750916140742e-05	0.00028429485399981757	0.0009787716341406562	3.904895299716883e-05	0.0021929581919591756	0.0037398236695576834	3.8023728521352497e-10	0.001121013902117781	3.9581473277650046e-08	0.002610839937009732	0.005585036452460748	0.01231442514974374	0.0004972673120718494
C[T>A]C	7.61832475129482e-05	0.00025658423945352056	0.004004577841895002	0.00012172491381370776	0.005080229649509192	0.006153503453850845	0.0003042096628882904	0.005900505476160819	0.0007153457981210351	0.00593795031508057	0.01466034740266897	0.02321108474641915	0.004048721376209626
C[T>A]G	0.00029958723252817724	0.00011434126287223373	0.005635780416941441	0.0006774071650408259	0.0026251774076441726	0.00891495706011515	5.980668377617349e-05	0.004902717871151416	0.00041190579675697594	0.006854923692789697	0.014308317437469832	0.046890244508753974	0.009547294147453733
C[T>A]T	1.3368251895000682e-05	3.0916513753975384e-05	0.0030074223321273196	0.0004854962132596169	0.0011071247718795973	0.009353066275612523	0.0004924257873604888	0.0037651256946036327	4.0136141255179696e-05	0.004658277210051459	0.023298283003639574	0.01576226529883041	0.006325489502973682
C[T>C]A	4.34258556755413e-05	7.161337625486652e-05	0.0036381834237611	0.00032754326769608613	0.03149964948771407	0.0039583725181199176	7.549374113710883e-05	0.0016724178420847106	0.0001853606216486341	0.0033743400819708854	0.002375827423800037	0.008950855646058983	0.0007111972326852125
C[T>C]C	0.00016355625566495346	0.0001938499995310412	0.004835393826304005	0.00016937922597105276	0.028040392955248534	0.00720474025205381	8.822754448487552e-05	0.0035735822297239678	2.315338857233229e-05	0.00630110334181839	0.00964925926228877	0.030128835041186307	0.0026877355467837703
C[T>C]G	0.00012603678553801433	6.912712358346126e-05	0.005272973488183068	0.0002976400724980251	0.09642802118618284	0.0033055211144320446	9.865255593923905e-05	0.0008327262962048591	0.00025651215742902877	0.00332160750225424	0.004982816011140431	0.001846128907414176	7.4994528225848925e-06
C[T>C]T	9.739965988148926e-05	0.00036035281010404047	0.005428695947155728	0.00048479390263357993	0.027038578990234298	0.009796461949234725	0.0006697866886779726	0.004466692521943727	0.003335688964230725	0.007412990301094913	0.00841274844466329	0.027879203240160164	0.0006006867088858128
C[T>G]A	4.5783046687120074e-11	2.5047317596545328e-05	0.0011498488458529224	0.0002466555535153958	0.0003025864635774553	0.0027874648554847407	0.0008872314945756728	0.0013449418445335938	6.4470105663963494e-06	0.002986310485050325	0.005502100219638114	0.00444247181323361	0.0013199528196084387
C[T>G]C	5.813379844778499e-05	6.143222792519554e-05	0.003164177282832769	0.0006663729061962782	0.010063204681446223	0.007631632986968212	0.0010604894329650802	0.0023785951026382684	4.1822013910859823e-05	0.003719601917259686	0.005809387528551099	0.008506794701538575	0.002080828682820311
C[T>G]G	0.0	0.00011876804738944102	0.002054318831840021	0.0001300709231268673	0.009019655556614452	0.004933958992460706	0.001399055925340619	0.0025778566674813704	1.1914489311095622e-05	0.003878899443448546	0.02536245985997013	0.0073289817374677215	0.0014276493736572534
C[T>G]T	2.075272329022937e-06	0.0003157562084726777	0.0038772051793938686	0.0007516977530146145	0.009192311855133369	0.009167655947630606	0.005456250400019144	0.004547900295211534	1.9480868197248922e-05	0.01478676422196667	0.009529496516390481	0.011626710019474068	0.004401617171221275
G[C>A]A	0.00015764035441900807	0.0001246746091661467	0.011903439634517076	0.0017442057358171988	2.1996832236823138e-05	0.033176657602388034	0.0011014728506448252	0.008412624114083883	0.003557498902695528	0.01760169966848176	0.00401412141514993	0.017303524379753372	0.054228175088454615
G[C>A]C	1.7393671298311374e-06	8.167724014719369e-05	0.0016769575275317466	0.0001873434895644781	0.0007766650538222706	0.001229299223379991	0.0011295664613081122	0.0006880312119699756	0.00044057795713902856	0.003874188889692516	0.0044387225515284765	0.0008189882837450793	0.12694016763014412
G[C>A]G	1.642898935356385e-05	1.9699051074510975e-06	0.0020492250297422334	0.0029063674171499513	0.00017145623709681373	0.0058233856006979735	0.00012393422977809366	0.0017362411302836987	0.0007770732890434023	0.0038461448669192756	0.0007131778623893801	0.0018261067421269728	0.03777562914822221
G[C>A]T	5.337274198209756e-05	0.00015039048787452103	0.006081710164840711	0.0005446845789382628	0.003520977245156217	0.012093933035048422	0.004228965788696257	0.003629253655951447	0.0017221203429932928	0.016057125649200095	0.0031570579733245082	0.008796653016446604	0.08052587474095796
G[C>G]A	0.0005945877899279993	0.0014339926469002192	0.004180471902360367	2.9501070644824877e-05	8.223048265570298e-05	0.005533705924548331	7.696162715948419e-05	0.0034585536202082984	5.9421027030484905e-05	0.002843892937569569	0.023326374713101814	0.010825199397648845	0.002970979108853726
G[C>G]C	0.00020226874617814162	0.0002549367725586087	0.0049043147499038325	0.0004759729508731532	0.0043266055542635655	0.006224494676537873	6.25571041606463e-05	0.0030901353995972905	0.0005356410188373677	0.0061669143935064825	0.021591437027278858	0.02148183336764461	0.000958562386796908
G[C>G]G	0.00018910179644786852	0.00044350308289101413	0.002022751939702629	8.712449930914267e-05	0.00020774587507562493	0.00441522157725447	4.285034109734909e-06	0.0018445303912978472	3.442581774646491e-05	0.0019147487842666707	0.01423604910534412	0.006462212132439333	0.001865737073628889
G[C>G]T	0.00013989449994126547	0.002271652583515607	0.004620015854466725	0.0004664321571538057	0.0007009762666838286	0.005530552628438038	8.834627011417063e-05	0.003089089194020768	4.796647617218142e-05	0.0025729971339512226	0.050313836871134825	0.0038347638809834435	0.005362348353457488
G[C>T]A	0.0013607834370121107	0.0060892718537253485	0.04187964241836675	0.004759707619685827	0.02648730792300401	0.011010904369218722	0.0007207602640856909	0.011946541051840513	0.08472446330605453	0.01189493770771304	0.0029527139258072486	0.00421376618836642	0.0011623695225743966
G[C>T]C	0.0009786298961798354	0.0015941276703973944	0.05758334548034939	0.003768729652323238	0.04623880615755912	0.006121973735384732	0.009456888368421786	0.005493428599060813	0.08569723008937812	0.021422760573175034	0.0013342964765272428	0.00045992820117939104	0.0005413315137362006
G[C>T]G	0.00021412959507653668	0.0022799611507549715	0.03586048214734137	0.3101620692962679	0.0397940457082765	0.021996698783765086	0.019115690326405435	0.006031528249977015	0.010872558432180398	0.022593558601472417	0.0027946606879423524	0.003337174432364357	0.0024390086495499224
G[C>T]T	0.00010904265363587239	0.0008881202420951084	0.02289681905750446	0.0018470766908968812	0.028985255382106175	0.0028254288344409673	0.010192824471313703	0.005682381564751998	0.10912237476010771	0.016157508330720594	0.0010730393528438924	0.00020318934974012848	0.0002970216951327807
G[T>A]A	0.00031533262644956614	0.0004093308539421914	0.0020341840032247448	0.00022814483859100626	0.003032953144377018	0.002659366421478598	2.2182846350915498e-08	0.001681916678598334	1.1554912016123353e-05	0.0024427869426756673	0.004899411319400901	0.009916569425023752	0.0004917685410812495
G[T>A]C	0.0006862729012995724	5.9516399638862236e-05	0.003514421420053495	0.0008871548298343283	0.003671127275434543	0.007464478877475216	0.00034261394732577877	0.003411199566881237	0.0010751997943005361	0.004254960299504774	0.009627405556297859	0.012916573945906977	0.0003672819887370036
G[T>A]G	5.0713993353293245e-05	0.00012121326481019583	0.0041239203524101025	7.963116370089196e-05	0.0011557298987101463	0.007428912863505232	1.6181942008586247e-09	0.00246608164852955	0.0006031988586888421	0.004949200049690603	0.007189010731024183	0.026883896150188675	0.0026177318746113515
G[T>A]T	3.31551971875399e-05	2.9203592989072825e-05	0.0024973098729109324	0.00033156057054475776	0.0010021520340640108	0.004585831889942988	0.0002506146037725917	0.0025793877261525607	0.0035498875511971164	0.004221323805678218	0.00867514128500974	0.011163464743510588	0.003097511342469225
G[T>C]A	3.9599860925818576e-06	1.7841114571975345e-05	0.0008136342134693141	8.481675594681615e-05	0.09518888450303621	0.0005051428787429705	0.00272831240264919	3.53045240018659e-05	0.00017472904742764285	0.003248640267426077	5.596977884364322e-07	0.0003926799079124073	1.5193218329857525e-08
G[T>C]C	1.1700264350395172e-05	3.1788578388613155e-05	0.005379672173507782	0.0012170192089017461	0.02974740068496021	0.007137664070848665	0.0021518858694672288	0.0031972465245068945	0.00019526845762720768	0.007649779467357689	0.0040851053015683245	0.01785059179456698	0.003282299260826079
G[T>C]G	6.114607599798241e-06	9.649533320299497e-05	0.0025573908219154403	0.00023697227703600135	0.06993189166612444	0.0013153261949368975	0.0015973135918624735	0.0005275399342668552	0.00012374008059148878	0.0031513684886106006	0.0015375873482767319	0.00417849376738203	0.0001878752290634456
G[T>C]T	5.751114577781913e-05	2.6884032053573038e-05	0.005532008399363265	0.0024673887820261093	0.051222372111638666	0.010369675436350517	0.0038118577030978712	0.005120743125054132	0.0012100926219718814	0.010134259204832822	0.0034068475291991218	0.009680240243791865	0.0015260722484209878
G[T>G]A	3.3209645544740595e-07	8.538004127774102e-05	0.0011011918423320453	4.422272239696545e-05	6.846939709195982e-05	0.0022712636557112517	4.975296178710842e-09	0.0009117491697527802	0.00048747231879302965	0.001464399139881758	0.0073123067686514534	0.008986930391262605	0.0004547729581488866
G[T>G]C	1.5759803243433624e-06	6.399783160304651e-08	0.0021865094453780076	0.00010517937414284972	0.0018325346667755298	0.0028097869440177055	0.0006750187530473898	0.0011828940509236148	0.00011854974077395985	0.002781222069179975	0.003989165165351617	0.013613118214408495	0.0023850377758970003
G[T>G]G	5.313776594414676e-06	3.1311866289880575e-05	0.002187522754554436	1.1711010470639494e-05	0.0002655533999781845	0.007026043711214989	0.00015985852835104987	0.0027122183032499054	0.003383232547218764	0.0033512433897474525	0.013586352114137454	0.020068974121842914	0.0016097035713967785
G[T>G]T	8.583672832518374e-10	1.2875221044872377e-09	0.0011892615263941586	1.9420229941802273e-05	0.004936192209469539	0.0025845273913581296	0.001131150605332266	0.0009234594353967936	1.2029302565611242e-08	0.0027600707033822117	0.0032724273327896787	0.012566196928413348	7.724199928289721e-05
T[C>A]A	0.015215546144978883	0.0501816334223158	0.022902852299011806	8.889558525434451e-05	1.1434194501532602e-05	0.009648251737042137	0.02483800877251308	0.013883641236998014	5.8086358157225956e-05	0.06466896341333346	0.002449586032452977	0.007468221146399394	0.03273892783636197
T[C>A]C	0.007319074155352433	0.02115404047988808	0.020839015885905855	0.0016650659933201263	0.0009789186032386102	0.013615238547536372	0.013244765685546346	0.013896324120910762	0.0003658350309788716	0.031181848710740655	0.005764930420631031	0.009397533995388492	0.0994262611433246
T[C>A]G	0.0064245285785019726	0.00236255385335771	0.005930928734938433	0.0017676814006091631	0.00010321230350726296	0.0075574202376476225	0.0034316057756951937	0.007759799609914326	1.957184489971553e-05	0.010942347596019517	0.001080011533524356	0.0022078807119840105	0.02846304448420399
T[C>A]T	1.0845697734246823e-05	0.009538451288735018	0.0005642451759244089	1.3733421008588223e-07	2.4021190414569504e-05	8.27528269628712e-06	0.1799048393146943	0.0001849991676665414	1.1782647545130475e-08	0.2057180995233877	1.2452114412137005e-06	2.538215680409905e-07	0.002619297346407553
T[C>G]A	0.0016803277745979638	0.20349382065966615	0.24632573890488518	1.5903087333981602e-06	3.638576886016334e-05	3.0205898680213393e-06	5.758936807631043e-05	0.0003884547298068135	6.968211201330288e-09	0.00011498194574523968	0.0002794762164007003	3.0177658124789396e-05	1.606807691262319e-06
T[C>G]C	0.0014162271054276962	0.10391356675598312	0.04898731791141192	1.7252021733234814e-05	6.166112554209846e-06	0.011807557903453671	6.845803735674494e-05	0.010756313703840628	0.0006028401490095519	0.00936869907662685	0.020648640555831457	0.006589929027973038	0.0033218109375281464
T[C>G]G	0.00033270578362843724	0.019946500857590366	0.028914487464184197	4.720039847997626e-05	0.0002515692676514752	0.003962378646952987	1.4402561427928617e-09	0.0034182584210694206	0.0004116973619280199	0.0019107984315556484	0.011613900307018867	0.0028377785412866965	0.0010350272821217398
T[C>G]T	0.0029614436070976974	0.4962362203896046	0.009859880040674616	8.140591169308996e-06	0.00023713275002784572	8.399596570700057e-05	6.954600225927976e-09	0.0008864417563069227	6.819101096517958e-07	0.0003022344581148566	0.001334068393916242	1.3228367869648009e-05	0.0001000069387968189
T[C>T]A	0.6197084195613861	0.025896478512136396	0.006938402997610138	5.1203841259911624e-05	0.0024687283882330728	0.00034871595214501397	0.0003803355617800694	0.0027643572765493926	7.00131779333535e-05	0.00063121799169368	3.0054290304586206e-06	5.24289302607982e-05	6.236246618992045e-05
T[C>T]C	0.06923646854316372	0.004776649741371111	0.020755281911673255	0.010995365761638875	0.0003113783993256334	0.015909622056346526	0.016354479056591296	0.23820537038127348	0.037029521696511594	0.03449150753260786	0.005619194922583823	0.003283269404991053	0.0049396091043479445
T[C>T]G	0.07697930717528323	0.00019985624948361217	0.0013075716471833575	0.05415394795958936	0.0004005447092836758	0.011423714301436778	0.5724273852705956	0.016902365771761997	8.794820403423275e-05	0.007305271469428022	1.2862580203435012e-07	2.5545519744234494e-07	4.932360118211321e-05
T[C>T]T	0.16381804201033015	0.0005123654601717968	0.0012768441518896155	3.852562801347317e-05	2.045115560167396e-05	0.0012815213964819617	0.013244715784671512	0.2703741591415178	0.024849991565665853	0.018615270643939055	0.002191136192832922	0.0010147784891786013	0.0006404368494414028
T[T>A]A	1.816793512018222e-05	8.95984293539997e-05	0.004250805086551275	0.0019895493338655543	0.0018699770368051816	0.007520775146062069	0.000306932483783811	0.003495163732140427	0.00046367252896308464	0.003973505562625007	0.0037488136588522255	0.010794401800629485	0.001682401463068417
T[T>A]C	6.580007630826402e-05	0.00019194602265696598	0.0026682745539119922	0.000860182262932156	0.0007115915683467242	0.006287933764219752	0.0005012833261012872	0.002932456712574435	0.0004109027975861039	0.004818940877163062	0.008487462650027734	0.017448142198976148	0.0031903696284700214
T[T>A]G	2.4044404379900186e-05	1.8791368733570123e-05	0.0020088642622502224	0.0001491021310503484	0.0003341804440180925	0.005006771447499145	0.00024797399670078415	0.0014273917984060863	0.0003934770423371212	0.003155986427228397	0.008339536426804699	0.019339817589894098	0.0008186675853788402
T[T>A]T	7.82837830115568e-11	4.4770972773747534e-05	0.002925324803318274	0.0001452729821217365	0.0009507730737758209	0.008850707363323985	0.0008839704035060833	0.0036901246424053263	0.00038858293652610173	0.006601507852397379	0.007942785294571082	0.0148053300091185	0.0008947569533256701
T[T>C]A	2.2007875171786235e-05	0.0002115123384342965	0.008350744108583637	0.0003169153703130334	0.01715304067605993	0.005012143032917569	0.0015971339743105664	0.0015893467549037438	0.002689924172484396	0.006058254272968022	0.0029352909040910404	0.009667659127934129	0.002670568438979565
T[T>C]C	0.00017593677981004628	0.0002550269524639326	0.004879575281543424	0.0015518084698244224	0.018853030977304456	0.011043527444046988	0.003014338439827355	0.0036722125145269542	0.0004271842710250553	0.009211716489415721	0.006292459406182972	0.025154158398773902	0.0025564889870066097
T[T>C]G	3.0421507012328045e-05	0.00016359458255407617	0.00771924599152495	0.001810775115419075	0.021457693621765996	0.005467675315495698	0.0010344091544991036	0.0012080090218818782	0.0007355650452620046	0.00505136573891256	0.0034670432863039943	0.004666965384470174	0.0001707797042324657
T[T>C]T	2.3019646525929867e-05	3.373655077217563e-05	0.00646018343516534	0.0032713975326325874	0.01030395518298792	0.009447242186256205	0.004176810233509698	0.00419287518068586	0.0023954982481981515	0.011476199606750675	0.0028198554223097857	0.023503339091128624	0.0004070161577556206
T[T>G]A	5.010448411582047e-07	4.8098494710133724e-05	0.001640996755418776	7.880981819049993e-05	0.0001540647320642705	0.003152161610006595	0.004189549601240245	0.001410260468597194	0.0004163793623401612	0.00665198990770526	0.004447586738339561	0.011045107799928743	0.0008605139929388344
T[T>G]C	2.1806031124697255e-05	0.00016095785150923003	0.0016117470538935487	7.43662978993233e-05	0.0002726878942166664	0.00356197568797414	0.002641317166388376	0.0023693809189529987	0.0035299842397442946	0.006349205566731449	0.0021715416559560693	0.01629895501229965	0.0005395648367636507
T[T>G]G	7.73286168270198e-05	0.00015030053882496652	0.002689642832159753	0.00033109828060960613	0.0007667910251657801	0.004903450204871937	0.0016400998846748686	0.0021741242536787338	3.707233475294913e-05	0.004138011005043332	0.005101764222845809	0.025263739202215738	0.0008171894926690942
T[T>G]T	0.0	1.1143089955112373e-05	0.0013910568431882951	1.2111868537949989e-05	0.0005363217332810044	0.004252780257658972	0.024274974688568776	0.0014062258303111743	0.0008276494612196999	0.03030870145304308	0.005880771673326819	0.009340393816407005	0.0005239220413133872
