NMF_Replicate	L1	L1 %	L2	L2 %	KL Divergence	Correlation	Convergence Iterations
1	4.583	172.921	1.752	93.363	2.563	0.311	30000.0
2	4.486	171.882	1.721	93.068	2.562	0.314	20000.0
3	4.697	173.561	1.777	93.917	2.581	0.299	30000.0
4	4.571	173.384	1.752	93.217	2.527	0.315	50000.0
5	4.522	172.123	1.73	93.212	2.55	0.311	30000.0
6	4.606	171.718	1.776	93.451	2.563	0.308	30000.0
7	4.574	171.659	1.746	93.009	2.522	0.319	20000.0
8	4.576	172.953	1.765	93.437	2.545	0.312	40000.0
9	4.506	172.868	1.728	93.319	2.577	0.307	30000.0
10	4.669	173.331	1.778	93.49	2.524	0.309	20000.0
11	4.569	172.54	1.751	93.246	2.558	0.306	20000.0
12	4.642	174.285	1.801	93.861	2.6	0.295	20000.0
13	4.633	172.659	1.77	93.868	2.607	0.301	20000.0
14	4.55	172.563	1.75	93.334	2.53	0.309	20000.0
15	4.673	173.311	1.797	93.618	2.604	0.301	20000.0
16	4.557	170.691	1.742	93.004	2.552	0.312	20000.0
17	4.559	172.137	1.75	93.083	2.582	0.314	40000.0
18	4.661	173.049	1.779	93.856	2.547	0.303	20000.0
19	4.524	171.379	1.748	92.987	2.511	0.32	20000.0
20	4.544	172.051	1.754	92.972	2.538	0.32	20000.0
21	4.541	173.908	1.742	93.229	2.514	0.309	20000.0
22	4.622	173.784	1.776	93.611	2.546	0.304	50000.0
23	4.607	174.538	1.765	93.668	2.558	0.304	20000.0
24	4.663	173.871	1.791	93.709	2.547	0.303	20000.0
25	4.63	173.367	1.771	93.503	2.548	0.309	20000.0
26	4.628	173.445	1.786	93.49	2.572	0.307	20000.0
27	4.563	172.1	1.767	93.373	2.543	0.313	20000.0
28	4.59	172.992	1.776	93.328	2.564	0.31	20000.0
29	4.637	172.644	1.755	93.925	2.555	0.304	40000.0
30	4.521	172.761	1.753	93.102	2.541	0.31	20000.0
31	4.612	174.211	1.786	93.456	2.526	0.311	20000.0
32	4.699	172.644	1.785	94.145	2.588	0.3	20000.0
33	4.691	173.516	1.777	93.857	2.606	0.301	20000.0
34	4.605	174.898	1.758	93.869	2.593	0.296	40000.0
35	4.679	173.571	1.765	94.054	2.592	0.29	20000.0
36	4.532	172.997	1.758	93.146	2.541	0.315	30000.0
37	4.584	173.156	1.752	93.751	2.544	0.304	30000.0
38	4.515	172.573	1.761	93.336	2.564	0.31	30000.0
39	4.663	172.55	1.766	93.557	2.546	0.305	40000.0
40	4.788	173.935	1.809	94.297	2.6	0.292	30000.0
41	4.719	174.048	1.803	93.73	2.57	0.303	20000.0
42	4.599	172.78	1.769	93.317	2.556	0.306	20000.0
43	4.685	173.203	1.803	93.92	2.571	0.303	20000.0
44	4.627	173.25	1.754	93.746	2.587	0.301	20000.0
45	4.524	173.399	1.737	93.273	2.555	0.311	40000.0
46	4.671	173.609	1.766	94.052	2.575	0.296	30000.0
47	4.59	172.773	1.745	93.311	2.535	0.309	40000.0
48	4.552	173.228	1.768	93.161	2.506	0.314	20000.0
49	4.604	172.932	1.778	93.424	2.545	0.311	40000.0
50	4.555	174.219	1.751	93.575	2.57	0.307	40000.0
51	4.722	172.911	1.789	94.068	2.605	0.293	20000.0
52	4.639	172.874	1.769	93.764	2.597	0.301	40000.0
53	4.71	173.5	1.783	94.198	2.591	0.292	20000.0
54	4.637	175.627	1.77	94.286	2.596	0.283	40000.0
55	4.57	173.42	1.763	93.269	2.528	0.314	30000.0
56	4.581	174.74	1.765	93.908	2.586	0.296	40000.0
57	4.655	173.476	1.796	93.9	2.595	0.302	30000.0
58	4.677	174.387	1.781	94.22	2.564	0.293	30000.0
59	4.613	173.53	1.766	93.604	2.549	0.306	30000.0
60	4.67	172.824	1.774	93.803	2.572	0.299	20000.0
61	4.572	174.414	1.757	93.313	2.557	0.306	30000.0
62	4.62	172.26	1.754	93.188	2.551	0.319	20000.0
63	4.62	172.559	1.77	93.678	2.573	0.309	30000.0
64	4.568	173.458	1.769	93.642	2.535	0.306	30000.0
65	4.607	173.167	1.786	93.474	2.557	0.309	40000.0
66	4.571	172.876	1.754	93.338	2.6	0.303	40000.0
67	4.69	174.055	1.753	94.111	2.601	0.296	20000.0
68	4.56	173.311	1.771	93.452	2.553	0.308	20000.0
69	4.67	173.913	1.782	93.789	2.563	0.3	30000.0
70	4.581	173.685	1.771	93.468	2.562	0.31	20000.0
71	4.527	171.607	1.738	92.917	2.523	0.316	20000.0
72	4.576	173.174	1.768	93.435	2.573	0.308	40000.0
73	4.543	172.462	1.755	93.319	2.524	0.315	30000.0
74	4.58	173.135	1.747	93.417	2.587	0.307	20000.0
75	4.585	173.022	1.738	93.391	2.545	0.31	20000.0
76	4.666	174.568	1.78	93.455	2.579	0.308	20000.0
77	4.595	171.402	1.739	93.574	2.538	0.313	20000.0
78	4.527	173.853	1.754	93.326	2.537	0.309	20000.0
79	4.711	176.059	1.782	94.187	2.611	0.288	30000.0
80	4.639	172.833	1.76	93.38	2.545	0.311	20000.0
81	4.655	172.893	1.789	93.885	2.549	0.297	30000.0
82	4.65	174.366	1.801	93.648	2.556	0.308	30000.0
83	4.489	170.779	1.736	93.084	2.531	0.318	20000.0
84	4.589	172.262	1.767	93.314	2.536	0.314	20000.0
85	4.63	174.853	1.783	93.638	2.544	0.307	20000.0
86	4.498	172.546	1.732	92.99	2.523	0.32	40000.0
87	4.709	173.204	1.779	93.689	2.554	0.307	20000.0
88	4.669	172.834	1.777	93.838	2.583	0.302	20000.0
89	4.693	173.564	1.769	93.896	2.575	0.302	20000.0
90	4.543	172.475	1.767	93.035	2.522	0.314	20000.0
91	4.655	174.912	1.779	93.751	2.566	0.3	30000.0
92	4.628	174.317	1.794	93.785	2.569	0.302	20000.0
93	4.706	173.172	1.792	93.791	2.534	0.304	20000.0
94	4.548	172.328	1.759	93.177	2.538	0.315	40000.0
95	4.701	175.828	1.828	94.1	2.599	0.297	20000.0
96	4.674	173.277	1.764	93.792	2.559	0.304	20000.0
97	4.568	174.239	1.752	93.463	2.563	0.308	30000.0
98	4.598	172.61	1.741	93.272	2.523	0.314	30000.0
99	4.616	172.92	1.759	93.568	2.567	0.303	30000.0
100	4.573	173.042	1.76	93.522	2.516	0.309	20000.0
101	4.626	172.355	1.767	93.349	2.531	0.311	20000.0
102	4.697	175.168	1.778	93.902	2.581	0.297	20000.0
103	4.52	172.2	1.749	93.007	2.552	0.32	40000.0
104	4.621	173.147	1.758	93.613	2.527	0.308	30000.0
105	4.599	173.284	1.776	93.396	2.571	0.31	20000.0
106	4.591	173.149	1.762	93.316	2.569	0.307	20000.0
107	4.528	172.773	1.774	93.093	2.501	0.316	40000.0
108	4.612	172.588	1.768	93.342	2.54	0.311	40000.0
109	4.509	171.718	1.754	92.776	2.544	0.32	50000.0
110	4.555	173.315	1.776	93.479	2.543	0.31	40000.0
111	4.569	172.038	1.759	93.281	2.565	0.311	20000.0
112	4.693	173.431	1.798	94.105	2.573	0.296	30000.0
113	4.599	173.541	1.783	93.47	2.579	0.303	30000.0
114	4.607	173.914	1.779	93.781	2.582	0.295	20000.0
115	4.58	171.646	1.75	93.095	2.537	0.316	20000.0
116	4.596	172.753	1.746	93.101	2.591	0.311	20000.0
117	4.546	171.944	1.761	93.197	2.551	0.311	30000.0
118	4.612	173.781	1.755	93.683	2.574	0.299	30000.0
119	4.646	171.746	1.79	93.565	2.553	0.309	20000.0
120	4.607	172.384	1.772	93.269	2.56	0.311	40000.0
121	4.571	172.052	1.745	93.019	2.574	0.313	40000.0
122	4.595	173.226	1.761	93.431	2.568	0.308	20000.0
123	4.609	174.07	1.776	93.403	2.573	0.311	40000.0
124	4.619	174.866	1.763	93.801	2.592	0.301	20000.0
125	4.536	172.424	1.748	93.244	2.559	0.315	20000.0
126	4.527	171.355	1.731	92.894	2.519	0.321	20000.0
127	4.714	172.637	1.78	93.781	2.563	0.304	20000.0
128	4.601	173.7	1.773	93.492	2.551	0.305	20000.0
129	4.562	173.842	1.756	93.356	2.529	0.307	40000.0
130	4.576	171.707	1.759	93.546	2.564	0.304	20000.0
131	4.519	171.65	1.763	93.231	2.522	0.317	30000.0
132	4.552	171.553	1.742	93.457	2.578	0.306	30000.0
133	4.625	174.995	1.766	93.788	2.563	0.298	40000.0
134	4.492	172.232	1.729	93.028	2.533	0.315	20000.0
135	4.549	172.704	1.773	93.212	2.557	0.313	40000.0
136	4.643	174.6	1.763	93.777	2.566	0.304	20000.0
137	4.644	174.278	1.802	93.695	2.528	0.304	20000.0
138	4.531	172.197	1.763	93.215	2.549	0.312	20000.0
139	4.608	174.047	1.773	93.496	2.566	0.304	20000.0
140	4.544	172.148	1.773	93.225	2.552	0.316	40000.0
141	4.587	172.698	1.758	93.21	2.544	0.31	40000.0
142	4.611	172.382	1.773	93.501	2.579	0.308	20000.0
143	4.54	172.162	1.756	92.904	2.551	0.314	20000.0
144	4.705	172.722	1.784	93.86	2.574	0.305	40000.0
145	4.749	173.861	1.817	93.95	2.581	0.296	20000.0
146	4.578	172.272	1.765	93.376	2.547	0.311	30000.0
147	4.617	172.786	1.767	93.733	2.593	0.301	40000.0
148	4.639	174.488	1.785	93.9	2.604	0.297	30000.0
149	4.713	175.513	1.81	94.097	2.577	0.292	20000.0
150	4.566	175.223	1.756	93.982	2.584	0.293	30000.0
151	4.634	172.9	1.775	93.699	2.58	0.301	20000.0
152	4.53	172.374	1.745	93.244	2.516	0.316	30000.0
153	4.693	172.851	1.795	93.821	2.598	0.305	20000.0
154	4.681	174.949	1.799	93.74	2.562	0.305	40000.0
155	4.537	171.902	1.742	93.083	2.548	0.317	30000.0
156	4.567	172.034	1.753	93.205	2.562	0.313	30000.0
157	4.739	172.23	1.778	93.909	2.567	0.304	20000.0
158	4.614	173.297	1.77	93.754	2.553	0.304	30000.0
159	4.656	174.201	1.783	93.709	2.559	0.302	30000.0
160	4.596	175.221	1.766	93.791	2.585	0.299	30000.0
161	4.693	172.47	1.793	93.636	2.558	0.309	30000.0
162	4.521	172.062	1.729	92.971	2.549	0.315	30000.0
163	4.577	174.017	1.763	93.299	2.526	0.312	30000.0
164	4.584	172.64	1.744	93.302	2.547	0.315	20000.0
165	4.78	173.266	1.809	93.868	2.566	0.305	30000.0
166	4.57	172.715	1.781	93.397	2.578	0.307	40000.0
167	4.623	172.798	1.759	93.434	2.532	0.305	20000.0
168	4.625	174.163	1.764	93.761	2.572	0.303	30000.0
169	4.69	173.044	1.79	93.94	2.559	0.301	40000.0
170	4.646	174.287	1.783	93.585	2.542	0.3	20000.0
171	4.703	174.945	1.795	93.781	2.567	0.302	30000.0
172	4.597	174.048	1.77	93.497	2.582	0.305	40000.0
173	4.632	173.361	1.748	93.412	2.574	0.308	30000.0
174	4.761	173.366	1.796	94.117	2.581	0.298	20000.0
175	4.584	173.965	1.765	93.511	2.566	0.304	40000.0
176	4.572	173.938	1.773	93.537	2.534	0.308	20000.0
177	4.641	172.569	1.754	93.761	2.547	0.303	20000.0
178	4.598	173.179	1.752	93.438	2.57	0.306	30000.0
179	4.537	171.779	1.769	93.14	2.525	0.321	20000.0
180	4.662	175.469	1.801	94.172	2.599	0.291	40000.0
181	4.559	173.26	1.736	93.207	2.513	0.319	40000.0
182	4.653	173.877	1.777	93.839	2.569	0.298	20000.0
183	4.666	172.766	1.777	93.91	2.606	0.3	20000.0
184	4.626	171.222	1.739	93.243	2.547	0.317	40000.0
185	4.638	172.31	1.785	93.572	2.566	0.31	20000.0
186	4.494	171.068	1.752	92.719	2.517	0.318	30000.0
187	4.642	173.691	1.784	93.482	2.537	0.312	40000.0
188	4.55	172.224	1.749	93.019	2.535	0.319	30000.0
189	4.534	173.579	1.761	93.326	2.487	0.31	20000.0
190	4.598	172.901	1.768	93.5	2.586	0.305	30000.0
191	4.585	174.437	1.773	93.634	2.568	0.305	40000.0
192	4.669	172.382	1.763	93.694	2.575	0.311	20000.0
193	4.665	173.767	1.801	93.658	2.528	0.305	20000.0
194	4.615	172.214	1.748	93.666	2.588	0.304	20000.0
195	4.587	174.305	1.77	93.711	2.557	0.304	40000.0
196	4.61	173.307	1.757	93.855	2.572	0.299	40000.0
197	4.642	172.953	1.765	93.465	2.542	0.308	20000.0
198	4.62	173.351	1.775	93.685	2.595	0.302	20000.0
199	4.679	174.623	1.791	93.925	2.577	0.298	40000.0
200	4.583	173.063	1.78	93.599	2.583	0.306	20000.0
201	4.682	173.211	1.791	93.801	2.557	0.308	20000.0
202	4.552	173.602	1.773	93.311	2.532	0.313	20000.0
203	4.582	172.81	1.752	93.43	2.545	0.307	20000.0
204	4.758	172.726	1.813	93.976	2.567	0.302	30000.0
205	4.659	173.656	1.777	93.419	2.538	0.308	20000.0
206	4.509	171.601	1.746	92.732	2.51	0.316	30000.0
207	4.647	171.772	1.778	93.656	2.557	0.306	20000.0
208	4.652	173.887	1.799	93.617	2.537	0.308	20000.0
209	4.635	175.162	1.788	93.871	2.625	0.297	20000.0
210	4.688	172.813	1.788	93.865	2.567	0.303	20000.0
211	4.582	171.986	1.747	93.108	2.54	0.317	30000.0
212	4.634	173.415	1.783	93.593	2.558	0.306	20000.0
213	4.643	174.385	1.764	93.512	2.574	0.306	20000.0
214	4.731	174.684	1.802	94.506	2.615	0.287	20000.0
215	4.634	174.069	1.783	93.418	2.549	0.309	40000.0
216	4.585	173.217	1.763	93.491	2.547	0.305	20000.0
217	4.576	172.695	1.772	93.454	2.531	0.31	20000.0
218	4.651	174.066	1.772	93.956	2.615	0.297	20000.0
219	4.611	175.173	1.791	93.997	2.588	0.295	20000.0
220	4.682	173.292	1.789	93.635	2.541	0.306	20000.0
221	4.73	175.294	1.836	94.257	2.589	0.293	30000.0
222	4.52	174.28	1.756	93.524	2.566	0.303	30000.0
223	4.568	173.061	1.754	93.568	2.535	0.305	20000.0
224	4.612	173.271	1.769	93.407	2.552	0.311	30000.0
225	4.606	172.294	1.765	93.015	2.542	0.318	30000.0
226	4.528	172.21	1.738	93.043	2.54	0.319	20000.0
227	4.556	171.462	1.741	93.307	2.54	0.313	50000.0
228	4.699	173.666	1.766	93.956	2.558	0.303	30000.0
229	4.658	172.815	1.803	93.827	2.565	0.297	20000.0
230	4.596	172.339	1.759	93.366	2.544	0.311	30000.0
231	4.624	174.518	1.767	93.618	2.597	0.301	20000.0
232	4.603	171.772	1.761	93.532	2.549	0.308	20000.0
233	4.722	173.693	1.792	94.058	2.6	0.297	30000.0
234	4.595	173.464	1.768	93.719	2.54	0.302	30000.0
235	4.573	172.844	1.77	93.226	2.54	0.314	30000.0
236	4.655	171.625	1.768	93.422	2.552	0.313	30000.0
237	4.525	172.312	1.733	93.27	2.553	0.312	30000.0
238	4.599	172.053	1.743	93.576	2.536	0.302	20000.0
239	4.604	172.782	1.758	93.478	2.543	0.306	20000.0
240	4.579	172.745	1.754	93.392	2.54	0.31	20000.0
241	4.677	174.451	1.772	93.656	2.569	0.307	20000.0
242	4.53	171.713	1.75	92.985	2.561	0.312	30000.0
243	4.691	171.752	1.77	93.437	2.523	0.314	30000.0
244	4.636	173.126	1.768	93.658	2.556	0.306	20000.0
245	4.714	172.08	1.796	93.761	2.547	0.309	20000.0
246	4.707	174.735	1.774	94.074	2.603	0.292	20000.0
247	4.692	173.049	1.791	93.885	2.579	0.298	40000.0
248	4.585	173.851	1.76	93.361	2.552	0.314	20000.0
249	4.651	173.42	1.741	93.554	2.571	0.308	20000.0
250	4.655	173.703	1.77	93.661	2.567	0.307	20000.0
251	4.587	172.535	1.762	93.108	2.565	0.306	30000.0
252	4.653	172.446	1.787	93.694	2.554	0.31	40000.0
253	4.588	173.778	1.77	93.522	2.574	0.306	30000.0
254	4.608	174.147	1.738	93.979	2.558	0.289	20000.0
255	4.603	174.746	1.761	93.511	2.569	0.303	30000.0
256	4.713	174.127	1.786	93.739	2.573	0.303	20000.0
257	4.599	171.507	1.733	92.99	2.561	0.31	20000.0
258	4.523	173.53	1.726	93.449	2.544	0.305	20000.0
259	4.573	173.939	1.759	93.623	2.557	0.306	20000.0
260	4.699	172.912	1.79	93.955	2.571	0.295	50000.0
261	4.658	172.362	1.763	93.548	2.574	0.308	20000.0
262	4.679	173.397	1.786	93.61	2.585	0.306	20000.0
263	4.64	174.717	1.799	93.775	2.591	0.3	20000.0
264	4.758	173.309	1.799	93.894	2.577	0.304	30000.0
265	4.633	173.291	1.784	93.632	2.555	0.305	40000.0
266	4.61	173.287	1.777	93.485	2.576	0.308	20000.0
267	4.575	174.408	1.746	93.629	2.559	0.305	20000.0
268	4.637	173.741	1.787	93.389	2.517	0.312	20000.0
269	4.71	173.898	1.781	93.864	2.597	0.299	40000.0
270	4.614	174.292	1.769	93.736	2.598	0.3	20000.0
271	4.451	170.81	1.719	92.767	2.496	0.325	40000.0
272	4.557	173.69	1.793	93.133	2.527	0.312	20000.0
273	4.67	174.514	1.797	94.022	2.591	0.296	20000.0
274	4.619	172.544	1.786	93.334	2.531	0.312	20000.0
275	4.509	173.305	1.725	93.48	2.565	0.305	30000.0
276	4.722	172.198	1.786	93.777	2.533	0.308	30000.0
277	4.6	172.685	1.76	93.225	2.561	0.315	40000.0
278	4.707	172.85	1.794	93.8	2.572	0.303	20000.0
279	4.588	173.049	1.759	93.439	2.536	0.312	50000.0
280	4.694	173.626	1.784	93.989	2.579	0.298	30000.0
281	4.725	173.964	1.789	94.215	2.573	0.296	20000.0
282	4.518	172.509	1.745	93.355	2.528	0.309	40000.0
283	4.659	174.19	1.766	93.542	2.579	0.307	20000.0
284	4.574	169.871	1.748	92.94	2.533	0.319	20000.0
285	4.571	173.768	1.767	93.275	2.547	0.31	20000.0
286	4.665	173.63	1.783	93.567	2.595	0.303	20000.0
287	4.624	172.532	1.776	92.995	2.496	0.321	50000.0
288	4.629	172.702	1.749	93.649	2.547	0.303	20000.0
289	4.597	173.285	1.749	93.333	2.552	0.31	40000.0
290	4.55	172.094	1.737	93.241	2.533	0.314	20000.0
291	4.565	173.07	1.755	93.234	2.583	0.309	20000.0
292	4.614	174.355	1.764	93.439	2.548	0.308	40000.0
293	4.572	172.645	1.761	93.391	2.589	0.31	40000.0
294	4.581	173.329	1.76	93.307	2.54	0.312	30000.0
295	4.583	171.607	1.747	93.271	2.547	0.314	20000.0
296	4.706	174.855	1.799	94.113	2.616	0.289	20000.0
297	4.782	173.595	1.804	94.181	2.589	0.298	30000.0
298	4.578	173.972	1.757	93.595	2.565	0.303	30000.0
299	4.63	173.973	1.758	93.836	2.569	0.303	40000.0
300	4.577	171.241	1.737	93.182	2.533	0.313	20000.0
301	4.594	173.816	1.78	93.701	2.594	0.301	20000.0
302	4.594	172.342	1.761	93.72	2.558	0.305	20000.0
303	4.559	173.374	1.775	93.591	2.582	0.302	40000.0
304	4.584	174.8	1.787	94.051	2.594	0.29	50000.0
305	4.662	172.816	1.765	93.734	2.578	0.306	20000.0
306	4.58	172.867	1.769	93.271	2.565	0.308	40000.0
307	4.638	173.037	1.781	93.672	2.566	0.304	20000.0
308	4.685	172.485	1.763	93.782	2.565	0.3	20000.0
309	4.569	173.462	1.749	93.456	2.554	0.306	30000.0
310	4.668	172.673	1.768	93.835	2.578	0.302	20000.0
311	4.595	172.311	1.743	93.192	2.547	0.314	20000.0
312	4.667	173.582	1.781	94.023	2.574	0.296	30000.0
313	4.639	172.38	1.767	93.547	2.555	0.311	20000.0
314	4.562	172.454	1.733	93.06	2.545	0.313	30000.0
315	4.587	172.249	1.748	93.161	2.554	0.315	40000.0
316	4.59	172.742	1.769	93.381	2.565	0.311	20000.0
317	4.571	173.256	1.763	93.182	2.503	0.316	20000.0
318	4.631	173.963	1.765	93.742	2.554	0.301	30000.0
319	4.676	174.333	1.78	93.912	2.572	0.296	20000.0
320	4.66	173.907	1.762	93.63	2.597	0.3	30000.0
321	4.501	170.687	1.726	92.36	2.538	0.324	20000.0
322	4.757	173.103	1.797	93.925	2.576	0.301	20000.0
323	4.631	173.256	1.775	93.946	2.567	0.302	50000.0
324	4.634	174.031	1.766	93.875	2.584	0.298	30000.0
325	4.611	174.81	1.785	93.695	2.534	0.303	20000.0
326	4.689	173.399	1.781	93.955	2.597	0.299	30000.0
327	4.635	172.668	1.803	93.844	2.556	0.301	40000.0
328	4.582	172.664	1.75	93.311	2.562	0.311	30000.0
329	4.644	173.498	1.779	93.546	2.543	0.307	50000.0
330	4.684	172.555	1.781	93.472	2.529	0.31	30000.0
331	4.585	173.103	1.767	93.597	2.561	0.307	40000.0
332	4.582	172.055	1.757	93.598	2.541	0.307	20000.0
333	4.588	172.027	1.77	93.311	2.564	0.313	40000.0
334	4.658	173.349	1.749	93.923	2.578	0.296	30000.0
335	4.632	174.317	1.778	93.809	2.578	0.298	30000.0
336	4.571	173.833	1.781	93.34	2.539	0.31	20000.0
337	4.641	172.925	1.782	93.981	2.577	0.3	20000.0
338	4.601	173.87	1.754	93.522	2.575	0.302	20000.0
339	4.702	172.682	1.78	93.621	2.521	0.309	40000.0
340	4.697	172.432	1.778	94.086	2.552	0.301	20000.0
341	4.61	175.633	1.796	94.236	2.612	0.287	30000.0
342	4.588	173.54	1.747	93.907	2.589	0.299	20000.0
343	4.6	174.312	1.764	93.5	2.539	0.308	20000.0
344	4.644	175.141	1.771	93.698	2.571	0.302	30000.0
345	4.577	171.634	1.761	93.193	2.525	0.318	20000.0
346	4.6	172.967	1.749	93.223	2.553	0.315	20000.0
347	4.673	173.183	1.792	93.499	2.554	0.307	20000.0
348	4.784	175.812	1.817	94.286	2.608	0.291	40000.0
349	4.628	173.713	1.772	93.648	2.55	0.299	20000.0
350	4.613	173.353	1.781	93.473	2.536	0.308	20000.0
351	4.598	173.855	1.791	93.283	2.548	0.31	40000.0
352	4.671	175.117	1.805	93.916	2.569	0.3	30000.0
353	4.595	174.64	1.781	93.87	2.551	0.295	40000.0
354	4.649	172.637	1.772	93.786	2.575	0.3	20000.0
355	4.667	173.524	1.795	93.625	2.529	0.304	20000.0
356	4.763	173.669	1.781	93.808	2.578	0.296	20000.0
357	4.57	171.521	1.751	93.236	2.538	0.313	30000.0
358	4.597	172.675	1.748	93.294	2.538	0.314	40000.0
359	4.621	172.674	1.791	93.684	2.574	0.307	30000.0
360	4.606	174.119	1.788	93.657	2.556	0.306	20000.0
361	4.617	173.894	1.766	93.508	2.566	0.307	30000.0
362	4.564	174.248	1.752	93.549	2.55	0.307	20000.0
363	4.615	173.254	1.761	93.699	2.568	0.305	20000.0
364	4.499	171.647	1.755	93.275	2.535	0.312	30000.0
365	4.751	172.777	1.79	93.596	2.562	0.307	40000.0
366	4.764	173.096	1.81	93.984	2.569	0.302	40000.0
367	4.667	173.419	1.767	94.04	2.59	0.295	20000.0
368	4.61	174.836	1.78	93.73	2.575	0.302	40000.0
369	4.665	172.817	1.777	93.479	2.544	0.305	20000.0
370	4.554	172.461	1.749	93.437	2.563	0.31	20000.0
371	4.588	171.68	1.758	93.411	2.547	0.312	40000.0
372	4.602	172.867	1.773	93.382	2.581	0.307	30000.0
373	4.592	173.533	1.759	93.7	2.55	0.301	30000.0
374	4.538	172.407	1.752	93.168	2.508	0.313	20000.0
375	4.7	175.039	1.803	93.793	2.556	0.302	20000.0
376	4.567	172.528	1.765	93.152	2.547	0.315	30000.0
377	4.642	174.005	1.774	93.705	2.578	0.306	20000.0
378	4.654	173.668	1.777	93.778	2.577	0.298	50000.0
379	4.58	172.27	1.767	93.424	2.551	0.308	30000.0
380	4.702	175.734	1.808	94.055	2.613	0.295	20000.0
381	4.493	170.915	1.752	92.734	2.51	0.325	40000.0
382	4.59	172.505	1.784	93.379	2.542	0.31	40000.0
383	4.55	172.0	1.749	93.23	2.556	0.313	20000.0
384	4.493	172.991	1.749	93.346	2.549	0.307	20000.0
385	4.627	172.93	1.754	93.578	2.558	0.303	30000.0
386	4.488	171.596	1.739	92.977	2.553	0.32	30000.0
387	4.58	172.696	1.767	93.463	2.542	0.307	20000.0
388	4.595	172.236	1.755	93.153	2.543	0.314	40000.0
389	4.659	173.244	1.789	93.699	2.571	0.306	20000.0
390	4.57	174.814	1.757	93.649	2.54	0.303	30000.0
391	4.586	172.754	1.739	93.262	2.551	0.314	30000.0
392	4.64	172.519	1.771	93.655	2.564	0.308	20000.0
393	4.541	172.267	1.76	93.266	2.535	0.316	50000.0
394	4.626	172.747	1.763	93.783	2.564	0.303	30000.0
395	4.657	172.096	1.777	93.729	2.564	0.308	20000.0
396	4.742	173.189	1.788	94.245	2.558	0.297	20000.0
397	4.708	175.193	1.784	94.135	2.61	0.286	50000.0
398	4.67	174.187	1.783	93.926	2.578	0.3	30000.0
399	4.613	172.538	1.778	93.636	2.538	0.308	20000.0
400	4.6	172.338	1.761	93.063	2.545	0.315	30000.0
401	4.586	172.265	1.751	93.228	2.546	0.313	40000.0
402	4.59	171.665	1.758	93.476	2.574	0.31	30000.0
403	4.631	173.428	1.772	93.674	2.581	0.304	20000.0
404	4.698	174.457	1.761	93.926	2.575	0.296	20000.0
405	4.662	172.911	1.78	93.653	2.569	0.304	20000.0
406	4.552	172.046	1.749	93.367	2.552	0.313	30000.0
407	4.599	174.048	1.761	93.655	2.563	0.303	30000.0
408	4.518	172.129	1.743	92.971	2.538	0.315	20000.0
409	4.564	172.424	1.758	93.1	2.571	0.31	20000.0
410	4.644	173.672	1.777	93.724	2.557	0.305	20000.0
411	4.592	173.173	1.744	93.404	2.572	0.308	30000.0
412	4.675	173.08	1.764	93.81	2.563	0.304	20000.0
413	4.662	173.445	1.795	94.038	2.563	0.29	20000.0
414	4.617	171.701	1.761	92.898	2.522	0.322	30000.0
415	4.64	174.596	1.779	93.808	2.554	0.302	30000.0
416	4.615	172.651	1.761	93.429	2.557	0.31	20000.0
417	4.467	171.033	1.734	92.461	2.527	0.325	40000.0
418	4.593	173.261	1.749	93.367	2.57	0.305	30000.0
419	4.454	170.731	1.737	92.719	2.51	0.322	20000.0
420	4.671	173.338	1.778	93.872	2.552	0.298	20000.0
421	4.507	171.857	1.733	93.298	2.561	0.311	30000.0
422	4.524	172.161	1.747	92.962	2.531	0.317	30000.0
423	4.658	174.24	1.77	93.937	2.589	0.297	20000.0
424	4.624	172.632	1.771	93.521	2.558	0.31	40000.0
425	4.629	173.256	1.772	93.323	2.549	0.312	20000.0
426	4.637	173.236	1.775	93.63	2.574	0.303	20000.0
427	4.643	174.153	1.781	93.604	2.541	0.306	20000.0
428	4.699	171.431	1.788	93.3	2.549	0.315	30000.0
429	4.618	172.762	1.777	93.381	2.522	0.309	30000.0
430	4.611	172.134	1.765	93.694	2.57	0.3	40000.0
431	4.585	174.123	1.774	93.634	2.54	0.307	20000.0
432	4.531	172.632	1.738	93.122	2.576	0.31	20000.0
433	4.562	173.522	1.749	93.502	2.571	0.305	30000.0
434	4.562	173.132	1.751	93.395	2.519	0.312	30000.0
435	4.757	174.794	1.788	94.201	2.589	0.29	30000.0
436	4.717	173.744	1.763	93.737	2.58	0.303	30000.0
437	4.714	173.819	1.794	93.982	2.585	0.295	30000.0
438	4.656	172.943	1.801	93.608	2.532	0.307	30000.0
439	4.625	174.405	1.774	93.45	2.536	0.31	20000.0
440	4.629	174.105	1.747	93.38	2.532	0.31	30000.0
441	4.591	171.888	1.722	93.023	2.557	0.317	30000.0
442	4.646	173.197	1.781	93.613	2.563	0.304	20000.0
443	4.633	173.802	1.768	93.673	2.569	0.296	20000.0
444	4.681	174.653	1.793	93.962	2.562	0.295	30000.0
445	4.657	173.585	1.767	93.741	2.577	0.303	20000.0
446	4.578	174.11	1.766	93.59	2.555	0.305	20000.0
447	4.583	173.424	1.765	93.736	2.545	0.297	40000.0
448	4.602	173.153	1.78	93.399	2.543	0.309	20000.0
449	4.583	172.486	1.751	93.329	2.534	0.307	30000.0
450	4.515	171.994	1.739	93.372	2.551	0.305	40000.0
451	4.67	174.675	1.803	93.856	2.527	0.299	30000.0
452	4.522	173.659	1.745	93.496	2.569	0.306	40000.0
453	4.623	173.298	1.787	93.727	2.548	0.306	20000.0
454	4.566	172.762	1.745	93.098	2.521	0.317	20000.0
455	4.579	171.974	1.754	93.13	2.534	0.315	20000.0
456	4.596	172.678	1.771	93.74	2.551	0.304	40000.0
457	4.604	172.893	1.777	93.626	2.585	0.306	20000.0
458	4.608	173.194	1.763	93.472	2.552	0.308	40000.0
459	4.559	173.912	1.782	93.642	2.565	0.3	40000.0
460	4.622	173.325	1.762	93.498	2.591	0.307	20000.0
461	4.64	175.626	1.771	93.863	2.597	0.297	20000.0
462	4.536	172.49	1.749	93.314	2.553	0.31	20000.0
463	4.528	173.08	1.773	93.288	2.537	0.309	20000.0
464	4.614	172.736	1.772	93.797	2.588	0.302	30000.0
465	4.565	171.97	1.769	93.271	2.519	0.318	20000.0
466	4.598	173.166	1.759	93.523	2.538	0.308	20000.0
467	4.7	175.315	1.767	94.244	2.596	0.289	30000.0
468	4.652	173.896	1.768	93.842	2.563	0.299	20000.0
469	4.553	172.169	1.765	92.968	2.55	0.314	20000.0
470	4.684	172.338	1.778	93.649	2.588	0.306	30000.0
471	4.602	174.258	1.764	93.506	2.54	0.304	20000.0
472	4.558	174.564	1.749	93.62	2.563	0.304	30000.0
473	4.642	174.265	1.768	93.816	2.557	0.296	20000.0
474	4.605	173.633	1.756	93.645	2.554	0.304	30000.0
475	4.641	172.806	1.762	93.709	2.576	0.303	30000.0
476	4.585	172.473	1.736	93.193	2.527	0.317	20000.0
477	4.789	173.823	1.82	94.383	2.568	0.294	20000.0
478	4.678	173.385	1.786	93.917	2.534	0.3	30000.0
479	4.748	173.48	1.784	93.836	2.559	0.302	20000.0
480	4.61	174.502	1.768	93.789	2.582	0.298	40000.0
481	4.63	174.067	1.767	93.784	2.583	0.302	20000.0
482	4.692	175.273	1.769	93.775	2.573	0.302	20000.0
483	4.637	173.675	1.788	93.442	2.545	0.308	30000.0
484	4.514	172.227	1.752	93.227	2.521	0.313	40000.0
485	4.599	172.859	1.799	93.392	2.539	0.312	20000.0
486	4.508	171.836	1.747	92.875	2.561	0.316	30000.0
487	4.713	174.376	1.787	93.873	2.567	0.297	30000.0
488	4.577	172.312	1.776	93.536	2.54	0.306	20000.0
489	4.595	172.422	1.776	93.076	2.525	0.317	20000.0
490	4.584	173.002	1.761	93.532	2.561	0.304	30000.0
491	4.558	173.223	1.769	93.491	2.546	0.306	20000.0
492	4.647	174.683	1.773	94.196	2.604	0.289	30000.0
493	4.602	174.249	1.769	93.46	2.541	0.308	30000.0
494	4.569	171.777	1.743	93.046	2.53	0.314	20000.0
495	4.498	172.165	1.76	93.025	2.552	0.315	30000.0
496	4.669	174.316	1.768	93.701	2.577	0.304	30000.0
497	4.567	173.019	1.756	93.493	2.539	0.307	20000.0
498	4.646	174.433	1.79	93.628	2.544	0.306	20000.0
499	4.675	174.232	1.765	93.822	2.544	0.301	20000.0
500	4.568	172.725	1.76	93.398	2.546	0.309	30000.0
