NMF_Replicate	L1	L1 %	L2	L2 %	KL Divergence	Correlation	Convergence Iterations
1	72.459	121.244	13.975	77.826	1.295	0.499	20000.0
2	72.685	121.672	13.967	77.832	1.289	0.5	30000.0
3	72.324	121.264	13.82	77.719	1.291	0.498	30000.0
4	74.372	122.304	14.702	77.379	1.288	0.512	30000.0
5	72.553	121.724	13.922	77.854	1.297	0.497	20000.0
6	74.299	121.723	14.811	77.247	1.276	0.516	40000.0
7	74.431	121.586	14.745	77.125	1.275	0.516	30000.0
8	74.015	121.734	14.662	77.192	1.276	0.516	20000.0
9	72.174	121.107	13.843	77.752	1.287	0.498	20000.0
10	72.521	121.407	13.884	77.954	1.287	0.497	20000.0
11	72.382	121.579	13.891	77.794	1.293	0.499	20000.0
12	72.091	121.136	13.8	77.751	1.287	0.5	30000.0
13	72.052	120.711	13.787	77.506	1.283	0.502	40000.0
14	74.888	122.602	14.787	77.353	1.287	0.514	20000.0
15	72.363	121.216	13.888	77.709	1.295	0.5	20000.0
16	72.501	121.547	13.837	77.814	1.292	0.497	20000.0
17	74.364	121.643	14.721	77.046	1.275	0.516	30000.0
18	74.193	121.821	14.623	77.15	1.277	0.516	20000.0
19	74.544	121.654	14.742	77.009	1.275	0.52	40000.0
20	72.469	121.451	13.917	77.926	1.29	0.498	20000.0
21	74.279	121.7	14.767	77.034	1.272	0.52	20000.0
22	72.182	121.222	13.835	77.551	1.286	0.503	20000.0
23	72.272	121.173	13.835	77.717	1.287	0.499	30000.0
24	74.578	121.908	14.755	77.194	1.277	0.514	20000.0
25	72.457	121.557	13.886	77.795	1.291	0.5	30000.0
26	74.622	122.208	14.794	77.307	1.279	0.513	40000.0
27	72.479	121.756	13.868	78.016	1.303	0.494	30000.0
28	74.314	121.771	14.637	76.945	1.27	0.518	20000.0
29	72.607	121.415	13.947	77.72	1.288	0.502	30000.0
30	74.512	121.911	14.769	77.237	1.274	0.516	40000.0
31	74.37	121.657	14.721	77.133	1.279	0.516	20000.0
32	72.204	121.004	13.827	77.635	1.282	0.501	20000.0
33	72.243	121.087	13.896	77.757	1.292	0.5	40000.0
34	72.538	121.252	13.923	77.894	1.288	0.498	20000.0
35	72.411	120.986	13.856	77.651	1.284	0.501	20000.0
36	74.574	122.042	14.712	77.158	1.284	0.516	20000.0
37	72.287	121.046	13.857	77.58	1.281	0.504	20000.0
38	72.381	121.002	13.958	77.809	1.285	0.5	20000.0
39	72.509	121.414	13.943	77.888	1.29	0.499	30000.0
40	72.246	121.112	13.828	77.636	1.286	0.501	30000.0
41	72.58	121.187	13.966	77.827	1.285	0.5	30000.0
42	72.364	121.136	13.851	77.768	1.289	0.499	20000.0
43	74.271	122.087	14.693	77.415	1.281	0.509	20000.0
44	72.485	121.729	13.946	77.819	1.299	0.498	40000.0
45	72.363	121.168	13.957	77.6	1.285	0.503	30000.0
46	74.627	122.343	14.731	77.193	1.276	0.519	20000.0
47	74.427	122.053	14.725	77.326	1.278	0.514	30000.0
48	72.649	121.212	14.013	77.637	1.285	0.503	40000.0
49	72.511	121.326	13.859	77.683	1.291	0.501	30000.0
50	72.542	121.259	13.993	77.689	1.288	0.504	40000.0
51	72.363	121.363	13.942	77.936	1.294	0.497	20000.0
52	74.363	122.225	14.686	77.285	1.284	0.513	20000.0
53	72.455	121.405	13.889	77.819	1.288	0.501	20000.0
54	74.341	121.657	14.713	76.982	1.272	0.519	30000.0
55	72.575	121.511	13.961	77.965	1.288	0.498	30000.0
56	74.247	121.798	14.683	77.061	1.274	0.519	20000.0
57	72.552	121.099	13.996	77.798	1.284	0.501	20000.0
58	72.194	121.059	13.823	77.666	1.289	0.5	30000.0
59	72.489	121.503	13.885	77.935	1.291	0.497	20000.0
60	72.853	122.003	13.925	78.073	1.301	0.494	20000.0
61	72.259	121.002	13.841	77.584	1.283	0.502	30000.0
62	72.313	121.939	13.869	78.013	1.304	0.496	20000.0
63	74.295	121.923	14.675	77.139	1.279	0.517	30000.0
64	74.508	121.783	14.779	77.18	1.276	0.516	20000.0
65	72.511	120.818	13.955	77.471	1.281	0.506	20000.0
66	72.508	121.194	13.986	77.675	1.287	0.503	30000.0
67	74.24	121.712	14.602	77.141	1.266	0.518	20000.0
68	72.452	121.121	13.942	77.734	1.283	0.502	20000.0
69	72.697	121.745	13.911	77.935	1.292	0.499	30000.0
70	74.363	121.821	14.77	77.135	1.277	0.517	20000.0
71	72.305	121.34	13.845	77.752	1.286	0.5	20000.0
72	72.539	121.523	13.909	77.832	1.291	0.499	20000.0
73	74.403	121.796	14.753	77.133	1.274	0.518	20000.0
74	72.452	121.306	13.918	77.766	1.291	0.499	30000.0
75	72.491	121.653	13.929	77.937	1.298	0.494	30000.0
76	74.382	122.09	14.657	77.314	1.281	0.514	40000.0
77	72.473	121.509	13.877	77.775	1.295	0.498	20000.0
78	72.776	121.641	14.011	78.013	1.288	0.498	40000.0
79	72.765	121.769	13.881	77.946	1.298	0.496	30000.0
80	72.378	120.782	13.954	77.475	1.282	0.506	30000.0
81	72.43	121.063	13.927	77.714	1.289	0.502	20000.0
82	72.537	121.532	13.899	77.875	1.294	0.497	30000.0
83	74.5	122.051	14.707	77.082	1.279	0.519	20000.0
84	72.277	121.341	13.78	77.628	1.286	0.501	40000.0
85	72.207	121.042	13.848	77.606	1.285	0.501	20000.0
86	74.436	121.724	14.758	77.167	1.279	0.515	30000.0
87	74.384	122.114	14.646	77.193	1.281	0.516	20000.0
88	72.673	121.593	13.965	77.985	1.293	0.498	30000.0
89	74.422	121.843	14.704	77.047	1.275	0.517	30000.0
90	72.594	121.359	14.001	77.797	1.291	0.5	30000.0
91	72.29	121.644	13.882	77.916	1.295	0.497	20000.0
92	74.474	122.133	14.746	77.325	1.278	0.513	40000.0
93	72.166	121.171	13.847	77.704	1.285	0.502	30000.0
94	72.373	121.618	13.888	77.943	1.296	0.498	20000.0
95	74.113	121.606	14.758	77.115	1.273	0.517	20000.0
96	72.293	121.102	13.923	77.637	1.285	0.503	30000.0
97	72.449	121.454	13.932	77.795	1.291	0.501	40000.0
98	72.479	121.124	13.87	77.564	1.287	0.503	40000.0
99	74.098	121.69	14.634	77.096	1.272	0.516	40000.0
100	72.522	121.447	14.009	77.846	1.292	0.5	20000.0
101	74.28	121.718	14.77	77.074	1.273	0.517	40000.0
102	72.502	121.662	13.94	78.002	1.294	0.496	30000.0
103	74.348	122.132	14.731	77.323	1.283	0.512	40000.0
104	74.589	122.119	14.774	77.253	1.281	0.514	30000.0
105	72.437	121.296	13.898	77.672	1.293	0.5	30000.0
106	74.795	122.242	14.836	77.34	1.285	0.513	20000.0
107	72.306	121.378	13.939	77.889	1.29	0.497	30000.0
108	72.21	121.239	13.871	77.7	1.283	0.504	20000.0
109	74.467	121.792	14.776	77.167	1.272	0.517	20000.0
110	72.226	121.687	13.817	77.891	1.301	0.496	20000.0
111	72.021	121.269	13.793	77.752	1.292	0.5	20000.0
112	74.716	122.074	14.797	77.128	1.276	0.52	40000.0
113	72.516	121.46	13.91	77.598	1.294	0.5	20000.0
114	72.75	121.424	13.983	77.869	1.288	0.5	40000.0
115	72.436	121.471	13.931	77.891	1.29	0.498	20000.0
116	74.331	121.418	14.743	77.006	1.268	0.521	20000.0
117	72.403	121.211	13.852	77.741	1.292	0.499	30000.0
118	74.155	122.212	14.611	77.34	1.281	0.513	40000.0
119	72.299	121.05	13.853	77.689	1.28	0.501	20000.0
120	74.493	121.636	14.815	77.039	1.274	0.519	20000.0
121	74.274	122.029	14.667	77.189	1.279	0.514	40000.0
122	74.732	122.126	14.789	77.329	1.276	0.515	20000.0
123	72.132	121.189	13.769	77.747	1.286	0.501	30000.0
124	74.748	122.407	14.802	77.468	1.285	0.512	20000.0
125	74.646	122.222	14.786	77.284	1.285	0.515	20000.0
126	72.494	121.483	13.884	77.955	1.296	0.496	40000.0
127	74.402	121.895	14.706	77.172	1.278	0.517	30000.0
128	74.372	122.102	14.719	77.227	1.285	0.515	20000.0
129	72.501	121.638	13.929	77.917	1.292	0.5	20000.0
130	72.494	121.297	13.988	77.847	1.29	0.499	40000.0
131	72.681	121.456	13.997	77.986	1.29	0.495	20000.0
132	74.46	122.22	14.76	77.293	1.283	0.515	20000.0
133	72.799	121.602	13.917	78.029	1.287	0.499	30000.0
134	74.605	121.873	14.781	77.261	1.274	0.515	20000.0
135	74.515	121.833	14.814	77.36	1.279	0.512	30000.0
136	72.339	121.219	13.859	77.645	1.29	0.501	30000.0
137	72.652	121.67	13.877	77.791	1.292	0.498	30000.0
138	74.625	122.154	14.743	77.182	1.277	0.516	40000.0
139	74.308	122.255	14.634	77.333	1.285	0.513	30000.0
140	72.144	121.114	13.82	77.708	1.286	0.501	20000.0
141	72.618	121.481	13.979	77.954	1.294	0.495	20000.0
142	74.439	121.925	14.703	77.191	1.281	0.515	20000.0
143	72.717	121.268	13.952	77.806	1.291	0.499	30000.0
144	74.513	121.785	14.72	77.002	1.266	0.521	30000.0
145	72.661	122.097	13.92	78.18	1.304	0.491	30000.0
146	74.294	121.901	14.671	77.227	1.272	0.515	20000.0
147	74.478	122.146	14.658	77.354	1.285	0.512	20000.0
148	74.386	121.924	14.7	77.269	1.279	0.514	30000.0
149	74.038	121.667	14.611	77.099	1.273	0.515	20000.0
150	72.469	121.25	13.848	77.667	1.289	0.501	40000.0
151	72.213	121.361	13.894	77.79	1.292	0.498	30000.0
152	72.069	121.136	13.816	77.635	1.287	0.502	20000.0
153	72.523	121.563	13.938	77.979	1.289	0.497	20000.0
154	72.817	121.453	13.998	77.821	1.291	0.499	30000.0
155	74.8	122.15	14.801	77.266	1.278	0.515	30000.0
156	72.455	121.292	13.91	77.829	1.288	0.499	40000.0
157	74.344	121.952	14.662	77.096	1.276	0.517	30000.0
158	74.755	122.239	14.786	77.328	1.282	0.515	20000.0
159	74.218	121.703	14.701	77.115	1.272	0.517	20000.0
160	72.952	121.733	13.99	77.872	1.296	0.498	20000.0
161	72.267	120.902	13.872	77.613	1.283	0.502	40000.0
162	74.713	122.15	14.769	77.323	1.278	0.515	40000.0
163	74.425	121.862	14.759	77.121	1.278	0.52	40000.0
164	72.564	121.489	13.94	78.008	1.294	0.494	30000.0
165	72.69	121.466	14.002	78.009	1.293	0.496	30000.0
166	74.787	122.126	14.822	77.234	1.282	0.517	40000.0
167	72.193	120.913	13.82	77.564	1.281	0.504	20000.0
168	74.284	121.982	14.642	77.104	1.278	0.517	40000.0
169	72.289	121.247	13.895	77.694	1.286	0.501	40000.0
170	74.547	121.585	14.791	77.114	1.273	0.516	30000.0
171	72.318	121.263	13.836	77.86	1.29	0.497	20000.0
172	72.469	121.325	13.882	77.77	1.287	0.499	20000.0
173	72.338	121.523	13.895	77.815	1.293	0.499	20000.0
174	72.421	121.212	13.892	77.792	1.289	0.5	20000.0
175	72.534	121.425	13.916	77.775	1.29	0.5	40000.0
176	72.251	121.045	13.875	77.611	1.284	0.504	30000.0
177	74.418	122.068	14.801	77.317	1.281	0.516	20000.0
178	74.436	121.715	14.742	77.103	1.27	0.519	30000.0
179	74.58	122.358	14.765	77.443	1.286	0.51	40000.0
180	72.768	121.783	13.92	78.014	1.291	0.496	30000.0
181	73.912	121.855	14.661	77.073	1.28	0.517	20000.0
182	74.553	122.198	14.691	77.343	1.279	0.514	30000.0
183	74.199	121.533	14.75	76.978	1.272	0.52	30000.0
184	74.354	122.383	14.72	77.353	1.285	0.511	20000.0
185	74.332	121.944	14.702	77.043	1.277	0.519	30000.0
186	72.152	120.814	13.762	77.379	1.282	0.504	20000.0
187	72.401	121.391	13.901	77.6	1.295	0.503	20000.0
188	72.482	121.459	13.913	77.751	1.289	0.499	20000.0
189	72.545	121.213	14.002	77.753	1.283	0.503	20000.0
190	72.087	120.952	13.811	77.588	1.284	0.504	20000.0
191	74.396	121.455	14.659	76.883	1.265	0.524	20000.0
192	74.552	122.3	14.757	77.372	1.286	0.512	20000.0
193	74.13	121.897	14.61	77.021	1.276	0.518	20000.0
194	74.269	121.77	14.656	77.039	1.275	0.518	20000.0
195	74.411	121.802	14.741	76.994	1.271	0.519	20000.0
196	72.57	121.386	13.968	77.801	1.288	0.499	40000.0
197	74.695	122.294	14.792	77.261	1.282	0.515	40000.0
198	72.012	121.201	13.925	77.746	1.285	0.5	30000.0
199	74.657	122.418	14.749	77.389	1.285	0.513	40000.0
200	74.432	122.024	14.724	77.149	1.278	0.519	30000.0
201	72.313	120.972	13.907	77.692	1.285	0.504	30000.0
202	72.391	121.419	13.888	77.895	1.291	0.499	20000.0
203	74.41	122.312	14.642	77.218	1.282	0.514	30000.0
204	74.307	121.901	14.63	77.129	1.273	0.518	20000.0
205	74.464	121.777	14.758	77.168	1.271	0.519	20000.0
206	74.653	122.276	14.815	77.416	1.283	0.512	20000.0
207	72.229	121.34	13.834	77.742	1.292	0.499	30000.0
208	72.368	121.179	13.844	77.565	1.289	0.501	30000.0
209	74.675	122.196	14.827	77.267	1.282	0.517	20000.0
210	72.242	121.035	13.934	77.788	1.289	0.498	30000.0
211	72.255	121.135	13.843	77.641	1.288	0.502	30000.0
212	74.632	122.185	14.79	77.367	1.285	0.511	20000.0
213	72.298	121.051	13.961	77.72	1.288	0.502	40000.0
214	72.556	121.081	13.895	77.699	1.285	0.503	30000.0
215	72.516	121.769	13.898	77.854	1.3	0.496	20000.0
216	74.236	121.755	14.707	77.192	1.272	0.514	20000.0
217	72.358	121.556	13.864	77.831	1.286	0.498	30000.0
218	72.331	120.931	13.826	77.378	1.281	0.506	30000.0
219	74.512	121.837	14.704	77.116	1.278	0.517	40000.0
220	74.408	122.272	14.736	77.365	1.285	0.513	30000.0
221	71.831	121.13	13.84	77.708	1.293	0.503	40000.0
222	72.449	121.313	13.907	77.709	1.288	0.501	20000.0
223	72.09	121.069	13.812	77.654	1.29	0.501	20000.0
224	72.383	121.148	13.918	77.818	1.288	0.499	30000.0
225	72.447	121.246	13.971	77.757	1.293	0.499	30000.0
226	74.308	121.734	14.754	77.21	1.275	0.515	20000.0
227	72.143	120.968	13.933	77.659	1.288	0.503	30000.0
228	72.51	121.264	13.968	77.689	1.292	0.503	20000.0
229	72.217	121.293	13.784	77.835	1.29	0.498	40000.0
230	74.553	122.201	14.679	77.168	1.275	0.517	30000.0
231	72.159	121.262	13.838	77.683	1.285	0.501	40000.0
232	72.055	121.1	13.796	77.46	1.287	0.503	20000.0
233	73.993	121.692	14.644	77.056	1.274	0.517	30000.0
234	72.46	121.393	13.937	77.832	1.295	0.497	20000.0
235	74.664	122.296	14.733	77.339	1.28	0.512	30000.0
236	72.334	121.721	13.836	77.84	1.294	0.498	40000.0
237	72.31	121.523	13.783	77.841	1.297	0.496	20000.0
238	72.455	121.444	13.896	77.796	1.29	0.5	30000.0
239	74.451	122.022	14.62	77.084	1.279	0.515	30000.0
240	72.32	121.229	13.856	77.706	1.291	0.5	20000.0
241	74.714	122.223	14.766	77.407	1.277	0.513	20000.0
242	72.335	121.183	13.825	77.561	1.29	0.501	40000.0
243	72.631	121.483	13.894	77.998	1.293	0.495	40000.0
244	72.283	121.407	13.815	77.915	1.288	0.496	30000.0
245	74.181	121.838	14.644	77.046	1.278	0.519	40000.0
246	72.396	121.239	13.933	77.827	1.291	0.498	30000.0
247	72.243	121.174	13.904	77.663	1.289	0.502	20000.0
248	72.642	121.795	13.955	77.948	1.299	0.496	20000.0
249	72.367	121.422	13.84	77.774	1.288	0.499	20000.0
250	72.303	120.849	13.85	77.661	1.281	0.501	20000.0
251	72.509	121.522	13.88	77.882	1.292	0.499	30000.0
252	72.651	121.489	13.984	78.031	1.288	0.497	40000.0
253	72.49	121.315	13.944	77.779	1.287	0.502	40000.0
254	72.371	121.192	13.903	77.663	1.288	0.501	30000.0
255	74.771	122.074	14.863	77.157	1.281	0.519	20000.0
256	74.823	121.835	14.752	77.129	1.273	0.518	20000.0
257	74.314	122.121	14.702	77.146	1.284	0.515	20000.0
258	72.416	121.334	13.861	77.751	1.291	0.5	20000.0
259	72.439	121.281	13.859	77.549	1.288	0.503	20000.0
260	72.237	121.271	13.907	77.817	1.288	0.501	40000.0
261	72.305	121.128	13.871	77.668	1.288	0.503	20000.0
262	72.782	121.782	13.978	78.169	1.303	0.492	20000.0
263	72.724	121.549	14.001	77.803	1.296	0.499	30000.0
264	72.165	121.401	13.831	77.712	1.29	0.502	30000.0
265	72.473	121.471	13.982	77.786	1.296	0.498	40000.0
266	72.327	121.109	13.823	77.646	1.283	0.503	20000.0
267	74.223	121.628	14.716	76.981	1.274	0.518	20000.0
268	74.33	121.821	14.675	77.003	1.271	0.52	20000.0
269	72.692	121.787	13.836	77.9	1.295	0.497	30000.0
270	72.435	121.161	13.891	77.737	1.28	0.502	20000.0
271	74.438	122.15	14.703	77.197	1.279	0.515	40000.0
272	72.437	121.473	13.893	77.844	1.292	0.498	40000.0
273	74.972	122.227	14.826	77.197	1.28	0.516	20000.0
274	72.156	120.915	13.82	77.556	1.282	0.505	20000.0
275	74.412	121.835	14.736	77.121	1.275	0.521	20000.0
276	74.456	122.19	14.794	77.224	1.283	0.514	20000.0
277	74.268	121.799	14.705	77.075	1.271	0.52	20000.0
278	72.204	121.152	13.876	77.699	1.285	0.502	50000.0
279	72.329	121.339	13.852	77.772	1.291	0.5	30000.0
280	72.406	121.764	13.795	77.895	1.297	0.496	20000.0
281	74.462	122.156	14.736	77.276	1.28	0.514	30000.0
282	72.599	121.718	13.901	77.898	1.299	0.496	20000.0
283	74.512	121.949	14.724	77.296	1.278	0.513	30000.0
284	73.838	121.441	14.541	76.763	1.274	0.52	20000.0
285	72.361	121.054	13.878	77.703	1.282	0.504	20000.0
286	72.371	120.947	13.903	77.632	1.283	0.502	30000.0
287	72.255	121.158	13.798	77.492	1.288	0.505	20000.0
288	74.291	121.76	14.585	77.151	1.272	0.516	20000.0
289	74.348	121.617	14.686	77.041	1.273	0.518	40000.0
290	74.751	122.283	14.756	77.323	1.28	0.515	30000.0
291	72.599	121.589	13.871	77.887	1.291	0.496	30000.0
292	74.759	122.192	14.771	77.236	1.278	0.516	20000.0
293	72.285	121.321	13.959	77.91	1.292	0.498	30000.0
294	72.643	121.702	13.909	78.095	1.298	0.494	20000.0
295	71.926	121.147	13.748	77.588	1.289	0.501	30000.0
296	74.406	121.972	14.67	77.22	1.278	0.513	20000.0
297	72.483	121.082	13.891	77.727	1.288	0.498	40000.0
298	72.414	121.532	13.954	78.028	1.296	0.498	30000.0
299	72.292	121.405	13.809	77.85	1.294	0.498	20000.0
300	72.356	121.463	13.899	77.868	1.289	0.5	20000.0
301	72.618	121.402	13.929	77.81	1.29	0.499	30000.0
302	72.426	121.399	13.886	77.901	1.292	0.495	20000.0
303	74.274	121.505	14.67	77.023	1.272	0.518	20000.0
304	74.485	122.056	14.765	77.203	1.28	0.519	30000.0
305	74.408	121.969	14.708	77.134	1.281	0.516	30000.0
306	74.641	122.027	14.797	77.088	1.274	0.52	20000.0
307	74.459	121.534	14.727	76.966	1.272	0.519	30000.0
308	72.65	121.591	13.91	78.046	1.297	0.494	40000.0
309	72.511	121.593	13.906	77.879	1.292	0.497	40000.0
310	74.491	121.908	14.738	76.97	1.275	0.518	20000.0
311	74.302	122.25	14.642	77.301	1.283	0.511	30000.0
312	72.53	121.71	13.882	77.93	1.297	0.496	20000.0
313	72.287	121.121	13.823	77.472	1.281	0.506	30000.0
314	74.579	121.898	14.713	77.246	1.273	0.515	20000.0
315	74.135	121.735	14.731	77.104	1.279	0.515	40000.0
316	74.562	122.167	14.654	77.201	1.278	0.515	20000.0
317	72.353	121.255	13.87	77.626	1.29	0.503	20000.0
318	74.493	122.045	14.731	77.22	1.278	0.518	20000.0
319	72.427	121.45	13.919	77.903	1.29	0.497	50000.0
320	72.152	121.089	13.759	77.607	1.283	0.503	30000.0
321	72.077	121.19	13.751	77.769	1.29	0.499	30000.0
322	74.368	121.445	14.761	76.93	1.272	0.521	30000.0
323	72.375	121.494	13.871	77.756	1.295	0.5	40000.0
324	74.366	122.064	14.62	76.984	1.271	0.52	30000.0
325	74.464	122.096	14.707	77.308	1.277	0.513	20000.0
326	74.205	121.957	14.67	77.24	1.278	0.514	20000.0
327	72.178	120.904	13.936	77.714	1.288	0.501	30000.0
328	72.5	121.38	13.897	77.602	1.287	0.504	20000.0
329	72.299	121.032	13.826	77.583	1.286	0.502	20000.0
330	72.531	121.491	13.884	77.743	1.288	0.501	20000.0
331	72.444	121.215	13.922	77.768	1.288	0.501	30000.0
332	74.492	122.42	14.676	77.34	1.284	0.513	20000.0
333	72.313	120.886	13.925	77.612	1.289	0.503	20000.0
334	74.075	121.71	14.593	77.068	1.271	0.52	20000.0
335	74.372	122.28	14.688	77.333	1.281	0.512	30000.0
336	74.604	122.109	14.782	77.306	1.281	0.515	40000.0
337	74.522	121.97	14.779	77.289	1.28	0.515	30000.0
338	71.807	120.762	13.679	77.402	1.28	0.504	20000.0
339	72.492	121.081	13.959	77.681	1.285	0.502	20000.0
340	74.232	121.604	14.636	76.979	1.27	0.519	30000.0
341	74.161	121.283	14.56	76.78	1.266	0.522	20000.0
342	74.628	122.073	14.771	77.367	1.277	0.512	30000.0
343	72.734	122.11	13.847	78.196	1.299	0.49	30000.0
344	74.087	121.548	14.637	76.989	1.272	0.519	20000.0
345	74.467	122.335	14.734	77.322	1.283	0.514	20000.0
346	72.279	121.377	13.922	77.967	1.289	0.497	20000.0
347	74.109	121.666	14.668	77.103	1.273	0.517	20000.0
348	72.697	121.878	13.977	77.98	1.298	0.496	20000.0
349	72.417	120.93	13.902	77.538	1.284	0.504	30000.0
350	72.642	121.498	13.926	77.914	1.294	0.497	30000.0
351	72.273	121.402	13.819	77.839	1.292	0.497	20000.0
352	72.429	121.386	13.879	77.811	1.286	0.498	30000.0
353	74.547	122.181	14.687	77.192	1.281	0.516	20000.0
354	74.461	121.903	14.726	77.094	1.272	0.52	30000.0
355	72.289	121.353	13.9	77.811	1.292	0.501	20000.0
356	72.312	121.258	13.873	77.785	1.292	0.498	30000.0
357	74.366	121.833	14.671	77.084	1.271	0.518	30000.0
358	72.468	121.456	13.844	77.819	1.289	0.5	40000.0
359	72.542	121.548	13.947	77.877	1.298	0.497	20000.0
360	72.602	121.474	13.94	77.687	1.289	0.502	20000.0
361	74.54	121.876	14.769	77.028	1.277	0.52	20000.0
362	72.638	121.892	13.898	78.005	1.291	0.496	20000.0
363	72.382	121.132	13.879	77.744	1.281	0.501	30000.0
364	72.552	121.305	13.946	77.817	1.29	0.5	20000.0
365	74.239	121.7	14.633	77.098	1.275	0.517	30000.0
366	72.471	121.525	13.924	77.795	1.294	0.501	20000.0
367	72.363	121.159	13.932	77.919	1.284	0.498	20000.0
368	72.486	121.346	13.925	77.841	1.298	0.499	20000.0
369	74.85	122.503	14.887	77.448	1.286	0.514	20000.0
370	74.809	122.203	14.681	77.227	1.279	0.515	20000.0
371	74.312	121.667	14.702	76.967	1.273	0.521	20000.0
372	74.624	122.098	14.767	77.314	1.283	0.513	30000.0
373	72.261	120.939	13.855	77.699	1.284	0.5	20000.0
374	72.405	121.283	13.851	77.861	1.285	0.5	20000.0
375	74.814	122.138	14.831	77.247	1.275	0.518	40000.0
376	72.597	121.572	13.905	77.951	1.293	0.496	30000.0
377	74.342	122.032	14.729	77.293	1.278	0.512	30000.0
378	74.593	122.051	14.728	77.242	1.274	0.515	20000.0
379	72.271	121.329	13.89	77.77	1.294	0.499	30000.0
380	74.642	122.358	14.865	77.314	1.282	0.517	20000.0
381	72.278	121.325	13.876	77.806	1.29	0.499	30000.0
382	74.645	122.183	14.748	77.322	1.282	0.513	20000.0
383	74.498	122.065	14.736	77.253	1.282	0.515	30000.0
384	74.205	122.093	14.671	77.188	1.281	0.516	20000.0
385	72.76	121.405	13.95	77.912	1.294	0.498	20000.0
386	72.412	121.426	13.924	77.641	1.289	0.501	40000.0
387	72.314	121.358	13.887	77.8	1.288	0.501	30000.0
388	72.103	121.105	13.767	77.59	1.287	0.502	20000.0
389	72.361	121.098	13.882	77.893	1.292	0.496	40000.0
390	74.833	122.437	14.827	77.393	1.284	0.513	40000.0
391	72.651	121.597	13.923	77.801	1.296	0.501	40000.0
392	72.159	121.216	13.797	77.705	1.286	0.5	30000.0
393	71.926	120.797	13.784	77.485	1.291	0.502	30000.0
394	72.294	121.048	13.946	77.675	1.288	0.503	30000.0
395	72.243	120.895	13.835	77.67	1.277	0.503	40000.0
396	72.678	121.996	13.999	78.021	1.3	0.495	20000.0
397	72.574	121.269	13.931	77.89	1.287	0.497	40000.0
398	74.385	121.889	14.743	77.075	1.277	0.518	40000.0
399	72.781	121.703	13.914	77.994	1.288	0.497	20000.0
400	74.398	121.958	14.695	77.231	1.277	0.514	30000.0
401	74.258	121.902	14.698	77.266	1.277	0.515	20000.0
402	72.566	121.65	13.928	77.953	1.295	0.497	30000.0
403	74.26	121.834	14.733	77.063	1.275	0.52	30000.0
404	74.001	121.758	14.64	77.191	1.278	0.515	30000.0
405	72.395	121.458	13.936	77.875	1.29	0.499	40000.0
406	72.275	121.311	13.876	77.701	1.293	0.5	40000.0
407	72.601	121.49	13.947	77.874	1.292	0.499	20000.0
408	72.188	120.998	13.806	77.65	1.279	0.503	20000.0
409	73.023	121.833	14.037	78.048	1.296	0.496	20000.0
410	74.605	121.878	14.769	77.083	1.27	0.52	30000.0
411	72.699	121.746	13.924	77.891	1.296	0.495	20000.0
412	72.55	121.478	13.924	77.913	1.288	0.498	50000.0
413	74.521	121.759	14.777	77.025	1.276	0.52	20000.0
414	72.408	121.378	13.88	77.702	1.29	0.5	30000.0
415	72.233	121.154	13.808	77.77	1.29	0.498	40000.0
416	72.591	121.534	13.934	77.758	1.293	0.499	20000.0
417	74.939	122.558	14.848	77.362	1.285	0.512	30000.0
418	72.848	121.229	14.025	77.828	1.29	0.498	40000.0
419	72.36	121.257	13.834	77.76	1.284	0.501	40000.0
420	74.249	121.494	14.617	77.016	1.273	0.519	20000.0
421	72.438	121.456	13.869	77.888	1.29	0.496	20000.0
422	72.142	121.18	13.911	77.772	1.284	0.504	20000.0
423	72.565	121.534	13.884	77.809	1.294	0.497	20000.0
424	72.736	121.618	13.982	77.846	1.29	0.5	20000.0
425	72.015	121.031	13.884	77.651	1.289	0.504	30000.0
426	72.621	121.745	13.94	77.933	1.292	0.497	20000.0
427	72.373	120.929	13.923	77.561	1.287	0.503	30000.0
428	74.404	122.0	14.746	77.222	1.278	0.515	30000.0
429	71.968	121.016	13.812	77.541	1.286	0.505	30000.0
430	74.417	121.793	14.771	77.173	1.271	0.518	40000.0
431	72.451	121.572	13.911	77.772	1.295	0.5	20000.0
432	74.339	121.868	14.698	77.047	1.274	0.519	20000.0
433	72.089	120.83	13.813	77.466	1.285	0.505	20000.0
434	72.29	120.943	13.86	77.59	1.283	0.504	20000.0
435	74.436	121.794	14.738	77.239	1.276	0.515	30000.0
436	72.135	120.843	13.875	77.515	1.281	0.505	20000.0
437	74.292	121.658	14.705	77.103	1.27	0.518	40000.0
438	72.806	121.715	13.901	77.855	1.288	0.498	20000.0
439	72.511	121.999	13.846	77.936	1.302	0.497	20000.0
440	74.388	121.844	14.656	77.059	1.277	0.518	30000.0
441	74.428	122.625	14.702	77.412	1.289	0.511	40000.0
442	74.552	122.084	14.769	77.288	1.281	0.517	20000.0
443	72.696	122.006	13.87	78.054	1.3	0.494	20000.0
444	72.239	121.478	13.856	77.901	1.29	0.498	20000.0
445	72.215	121.154	13.908	77.709	1.291	0.499	20000.0
446	72.326	121.155	13.905	77.601	1.282	0.505	30000.0
447	74.007	121.624	14.653	76.864	1.275	0.52	30000.0
448	72.495	121.621	13.934	77.924	1.297	0.495	30000.0
449	72.803	121.732	13.966	77.882	1.296	0.499	30000.0
450	72.329	121.505	13.842	77.681	1.291	0.5	30000.0
451	72.592	121.584	13.926	77.882	1.295	0.498	30000.0
452	74.354	122.027	14.663	77.183	1.279	0.513	30000.0
453	72.579	121.414	13.963	77.804	1.292	0.502	40000.0
454	72.404	121.606	13.893	77.779	1.29	0.499	20000.0
455	72.638	121.558	13.9	77.751	1.29	0.498	40000.0
456	72.898	121.613	14.012	77.895	1.296	0.498	20000.0
457	72.188	121.243	13.901	77.847	1.287	0.499	30000.0
458	74.649	122.434	14.742	77.419	1.289	0.509	40000.0
459	72.59	121.352	13.891	77.744	1.289	0.502	30000.0
460	74.539	122.306	14.731	77.361	1.284	0.513	30000.0
461	72.393	121.229	13.934	77.806	1.293	0.5	40000.0
462	72.357	121.305	13.861	77.715	1.289	0.499	20000.0
463	74.509	122.055	14.739	77.317	1.279	0.513	30000.0
464	74.487	121.749	14.709	77.167	1.275	0.517	30000.0
465	74.117	121.638	14.575	77.017	1.275	0.518	40000.0
466	72.5	121.371	13.889	77.799	1.289	0.499	30000.0
467	72.905	121.44	13.998	77.706	1.285	0.503	20000.0
468	72.36	121.452	13.933	78.002	1.293	0.496	30000.0
469	74.096	121.728	14.609	77.157	1.278	0.515	20000.0
470	72.513	121.442	13.976	77.93	1.295	0.497	20000.0
471	72.18	120.839	13.873	77.552	1.278	0.505	40000.0
472	74.667	122.115	14.76	77.379	1.284	0.512	20000.0
473	72.496	121.351	13.866	77.931	1.293	0.496	30000.0
474	72.625	121.511	13.974	77.745	1.293	0.501	30000.0
475	72.438	121.104	13.94	77.719	1.29	0.501	20000.0
476	74.205	121.458	14.651	76.966	1.265	0.52	30000.0
477	72.313	121.016	13.892	77.616	1.284	0.504	20000.0
478	74.477	121.967	14.68	77.116	1.278	0.517	30000.0
479	74.758	122.27	14.839	77.319	1.278	0.517	20000.0
480	74.162	121.658	14.662	77.039	1.271	0.52	30000.0
481	74.452	122.044	14.653	77.087	1.275	0.518	40000.0
482	74.562	122.403	14.661	77.475	1.286	0.506	20000.0
483	72.606	120.931	13.907	77.837	1.284	0.499	20000.0
484	74.486	121.827	14.712	77.161	1.274	0.517	20000.0
485	74.383	121.903	14.706	77.199	1.276	0.516	20000.0
486	72.589	121.564	13.966	77.846	1.293	0.498	20000.0
487	72.331	121.23	13.924	77.77	1.292	0.501	40000.0
488	72.47	121.585	14.007	77.954	1.301	0.496	20000.0
489	72.795	121.939	13.987	77.984	1.303	0.494	20000.0
490	74.601	122.151	14.721	77.175	1.282	0.515	30000.0
491	74.67	122.499	14.811	77.447	1.291	0.51	20000.0
492	72.386	121.435	13.821	77.837	1.289	0.5	30000.0
493	74.496	122.379	14.782	77.434	1.284	0.51	20000.0
494	72.441	121.254	13.896	77.685	1.282	0.503	30000.0
495	74.798	121.995	14.809	77.214	1.273	0.518	20000.0
496	72.779	121.795	13.965	78.013	1.295	0.498	70000.0
497	73.035	121.609	14.051	77.979	1.294	0.498	20000.0
498	72.079	121.05	13.795	77.568	1.284	0.504	20000.0
499	72.237	121.225	13.841	77.779	1.287	0.499	20000.0
500	74.49	122.14	14.7	77.277	1.28	0.513	20000.0
