NMF_Replicate	L1	L1 %	L2	L2 %	KL Divergence	Correlation	Convergence Iterations
1	113.533	70.136	20.626	46.704	0.574	0.808	20000.0
2	114.349	71.666	22.451	48.569	0.565	0.806	20000.0
3	115.156	71.966	22.627	48.579	0.564	0.806	30000.0
4	112.49	69.701	20.585	46.764	0.568	0.806	20000.0
5	114.574	71.7	22.306	48.534	0.567	0.808	30000.0
6	116.055	72.735	22.91	49.578	0.574	0.799	30000.0
7	114.3	71.838	22.499	48.669	0.571	0.802	30000.0
8	114.889	72.32	22.468	49.097	0.57	0.802	20000.0
9	113.35	70.002	20.835	46.857	0.571	0.808	40000.0
10	115.352	71.793	22.747	48.806	0.564	0.806	40000.0
11	113.087	70.09	20.747	46.911	0.578	0.804	30000.0
12	114.799	72.23	22.571	48.759	0.572	0.806	20000.0
13	112.894	70.258	20.836	47.13	0.574	0.802	20000.0
14	114.942	72.205	22.509	49.082	0.567	0.801	30000.0
15	114.444	71.296	22.395	48.304	0.558	0.81	20000.0
16	113.043	70.031	20.686	46.75	0.57	0.806	30000.0
17	115.544	72.425	22.623	49.241	0.575	0.8	20000.0
18	114.078	71.624	22.37	48.573	0.564	0.807	20000.0
19	112.976	69.972	20.729	46.909	0.573	0.806	40000.0
20	112.693	69.243	20.73	46.342	0.558	0.813	30000.0
21	115.107	71.546	22.511	48.483	0.561	0.807	30000.0
22	114.467	71.764	22.487	48.662	0.563	0.805	20000.0
23	114.189	71.639	22.354	48.526	0.563	0.806	20000.0
24	114.454	71.745	22.457	48.725	0.572	0.803	20000.0
25	112.906	70.107	20.745	47.009	0.569	0.805	40000.0
26	114.446	71.702	22.434	48.639	0.565	0.805	20000.0
27	114.549	71.862	22.493	48.666	0.566	0.806	20000.0
28	113.118	69.817	20.763	46.779	0.572	0.806	20000.0
29	112.448	70.065	20.817	47.194	0.575	0.804	30000.0
30	115.34	71.533	22.702	48.611	0.564	0.808	20000.0
31	115.141	71.919	22.565	48.675	0.568	0.804	40000.0
32	114.748	72.194	22.251	48.585	0.573	0.804	40000.0
33	114.703	72.097	22.476	48.836	0.569	0.805	40000.0
34	115.326	72.464	22.582	49.195	0.571	0.8	20000.0
35	115.866	72.378	22.768	49.232	0.577	0.801	20000.0
36	113.965	71.632	22.333	48.738	0.568	0.805	20000.0
37	115.366	72.304	22.817	49.289	0.573	0.8	20000.0
38	113.827	71.525	22.247	48.451	0.565	0.805	20000.0
39	113.512	70.131	21.027	47.107	0.569	0.803	30000.0
40	113.604	71.609	22.256	48.519	0.566	0.806	30000.0
41	113.516	71.26	22.222	48.405	0.565	0.805	20000.0
42	115.224	72.019	22.534	48.8	0.569	0.802	40000.0
43	114.823	71.79	22.437	48.549	0.564	0.807	20000.0
44	113.685	71.484	22.136	48.522	0.565	0.806	20000.0
45	112.12	69.82	20.545	46.974	0.572	0.801	40000.0
46	112.762	69.82	20.82	46.901	0.568	0.807	30000.0
47	114.76	71.744	22.404	48.631	0.568	0.803	20000.0
48	115.079	72.031	22.675	49.02	0.571	0.801	20000.0
49	113.761	71.617	22.288	48.598	0.563	0.805	20000.0
50	115.563	71.973	22.757	48.665	0.57	0.805	40000.0
51	115.066	72.275	22.576	49.132	0.571	0.802	30000.0
52	115.342	72.295	22.642	49.19	0.57	0.803	20000.0
53	115.044	71.741	22.715	48.652	0.565	0.805	20000.0
54	112.322	69.762	20.465	46.444	0.573	0.808	40000.0
55	114.163	71.205	22.381	48.376	0.559	0.806	20000.0
56	114.706	71.824	22.728	49.025	0.566	0.803	30000.0
57	114.068	71.202	22.262	48.327	0.562	0.807	30000.0
58	114.293	71.65	22.495	48.397	0.569	0.808	40000.0
59	115.559	72.358	22.84	49.195	0.572	0.802	40000.0
60	112.018	69.587	20.609	46.397	0.566	0.811	30000.0
61	114.92	71.917	22.736	48.888	0.569	0.802	20000.0
62	114.294	71.798	22.536	48.946	0.569	0.803	40000.0
63	114.44	71.491	22.304	48.429	0.561	0.808	30000.0
64	112.893	69.897	20.62	46.714	0.569	0.806	20000.0
65	112.716	69.7	20.622	46.559	0.569	0.807	50000.0
66	113.104	70.068	20.721	46.983	0.569	0.804	20000.0
67	112.703	69.913	20.773	46.864	0.57	0.806	40000.0
68	114.062	71.744	22.269	48.508	0.566	0.805	40000.0
69	113.253	70.486	20.801	47.316	0.578	0.799	50000.0
70	114.788	71.767	22.538	48.579	0.564	0.806	20000.0
71	114.234	71.759	22.248	48.627	0.568	0.803	40000.0
72	112.173	69.679	20.672	46.471	0.567	0.808	50000.0
73	114.801	71.73	22.46	48.779	0.567	0.804	30000.0
74	114.604	71.833	22.633	48.565	0.567	0.805	30000.0
75	114.192	71.709	22.266	48.561	0.568	0.804	30000.0
76	115.186	71.843	22.722	48.932	0.567	0.802	40000.0
77	114.819	71.913	22.627	48.959	0.564	0.804	30000.0
78	114.21	71.999	22.425	48.866	0.57	0.802	20000.0
79	111.504	69.239	20.521	46.328	0.563	0.811	20000.0
80	115.624	72.322	22.67	49.168	0.576	0.8	20000.0
81	113.888	71.61	22.26	48.649	0.567	0.803	50000.0
82	113.261	70.279	20.934	47.36	0.575	0.801	40000.0
83	111.931	69.751	20.518	46.535	0.57	0.81	30000.0
84	114.066	71.673	22.381	48.413	0.57	0.806	30000.0
85	114.163	72.071	22.49	49.058	0.568	0.801	20000.0
86	112.304	69.802	20.625	46.408	0.574	0.806	40000.0
87	112.69	69.83	20.875	46.852	0.57	0.806	30000.0
88	112.874	70.121	20.805	47.093	0.57	0.805	30000.0
89	114.941	71.926	22.694	48.919	0.567	0.803	20000.0
90	114.466	71.619	22.506	48.659	0.564	0.805	20000.0
91	112.548	69.881	20.629	46.874	0.568	0.806	30000.0
92	115.797	71.845	22.735	48.583	0.564	0.805	40000.0
93	111.804	69.391	20.658	46.455	0.566	0.809	60000.0
94	112.087	69.451	20.684	46.742	0.571	0.806	50000.0
95	114.513	71.696	22.567	48.632	0.568	0.806	40000.0
96	114.999	71.517	22.666	48.567	0.564	0.808	30000.0
97	114.738	72.275	22.52	49.157	0.572	0.801	20000.0
98	112.907	69.921	20.836	46.952	0.569	0.806	30000.0
99	113.219	70.044	20.942	47.052	0.57	0.804	40000.0
100	114.698	71.65	22.619	48.754	0.566	0.804	30000.0
