NMF_Replicate	L1	L1 %	L2	L2 %	KL Divergence	Correlation	Convergence Iterations
1	65.173	90.912	11.255	61.959	0.808	0.687	60000.0
2	63.415	89.496	10.898	60.901	0.812	0.697	50000.0
3	65.998	92.547	11.349	62.77	0.809	0.677	30000.0
4	63.911	89.567	10.887	60.243	0.803	0.707	40000.0
5	64.184	90.669	10.898	60.905	0.816	0.7	30000.0
6	66.774	93.006	11.57	62.848	0.809	0.678	30000.0
7	61.5	86.183	10.445	58.882	0.8	0.717	60000.0
8	65.173	90.014	11.327	61.386	0.8	0.695	40000.0
9	63.291	88.61	10.905	60.316	0.808	0.704	50000.0
10	65.687	91.943	11.243	62.337	0.812	0.682	50000.0
11	63.804	88.688	10.776	59.611	0.799	0.714	70000.0
12	65.658	91.791	11.202	61.972	0.807	0.688	40000.0
13	64.738	90.0	11.15	61.223	0.799	0.696	60000.0
14	64.13	90.027	10.979	61.163	0.805	0.693	90000.0
15	63.585	88.861	10.897	60.298	0.801	0.703	70000.0
16	63.437	89.362	10.781	60.698	0.802	0.7	50000.0
17	64.951	91.176	11.133	61.972	0.806	0.687	90000.0
18	66.498	93.112	11.366	62.605	0.814	0.679	50000.0
19	64.159	89.68	10.964	60.339	0.803	0.708	40000.0
20	65.698	91.598	11.353	62.158	0.809	0.685	40000.0
21	64.364	89.452	11.041	60.851	0.802	0.698	80000.0
22	64.965	90.157	11.357	61.464	0.802	0.695	30000.0
23	64.621	90.179	11.202	61.579	0.803	0.691	40000.0
24	64.074	89.799	10.823	60.995	0.815	0.694	30000.0
25	65.41	91.437	11.16	62.022	0.808	0.686	40000.0
26	62.393	87.53	10.411	59.167	0.813	0.715	50000.0
27	62.782	86.903	10.752	58.795	0.801	0.722	30000.0
28	65.14	90.361	11.225	61.041	0.805	0.698	50000.0
29	64.732	89.727	11.113	60.65	0.802	0.702	90000.0
30	65.257	90.502	11.138	61.209	0.809	0.697	60000.0
31	64.485	89.598	11.065	60.712	0.808	0.701	40000.0
32	65.331	91.818	11.101	61.869	0.811	0.686	50000.0
33	64.594	90.855	11.036	61.608	0.81	0.689	50000.0
34	63.777	89.875	10.78	60.941	0.806	0.696	90000.0
35	64.579	91.174	10.984	61.409	0.812	0.691	40000.0
36	62.975	87.769	10.624	59.469	0.806	0.713	30000.0
37	64.657	89.925	11.026	60.843	0.808	0.702	60000.0
38	62.828	88.489	10.493	59.46	0.807	0.712	60000.0
39	64.137	90.558	10.907	61.173	0.807	0.694	60000.0
40	62.982	88.474	10.765	60.166	0.799	0.702	40000.0
41	65.071	90.737	11.084	61.133	0.808	0.698	70000.0
42	64.962	90.249	11.208	61.51	0.802	0.693	70000.0
43	62.901	86.761	10.815	58.579	0.801	0.726	50000.0
44	64.338	89.711	11.058	61.074	0.804	0.698	50000.0
45	62.638	88.282	10.6	59.769	0.806	0.708	70000.0
46	64.437	90.926	10.927	61.394	0.814	0.69	60000.0
47	65.359	91.194	11.23	62.027	0.806	0.687	40000.0
48	63.654	88.897	10.908	60.513	0.802	0.7	50000.0
49	64.74	90.892	11.122	61.953	0.807	0.687	70000.0
50	63.891	90.12	10.769	60.906	0.803	0.698	50000.0
51	66.743	93.539	11.517	63.197	0.821	0.674	30000.0
52	66.347	91.71	11.54	61.904	0.807	0.69	50000.0
53	63.88	89.432	11.01	60.53	0.815	0.706	50000.0
54	62.56	87.205	10.526	58.872	0.804	0.718	50000.0
55	65.386	91.563	11.174	62.015	0.806	0.686	80000.0
56	66.045	91.41	11.349	61.825	0.802	0.691	60000.0
57	65.282	91.425	11.212	61.944	0.81	0.687	40000.0
58	64.253	89.816	10.98	60.892	0.803	0.697	70000.0
59	63.508	89.034	10.951	60.671	0.802	0.701	50000.0
60	62.971	87.667	10.635	59.286	0.797	0.716	50000.0
61	65.245	91.534	11.178	62.198	0.809	0.684	60000.0
62	66.376	92.305	11.423	62.268	0.808	0.685	60000.0
63	62.78	88.234	10.597	59.811	0.806	0.707	70000.0
64	65.908	91.945	11.43	62.423	0.807	0.684	50000.0
65	64.425	88.683	11.045	59.615	0.802	0.716	50000.0
66	63.556	88.651	10.677	59.629	0.802	0.713	40000.0
67	63.626	89.785	10.79	60.651	0.804	0.699	40000.0
68	65.532	91.254	11.177	61.685	0.808	0.69	40000.0
69	65.228	91.314	11.209	61.764	0.808	0.689	60000.0
70	65.183	91.263	11.272	61.571	0.806	0.694	30000.0
71	63.817	89.713	10.803	60.576	0.811	0.703	30000.0
72	62.988	88.499	10.546	59.899	0.808	0.706	40000.0
73	65.545	91.723	11.341	62.049	0.802	0.689	50000.0
74	63.358	87.88	10.874	59.072	0.802	0.719	60000.0
75	62.042	87.238	10.606	59.585	0.806	0.711	30000.0
76	63.427	88.312	10.919	60.116	0.79	0.705	70000.0
77	62.968	88.723	10.706	60.197	0.809	0.704	30000.0
78	64.495	90.135	10.975	61.183	0.804	0.694	30000.0
79	64.493	90.391	11.02	61.234	0.813	0.692	40000.0
80	63.428	88.732	10.903	60.328	0.801	0.705	80000.0
81	65.221	91.306	11.173	61.711	0.804	0.691	50000.0
82	65.106	91.279	11.206	61.966	0.813	0.688	40000.0
83	64.925	91.274	11.082	61.576	0.815	0.689	40000.0
84	64.961	89.17	11.231	60.315	0.801	0.707	50000.0
85	64.347	90.215	11.094	61.428	0.806	0.692	60000.0
86	67.076	92.93	11.603	62.934	0.804	0.679	90000.0
87	63.961	90.072	10.892	61.018	0.808	0.697	30000.0
88	63.844	89.636	10.847	60.925	0.812	0.697	30000.0
89	63.596	88.735	10.951	60.366	0.805	0.704	40000.0
90	64.566	89.999	11.109	61.246	0.793	0.694	40000.0
91	65.226	91.14	11.119	61.85	0.801	0.687	60000.0
92	63.928	89.123	10.973	60.111	0.801	0.707	40000.0
93	64.002	89.664	10.859	60.665	0.809	0.7	60000.0
94	64.151	89.981	10.987	61.145	0.812	0.694	100000.0
95	61.5	86.33	10.27	58.179	0.81	0.723	40000.0
96	64.054	89.752	10.876	60.888	0.815	0.696	40000.0
97	65.442	91.515	11.338	62.077	0.815	0.685	30000.0
98	64.635	90.002	11.101	61.188	0.803	0.694	50000.0
99	63.798	89.62	10.925	61.033	0.807	0.695	30000.0
100	65.854	91.614	11.281	61.904	0.807	0.687	50000.0
101	64.874	90.444	11.093	61.098	0.809	0.698	50000.0
102	64.044	89.243	10.888	60.153	0.8	0.707	70000.0
103	64.613	90.257	11.114	60.974	0.804	0.7	40000.0
104	65.87	91.823	11.307	62.152	0.805	0.686	30000.0
105	64.972	90.295	11.239	61.631	0.796	0.691	60000.0
106	63.774	88.733	10.963	60.103	0.797	0.707	60000.0
107	62.645	88.282	10.586	60.166	0.815	0.701	40000.0
108	66.353	91.845	11.509	62.138	0.806	0.688	50000.0
109	63.085	88.614	10.798	60.08	0.798	0.706	50000.0
110	63.282	88.848	10.82	60.496	0.802	0.702	70000.0
111	64.976	91.757	11.043	61.966	0.81	0.686	60000.0
112	64.773	90.724	11.216	61.789	0.803	0.69	80000.0
113	64.313	89.908	10.989	60.87	0.811	0.696	50000.0
114	62.612	88.083	10.581	60.053	0.802	0.706	60000.0
115	66.398	92.35	11.642	62.863	0.803	0.681	70000.0
116	64.733	89.69	11.137	60.565	0.804	0.706	50000.0
117	63.913	88.665	11.051	59.93	0.8	0.711	50000.0
118	62.269	87.562	10.447	59.586	0.81	0.71	70000.0
119	63.974	89.39	10.843	60.347	0.8	0.706	40000.0
120	65.373	92.094	11.167	62.442	0.81	0.682	30000.0
121	62.605	88.278	10.579	59.996	0.805	0.705	70000.0
122	65.58	91.106	11.345	61.655	0.808	0.691	50000.0
123	65.172	90.679	11.251	61.736	0.804	0.689	30000.0
124	64.711	89.867	11.2	61.122	0.795	0.695	70000.0
125	63.22	88.775	10.709	60.304	0.799	0.702	30000.0
126	61.82	86.875	10.417	59.043	0.802	0.715	50000.0
127	63.705	89.086	10.679	59.778	0.814	0.709	30000.0
128	63.178	88.316	10.801	60.161	0.8	0.703	30000.0
129	64.005	90.651	10.791	61.083	0.822	0.694	50000.0
130	65.661	92.207	11.209	61.968	0.814	0.687	90000.0
131	62.434	88.048	10.503	59.955	0.809	0.705	70000.0
132	64.819	90.222	11.207	61.347	0.798	0.695	40000.0
133	63.537	88.684	10.931	60.294	0.803	0.704	50000.0
134	64.342	89.855	11.081	61.112	0.8	0.697	40000.0
135	64.612	89.847	11.135	61.238	0.794	0.696	40000.0
136	64.068	88.741	11.009	59.895	0.803	0.71	50000.0
137	64.047	88.937	11.028	60.505	0.799	0.702	100000.0
138	63.014	88.586	10.781	60.363	0.802	0.701	70000.0
139	65.549	91.463	11.281	61.942	0.798	0.69	90000.0
140	64.551	90.731	10.931	61.432	0.815	0.69	70000.0
141	64.361	90.949	11.024	61.362	0.812	0.695	70000.0
142	65.167	91.524	11.246	62.173	0.814	0.683	40000.0
143	64.46	90.943	10.999	61.465	0.813	0.689	40000.0
144	63.85	89.284	10.894	61.105	0.809	0.697	40000.0
145	64.534	90.053	11.153	61.329	0.8	0.695	40000.0
146	63.336	88.375	10.921	60.267	0.801	0.706	70000.0
147	62.842	88.191	10.648	60.005	0.8	0.705	90000.0
148	65.373	91.164	11.238	61.753	0.8	0.689	30000.0
149	65.219	91.382	11.231	61.951	0.808	0.689	50000.0
150	64.094	88.797	11.067	60.209	0.798	0.708	60000.0
151	63.258	89.247	10.748	60.576	0.811	0.7	50000.0
152	64.844	90.99	10.997	61.465	0.81	0.692	70000.0
153	64.175	90.714	10.755	60.868	0.819	0.696	50000.0
154	65.858	91.302	11.383	61.674	0.809	0.694	70000.0
155	65.026	90.695	11.187	61.294	0.793	0.697	40000.0
156	66.255	92.38	11.559	62.401	0.805	0.685	70000.0
157	65.536	91.946	11.353	62.364	0.814	0.681	70000.0
158	64.794	90.619	11.033	61.085	0.819	0.696	40000.0
159	65.606	90.659	11.328	61.268	0.803	0.698	30000.0
160	63.541	88.491	10.887	59.813	0.796	0.712	60000.0
161	65.621	91.515	11.32	61.714	0.812	0.689	40000.0
162	65.049	90.486	11.294	61.525	0.802	0.692	50000.0
163	62.906	88.301	10.718	60.085	0.802	0.705	30000.0
164	63.251	88.204	10.801	59.517	0.803	0.713	30000.0
165	65.203	91.171	11.219	61.664	0.807	0.691	50000.0
166	63.621	89.164	10.793	60.553	0.805	0.7	30000.0
167	64.007	89.542	11.001	61.013	0.806	0.698	30000.0
168	64.491	90.871	10.948	61.558	0.809	0.691	70000.0
169	63.987	89.938	10.941	61.07	0.806	0.695	50000.0
170	64.391	89.817	10.953	60.452	0.806	0.704	40000.0
171	63.846	89.129	10.856	60.39	0.806	0.702	50000.0
172	63.195	88.275	10.888	60.206	0.798	0.705	70000.0
173	63.385	89.241	10.683	60.025	0.816	0.706	40000.0
174	65.916	91.649	11.367	61.776	0.805	0.691	60000.0
175	63.13	87.669	10.734	59.345	0.81	0.716	70000.0
176	63.71	89.414	10.863	60.737	0.809	0.698	30000.0
177	61.938	87.326	10.367	59.276	0.803	0.713	40000.0
178	65.636	91.29	11.329	61.428	0.803	0.697	60000.0
179	64.285	89.371	11.141	60.78	0.805	0.7	50000.0
180	64.612	90.91	10.914	61.15	0.813	0.694	70000.0
181	66.513	91.931	11.557	62.44	0.795	0.684	50000.0
182	64.388	89.068	11.12	60.517	0.8	0.702	40000.0
183	65.459	90.414	11.28	60.917	0.812	0.702	50000.0
184	64.98	91.379	11.225	61.867	0.809	0.687	80000.0
185	65.571	92.189	11.305	62.584	0.815	0.68	50000.0
186	65.026	91.283	11.169	61.989	0.807	0.687	40000.0
187	63.689	89.231	10.844	60.357	0.815	0.703	60000.0
188	66.347	92.076	11.434	62.32	0.801	0.685	50000.0
189	62.331	87.067	10.68	59.412	0.805	0.711	50000.0
190	64.406	90.081	11.092	61.189	0.802	0.696	70000.0
191	63.426	88.639	10.878	60.297	0.799	0.704	50000.0
192	64.966	90.321	11.138	61.08	0.801	0.699	50000.0
193	64.923	90.362	11.206	61.656	0.799	0.691	30000.0
194	64.298	89.682	11.047	60.854	0.807	0.698	50000.0
195	66.104	92.109	11.463	62.451	0.805	0.683	60000.0
196	63.941	89.787	10.906	60.935	0.805	0.697	30000.0
197	65.045	90.975	11.113	61.623	0.809	0.689	50000.0
198	63.675	88.229	10.861	59.427	0.804	0.716	30000.0
199	66.845	92.998	11.61	63.07	0.806	0.678	40000.0
200	64.706	90.146	11.155	61.316	0.817	0.692	50000.0
201	65.592	91.759	11.363	61.982	0.809	0.687	30000.0
202	63.768	89.128	10.996	60.574	0.806	0.701	50000.0
203	63.632	89.115	10.928	60.368	0.805	0.705	40000.0
204	66.78	92.963	11.574	63.069	0.804	0.678	40000.0
205	66.263	92.087	11.482	62.217	0.811	0.682	70000.0
206	63.185	88.449	10.823	60.222	0.81	0.705	40000.0
207	64.895	90.576	11.144	61.317	0.806	0.694	30000.0
208	65.14	90.624	11.131	61.033	0.804	0.699	30000.0
209	64.318	90.531	10.854	61.129	0.816	0.693	40000.0
210	65.131	92.02	11.199	62.274	0.813	0.685	70000.0
211	63.782	89.544	10.694	60.232	0.809	0.705	50000.0
212	64.334	90.259	10.976	61.298	0.808	0.693	60000.0
213	66.434	92.226	11.41	62.222	0.8	0.686	50000.0
214	64.772	90.188	11.179	61.424	0.797	0.692	70000.0
215	64.301	89.821	10.963	60.963	0.803	0.696	70000.0
216	66.422	92.165	11.558	62.488	0.801	0.683	50000.0
217	64.455	89.665	11.112	60.792	0.803	0.702	30000.0
218	63.773	88.429	10.768	59.8	0.808	0.711	40000.0
219	64.152	89.972	11.008	60.789	0.809	0.7	50000.0
220	63.53	89.45	10.812	60.358	0.809	0.703	80000.0
221	63.259	88.808	10.78	60.315	0.802	0.703	30000.0
222	64.227	90.455	10.98	61.276	0.816	0.692	80000.0
223	66.886	92.691	11.603	62.751	0.804	0.681	60000.0
224	64.998	89.923	11.198	60.753	0.793	0.703	50000.0
225	63.101	89.234	10.742	60.574	0.806	0.701	30000.0
226	64.373	89.41	10.951	60.413	0.8	0.704	60000.0
227	65.17	91.894	11.153	62.283	0.808	0.684	30000.0
228	63.616	88.244	11.021	60.403	0.798	0.704	70000.0
229	62.872	87.942	10.679	59.507	0.807	0.71	70000.0
230	64.757	89.838	11.277	61.156	0.798	0.699	90000.0
231	64.234	90.413	10.974	60.922	0.811	0.699	40000.0
232	63.129	88.933	10.773	60.296	0.806	0.703	70000.0
233	63.938	90.364	10.8	61.346	0.81	0.69	50000.0
234	63.931	89.305	10.765	60.247	0.805	0.707	50000.0
235	65.466	91.333	11.298	61.866	0.804	0.687	30000.0
236	65.337	91.366	11.238	62.06	0.807	0.685	40000.0
237	65.499	92.426	11.257	62.542	0.811	0.68	40000.0
238	66.314	92.523	11.504	62.593	0.797	0.682	60000.0
239	66.001	92.447	11.466	62.692	0.802	0.68	40000.0
240	64.051	89.571	10.934	60.713	0.805	0.698	60000.0
241	62.98	88.188	10.713	59.875	0.807	0.706	40000.0
242	65.192	90.308	11.26	60.827	0.798	0.702	40000.0
243	63.884	88.588	10.919	60.133	0.801	0.707	50000.0
244	64.842	90.67	11.122	61.607	0.803	0.692	60000.0
245	65.878	91.441	11.379	61.624	0.803	0.695	50000.0
246	65.931	91.764	11.401	62.246	0.795	0.685	30000.0
247	64.003	89.522	11.095	61.084	0.803	0.697	50000.0
248	65.121	90.571	11.164	60.781	0.801	0.702	40000.0
249	63.476	89.104	10.794	60.486	0.809	0.699	80000.0
250	66.104	91.822	11.452	62.206	0.795	0.688	70000.0
251	66.527	92.766	11.466	62.821	0.81	0.679	50000.0
252	64.879	90.107	11.142	61.228	0.8	0.695	40000.0
253	63.851	89.627	10.902	61.208	0.809	0.693	30000.0
254	66.618	92.281	11.628	62.737	0.804	0.68	60000.0
255	62.905	88.982	10.612	60.23	0.812	0.702	90000.0
256	66.009	91.847	11.424	62.404	0.799	0.683	40000.0
257	63.844	90.246	10.835	61.264	0.807	0.694	60000.0
258	64.414	90.373	10.933	61.114	0.809	0.694	50000.0
259	64.636	89.593	11.102	60.375	0.803	0.706	40000.0
260	66.047	92.115	11.388	62.186	0.812	0.686	40000.0
261	65.362	91.692	11.234	62.063	0.808	0.687	80000.0
262	62.543	87.974	10.639	60.012	0.798	0.707	40000.0
263	64.341	90.591	10.823	61.142	0.813	0.694	40000.0
264	63.651	88.947	10.809	60.468	0.802	0.701	40000.0
265	64.132	89.491	11.027	60.649	0.8	0.702	50000.0
266	66.15	92.274	11.464	62.631	0.807	0.682	30000.0
267	62.667	87.014	10.671	58.927	0.798	0.719	90000.0
268	65.328	91.022	11.09	61.444	0.801	0.693	50000.0
269	63.675	88.871	10.926	60.336	0.798	0.704	40000.0
270	66.049	92.255	11.294	62.064	0.812	0.685	70000.0
271	62.305	87.904	10.537	59.85	0.805	0.706	40000.0
272	64.432	90.184	11.005	60.709	0.816	0.699	90000.0
273	62.705	88.305	10.604	59.863	0.815	0.704	70000.0
274	61.44	86.788	10.314	58.805	0.812	0.719	30000.0
275	65.243	90.039	11.325	61.19	0.799	0.7	50000.0
276	63.58	89.292	10.761	60.712	0.809	0.698	110000.0
277	66.329	92.214	11.513	62.522	0.805	0.684	40000.0
278	63.469	88.269	10.884	60.123	0.801	0.705	70000.0
279	64.198	90.249	10.924	60.82	0.817	0.697	40000.0
280	63.268	89.204	10.79	60.647	0.805	0.7	50000.0
281	63.863	89.322	10.953	60.326	0.809	0.705	30000.0
282	63.76	89.154	10.781	60.177	0.807	0.706	80000.0
283	63.835	89.613	10.805	60.344	0.805	0.707	50000.0
284	64.265	90.537	10.911	61.189	0.808	0.694	30000.0
285	65.087	90.66	11.242	61.273	0.803	0.696	30000.0
286	62.339	88.12	10.425	59.529	0.806	0.709	50000.0
287	65.195	90.483	11.123	60.988	0.805	0.703	40000.0
288	63.903	89.415	10.954	60.902	0.802	0.697	50000.0
289	64.866	90.43	11.102	60.905	0.808	0.701	40000.0
290	64.38	89.888	10.923	60.236	0.803	0.705	40000.0
291	63.692	88.666	10.981	60.095	0.795	0.71	60000.0
292	63.884	88.438	10.997	59.833	0.802	0.712	70000.0
293	62.756	88.199	10.589	59.645	0.818	0.709	50000.0
294	63.321	89.122	10.652	59.946	0.813	0.709	80000.0
295	65.145	91.233	11.191	61.917	0.805	0.688	40000.0
296	62.978	88.032	10.66	59.37	0.809	0.712	30000.0
297	66.548	92.515	11.486	62.678	0.799	0.682	40000.0
298	65.365	91.476	11.389	62.125	0.804	0.687	40000.0
299	65.453	91.241	11.391	61.915	0.81	0.69	40000.0
300	65.297	91.443	11.172	61.879	0.807	0.687	30000.0
301	63.221	88.808	10.882	60.487	0.805	0.704	60000.0
302	64.76	90.696	11.173	61.62	0.805	0.69	50000.0
303	64.895	90.814	11.095	61.563	0.814	0.69	60000.0
304	63.685	89.744	10.782	61.023	0.817	0.693	40000.0
305	66.259	91.649	11.452	62.098	0.81	0.686	50000.0
306	64.411	88.865	11.102	59.692	0.797	0.714	50000.0
307	64.166	90.363	10.961	61.507	0.815	0.691	50000.0
308	65.368	91.609	11.348	62.31	0.81	0.685	50000.0
309	64.47	91.08	10.925	61.358	0.814	0.69	50000.0
310	64.107	90.794	10.975	61.873	0.815	0.685	50000.0
311	66.205	92.063	11.55	62.556	0.803	0.683	30000.0
312	65.085	91.362	11.159	61.751	0.812	0.689	90000.0
313	62.925	88.505	10.672	60.009	0.809	0.706	30000.0
314	64.034	88.718	11.006	60.237	0.799	0.708	70000.0
315	65.004	91.277	11.103	61.762	0.812	0.688	50000.0
316	63.99	89.906	10.926	61.226	0.807	0.693	50000.0
317	64.034	89.033	10.922	60.547	0.798	0.701	60000.0
318	65.226	90.155	11.256	61.447	0.799	0.693	30000.0
319	64.236	89.862	10.951	60.478	0.806	0.703	40000.0
320	61.486	85.981	10.272	58.457	0.8	0.722	30000.0
321	64.509	90.291	11.078	61.394	0.799	0.693	80000.0
322	64.177	89.494	10.982	60.599	0.803	0.701	40000.0
323	63.263	88.845	10.801	60.423	0.803	0.702	50000.0
324	64.29	90.143	11.055	61.357	0.811	0.692	40000.0
325	65.669	90.28	11.635	61.31	0.804	0.7	40000.0
326	65.262	91.367	11.276	62.034	0.817	0.686	40000.0
327	65.365	90.981	11.199	61.918	0.809	0.689	50000.0
328	62.997	87.466	10.773	59.464	0.799	0.715	30000.0
329	65.441	91.129	11.442	62.081	0.805	0.689	40000.0
330	63.891	88.567	11.043	60.137	0.802	0.709	40000.0
331	65.933	92.373	11.3	62.397	0.811	0.682	30000.0
332	63.213	88.737	10.86	60.527	0.801	0.703	30000.0
333	65.878	91.635	11.363	62.413	0.798	0.683	30000.0
334	64.421	90.234	10.935	61.07	0.807	0.697	50000.0
335	64.626	90.718	11.023	61.506	0.809	0.689	50000.0
336	63.337	89.72	10.748	60.988	0.821	0.695	60000.0
337	63.982	90.702	10.803	61.315	0.816	0.691	50000.0
338	66.005	91.515	11.319	61.395	0.808	0.695	30000.0
339	65.895	91.732	11.388	62.025	0.809	0.688	60000.0
340	65.586	91.858	11.333	62.368	0.795	0.685	70000.0
341	65.718	92.019	11.308	62.189	0.81	0.686	50000.0
342	64.139	89.431	11.084	60.714	0.805	0.699	60000.0
343	64.28	90.641	10.858	61.514	0.816	0.688	40000.0
344	64.69	90.242	11.107	61.27	0.805	0.694	30000.0
345	63.07	88.49	10.748	60.138	0.8	0.703	80000.0
346	65.734	92.03	11.267	62.224	0.81	0.685	40000.0
347	65.735	91.753	11.271	62.217	0.805	0.683	50000.0
348	64.281	90.171	10.933	60.669	0.808	0.7	60000.0
349	65.23	90.757	11.199	61.178	0.812	0.696	30000.0
350	64.091	90.327	10.895	61.441	0.82	0.689	70000.0
351	62.764	88.172	10.657	60.013	0.804	0.704	70000.0
352	63.793	88.951	10.964	60.002	0.805	0.711	40000.0
353	65.337	91.69	11.166	62.137	0.814	0.685	80000.0
354	65.608	91.306	11.195	61.695	0.804	0.69	60000.0
355	62.403	88.35	10.487	59.891	0.815	0.704	40000.0
356	63.605	89.33	10.868	60.57	0.806	0.699	50000.0
357	63.906	89.091	10.943	60.401	0.805	0.707	50000.0
358	63.237	88.014	10.737	59.319	0.794	0.717	60000.0
359	63.794	89.258	10.871	60.601	0.81	0.701	50000.0
360	65.497	91.213	11.215	61.8	0.799	0.689	50000.0
361	65.41	91.342	11.289	61.854	0.801	0.69	50000.0
362	63.748	88.38	11.025	59.955	0.797	0.711	60000.0
363	65.799	92.371	11.26	62.573	0.816	0.68	70000.0
364	65.4	91.393	11.176	62.01	0.805	0.687	40000.0
365	66.488	92.651	11.604	62.759	0.807	0.681	50000.0
366	64.489	89.887	11.118	61.311	0.799	0.695	60000.0
367	65.85	91.336	11.338	61.424	0.806	0.695	30000.0
368	62.736	88.206	10.712	60.0	0.805	0.707	70000.0
369	65.953	91.455	11.461	61.735	0.803	0.694	30000.0
370	65.209	91.425	11.355	62.486	0.801	0.683	30000.0
371	64.636	90.885	11.026	61.656	0.816	0.688	60000.0
372	64.295	89.537	10.92	60.46	0.811	0.7	50000.0
373	63.948	89.436	11.003	60.583	0.802	0.703	40000.0
374	63.997	90.471	10.903	61.422	0.807	0.69	90000.0
375	63.703	88.459	10.999	60.058	0.798	0.71	80000.0
376	65.091	91.345	11.199	62.161	0.807	0.684	30000.0
377	65.607	91.205	11.31	61.475	0.806	0.695	40000.0
378	63.536	89.755	10.861	60.872	0.808	0.696	30000.0
379	65.386	91.58	11.202	61.994	0.807	0.686	40000.0
380	62.032	86.771	10.532	59.185	0.803	0.712	50000.0
381	63.78	88.924	10.925	60.129	0.795	0.705	50000.0
382	65.602	91.507	11.184	61.812	0.801	0.686	60000.0
383	64.238	88.737	11.016	60.256	0.804	0.709	40000.0
384	65.271	91.766	11.155	62.16	0.813	0.687	40000.0
385	64.455	89.904	11.14	60.928	0.798	0.699	50000.0
386	65.0	90.61	11.131	61.27	0.805	0.693	30000.0
387	64.423	90.114	11.046	61.084	0.801	0.697	60000.0
388	66.765	92.767	11.666	62.808	0.81	0.68	30000.0
389	64.236	90.317	10.822	60.872	0.805	0.697	30000.0
390	64.914	90.599	11.06	61.403	0.805	0.695	50000.0
391	62.972	88.645	10.734	60.429	0.806	0.701	40000.0
392	65.455	91.264	11.337	61.993	0.806	0.687	70000.0
393	65.12	90.374	11.273	61.507	0.802	0.692	50000.0
394	66.532	93.147	11.551	63.27	0.812	0.673	40000.0
395	65.549	91.104	11.419	61.902	0.804	0.688	70000.0
396	63.505	88.992	10.855	60.462	0.812	0.703	30000.0
397	63.025	88.781	10.682	60.355	0.813	0.703	50000.0
398	63.995	89.462	11.038	60.56	0.807	0.701	50000.0
399	66.361	92.518	11.442	62.553	0.802	0.683	40000.0
400	66.04	91.864	11.341	62.048	0.798	0.69	70000.0
401	64.464	90.331	11.011	61.262	0.812	0.692	90000.0
402	66.318	92.363	11.453	62.611	0.806	0.681	50000.0
403	64.709	90.468	11.135	61.161	0.812	0.694	40000.0
404	65.643	91.947	11.241	61.932	0.81	0.688	40000.0
405	64.183	89.213	11.052	60.553	0.799	0.701	50000.0
406	64.037	88.876	10.85	60.031	0.804	0.708	30000.0
407	62.818	88.591	10.578	59.991	0.812	0.704	60000.0
408	64.645	89.843	11.038	61.275	0.81	0.692	80000.0
409	64.558	89.93	11.157	61.263	0.799	0.695	30000.0
410	64.627	90.693	11.016	61.421	0.808	0.691	70000.0
411	64.712	90.841	11.067	61.692	0.799	0.69	40000.0
412	65.77	92.085	11.354	62.392	0.809	0.683	60000.0
413	63.833	88.585	10.969	60.244	0.792	0.706	70000.0
414	64.288	90.434	11.006	61.28	0.804	0.693	60000.0
415	65.476	91.144	11.3	61.86	0.815	0.688	40000.0
416	66.704	91.255	11.912	62.182	0.812	0.69	40000.0
417	61.823	86.485	10.491	58.938	0.801	0.715	30000.0
418	63.933	89.086	11.002	60.511	0.804	0.702	30000.0
419	65.772	92.101	11.434	62.449	0.806	0.683	90000.0
420	64.141	89.296	11.007	60.731	0.802	0.701	70000.0
421	63.209	88.191	10.71	59.884	0.808	0.704	70000.0
422	62.467	86.9	10.707	58.506	0.799	0.724	70000.0
423	64.987	90.515	11.271	61.466	0.802	0.694	50000.0
424	63.216	87.853	10.805	59.909	0.799	0.706	40000.0
425	64.474	90.551	11.114	61.424	0.811	0.692	60000.0
426	63.597	89.729	10.812	60.843	0.807	0.697	40000.0
427	65.229	91.548	11.217	62.191	0.806	0.684	40000.0
428	64.081	90.47	10.762	61.059	0.817	0.693	70000.0
429	65.046	90.33	11.075	60.844	0.813	0.702	70000.0
430	64.326	89.986	10.974	61.231	0.806	0.694	60000.0
431	65.431	90.273	11.238	60.979	0.799	0.702	30000.0
432	63.069	88.075	10.793	59.786	0.799	0.711	70000.0
433	64.399	90.36	10.969	61.187	0.821	0.696	80000.0
434	65.347	90.752	11.339	61.636	0.803	0.691	30000.0
435	65.5	91.497	11.162	61.803	0.812	0.688	70000.0
436	64.874	90.523	11.286	61.493	0.803	0.693	40000.0
437	65.656	91.516	11.272	61.891	0.809	0.689	40000.0
438	66.631	92.831	11.55	62.976	0.81	0.677	70000.0
439	65.103	91.009	11.132	61.375	0.805	0.693	100000.0
440	63.935	90.323	10.877	61.245	0.815	0.692	70000.0
441	64.539	90.29	11.118	61.432	0.803	0.693	50000.0
442	63.252	89.362	10.775	60.754	0.806	0.698	30000.0
443	64.575	89.699	11.064	60.777	0.807	0.699	50000.0
444	66.49	92.715	11.539	62.961	0.803	0.678	60000.0
445	63.707	89.293	10.86	60.575	0.8	0.7	40000.0
446	63.579	88.423	10.912	59.985	0.796	0.707	50000.0
447	64.142	89.808	11.06	61.254	0.798	0.695	40000.0
448	65.627	91.927	11.261	62.324	0.808	0.682	60000.0
449	63.345	88.799	10.754	60.248	0.804	0.702	30000.0
450	64.499	89.659	11.113	60.909	0.803	0.699	60000.0
451	63.305	89.052	10.866	60.411	0.807	0.704	40000.0
452	63.763	89.942	10.782	60.895	0.805	0.696	60000.0
453	64.982	91.094	11.235	61.812	0.812	0.688	40000.0
454	65.169	91.014	11.116	61.514	0.801	0.69	60000.0
455	64.668	89.846	11.105	60.278	0.801	0.71	50000.0
456	64.608	90.895	10.99	61.547	0.812	0.689	50000.0
457	64.548	91.146	11.041	61.662	0.813	0.69	40000.0
458	66.22	92.193	11.516	62.4	0.812	0.684	60000.0
459	65.223	90.619	11.26	61.21	0.8	0.697	50000.0
460	62.392	87.049	10.552	59.277	0.806	0.713	40000.0
461	65.149	90.487	11.382	61.69	0.804	0.691	60000.0
462	64.13	90.119	10.983	60.707	0.809	0.704	60000.0
463	63.119	88.372	10.759	60.082	0.799	0.705	40000.0
464	62.736	88.499	10.662	60.234	0.811	0.703	40000.0
465	64.197	89.547	10.985	60.352	0.803	0.707	30000.0
466	64.335	89.719	11.017	60.768	0.804	0.698	30000.0
467	64.671	90.568	11.12	61.476	0.802	0.691	30000.0
468	65.616	91.014	11.254	61.561	0.796	0.693	50000.0
469	63.782	88.321	10.972	60.19	0.804	0.707	60000.0
470	65.329	91.834	11.199	62.192	0.808	0.685	50000.0
471	64.748	90.155	11.152	61.391	0.802	0.694	70000.0
472	63.766	88.586	10.931	59.897	0.801	0.711	80000.0
473	64.393	89.746	11.062	61.061	0.797	0.698	60000.0
474	64.974	90.186	11.206	61.31	0.795	0.696	40000.0
475	64.627	90.603	11.053	61.304	0.807	0.695	40000.0
476	65.716	91.427	11.353	61.836	0.811	0.688	40000.0
477	63.598	88.776	10.873	60.493	0.801	0.7	70000.0
478	66.766	92.847	11.66	63.071	0.807	0.677	40000.0
479	63.947	89.727	10.829	60.731	0.807	0.699	60000.0
480	63.795	89.005	10.999	60.512	0.806	0.702	50000.0
481	63.202	88.103	10.847	59.415	0.817	0.713	40000.0
482	63.316	88.493	10.866	59.963	0.799	0.707	30000.0
483	64.009	88.341	10.943	59.888	0.797	0.712	70000.0
484	63.778	88.975	10.916	60.309	0.797	0.705	50000.0
485	65.376	91.541	11.125	61.961	0.808	0.686	40000.0
486	65.807	91.838	11.379	62.099	0.8	0.689	40000.0
487	65.809	91.64	11.34	61.899	0.806	0.689	50000.0
488	66.279	91.918	11.452	61.848	0.812	0.693	60000.0
489	65.446	92.009	11.23	62.401	0.81	0.681	40000.0
490	65.116	91.104	11.18	61.966	0.806	0.686	50000.0
491	64.888	89.838	11.304	60.932	0.801	0.698	40000.0
492	62.941	88.042	10.754	60.09	0.794	0.706	30000.0
493	62.068	86.61	10.489	58.602	0.797	0.718	30000.0
494	63.027	89.019	10.747	60.741	0.819	0.697	60000.0
495	66.089	92.706	11.468	62.842	0.812	0.678	40000.0
496	65.181	91.423	11.145	61.717	0.806	0.689	50000.0
497	63.932	89.05	11.02	60.633	0.804	0.702	50000.0
498	65.161	91.283	11.202	62.048	0.809	0.685	40000.0
499	66.228	91.739	11.483	62.298	0.794	0.685	60000.0
500	64.869	91.438	11.088	61.864	0.811	0.687	50000.0
