NMF_Replicate	L1	L1 %	L2	L2 %	KL Divergence	Correlation	Convergence Iterations
1	10.223	161.74	3.233	91.118	2.571	0.34	20000.0
2	10.299	162.306	3.283	91.427	2.599	0.334	20000.0
3	10.316	162.89	3.261	91.478	2.581	0.335	20000.0
4	10.217	161.018	3.292	91.056	2.555	0.347	20000.0
5	10.254	161.943	3.213	91.042	2.583	0.338	20000.0
6	10.226	162.063	3.263	91.433	2.598	0.336	20000.0
7	10.257	162.027	3.288	91.281	2.574	0.338	20000.0
8	10.29	163.268	3.275	91.683	2.602	0.33	20000.0
9	10.141	161.621	3.252	91.221	2.584	0.338	20000.0
10	10.317	162.354	3.236	91.463	2.556	0.336	20000.0
11	10.234	162.262	3.295	91.275	2.582	0.338	30000.0
12	10.124	161.076	3.209	91.089	2.547	0.343	30000.0
13	10.171	161.369	3.219	91.033	2.56	0.344	20000.0
14	10.237	161.724	3.269	91.143	2.567	0.343	20000.0
15	10.338	162.429	3.281	91.273	2.617	0.336	40000.0
16	10.242	161.821	3.233	91.152	2.551	0.342	30000.0
17	10.246	162.085	3.268	91.312	2.586	0.339	20000.0
18	10.218	161.383	3.258	91.079	2.546	0.343	20000.0
19	10.287	162.071	3.302	91.356	2.585	0.34	20000.0
20	10.167	161.405	3.225	91.12	2.55	0.343	20000.0
21	10.15	161.348	3.254	90.919	2.57	0.346	20000.0
22	10.225	161.552	3.25	90.949	2.546	0.346	30000.0
23	10.263	162.401	3.232	91.338	2.566	0.338	20000.0
24	10.27	162.586	3.254	91.44	2.609	0.332	20000.0
25	10.069	160.382	3.178	90.674	2.514	0.352	30000.0
26	10.141	161.419	3.248	91.041	2.562	0.343	30000.0
27	10.136	161.017	3.205	90.762	2.549	0.348	30000.0
28	10.193	161.751	3.243	91.171	2.581	0.338	20000.0
29	10.361	163.219	3.249	91.744	2.585	0.327	20000.0
30	10.141	161.118	3.214	90.71	2.538	0.351	40000.0
31	10.248	162.714	3.229	91.383	2.579	0.335	30000.0
32	10.22	161.722	3.231	90.968	2.565	0.344	20000.0
33	10.111	161.603	3.254	91.101	2.6	0.339	20000.0
34	10.213	162.309	3.224	91.178	2.59	0.338	30000.0
35	10.211	162.058	3.232	91.12	2.591	0.34	20000.0
36	10.066	160.515	3.224	90.713	2.578	0.349	20000.0
37	10.145	161.78	3.242	91.13	2.605	0.338	20000.0
38	10.358	162.623	3.275	91.381	2.587	0.336	20000.0
39	10.212	161.477	3.214	91.167	2.519	0.344	20000.0
40	10.145	161.415	3.224	90.902	2.573	0.344	30000.0
41	10.258	162.82	3.27	91.362	2.632	0.333	20000.0
42	10.322	163.046	3.263	91.493	2.61	0.332	20000.0
43	10.306	162.684	3.23	91.262	2.618	0.335	40000.0
44	10.231	162.218	3.251	91.208	2.571	0.34	20000.0
45	10.291	162.46	3.267	91.317	2.586	0.338	20000.0
46	10.335	162.684	3.261	91.367	2.572	0.338	20000.0
47	10.203	161.774	3.227	91.149	2.557	0.341	30000.0
48	10.18	161.344	3.249	90.954	2.559	0.343	20000.0
49	10.107	160.29	3.233	90.71	2.503	0.354	20000.0
50	10.104	160.741	3.228	90.893	2.545	0.347	20000.0
51	10.116	161.0	3.237	91.123	2.565	0.345	20000.0
52	10.12	160.848	3.223	90.689	2.556	0.348	20000.0
53	10.224	161.296	3.249	91.121	2.549	0.345	20000.0
54	10.1	160.718	3.242	90.766	2.577	0.346	30000.0
55	10.189	161.074	3.236	91.096	2.515	0.346	30000.0
56	10.299	161.667	3.295	91.358	2.561	0.343	20000.0
57	10.284	162.419	3.233	91.118	2.553	0.343	20000.0
58	10.303	162.739	3.249	91.083	2.58	0.339	20000.0
59	10.288	162.112	3.233	91.284	2.546	0.342	20000.0
60	10.167	160.983	3.275	91.042	2.575	0.345	20000.0
61	10.161	161.682	3.237	90.996	2.567	0.344	20000.0
62	10.055	160.253	3.209	90.262	2.5	0.359	20000.0
63	10.236	161.816	3.252	91.307	2.566	0.337	20000.0
64	10.12	160.875	3.261	90.861	2.582	0.345	20000.0
65	10.291	162.878	3.329	91.606	2.613	0.331	20000.0
66	10.216	161.3	3.225	91.023	2.554	0.345	20000.0
67	10.203	162.039	3.251	91.235	2.557	0.339	20000.0
68	10.2	161.416	3.227	90.923	2.576	0.343	20000.0
69	10.145	160.793	3.236	91.024	2.517	0.347	20000.0
70	10.259	161.7	3.285	91.222	2.559	0.342	30000.0
71	10.169	161.422	3.28	91.098	2.591	0.34	20000.0
72	10.118	161.024	3.22	90.78	2.536	0.35	20000.0
73	10.201	162.688	3.256	91.462	2.594	0.332	30000.0
74	10.146	161.359	3.183	90.897	2.542	0.341	30000.0
75	10.222	161.688	3.263	91.118	2.576	0.342	20000.0
76	10.213	162.346	3.227	91.365	2.572	0.338	40000.0
77	10.301	162.982	3.304	91.525	2.599	0.334	20000.0
78	10.235	162.021	3.245	91.262	2.567	0.338	40000.0
79	10.194	161.371	3.249	90.962	2.528	0.347	40000.0
80	10.207	162.119	3.252	91.387	2.557	0.337	20000.0
81	10.162	161.415	3.228	90.973	2.576	0.343	20000.0
82	10.212	161.64	3.24	91.044	2.55	0.343	20000.0
83	10.172	161.455	3.175	90.839	2.555	0.344	30000.0
84	10.247	162.363	3.269	91.343	2.586	0.338	20000.0
85	10.293	162.689	3.233	91.359	2.584	0.336	20000.0
86	10.231	161.645	3.277	91.061	2.593	0.341	20000.0
87	10.196	161.667	3.191	90.885	2.583	0.344	40000.0
88	10.306	162.906	3.297	91.632	2.611	0.33	20000.0
89	10.364	163.109	3.256	91.718	2.623	0.328	20000.0
90	10.164	160.868	3.248	90.968	2.533	0.347	20000.0
91	10.228	161.488	3.26	91.067	2.565	0.343	30000.0
92	10.226	161.977	3.245	91.041	2.587	0.342	20000.0
93	10.334	162.56	3.315	91.434	2.588	0.337	30000.0
94	10.295	162.192	3.266	91.389	2.576	0.337	30000.0
95	10.241	162.253	3.234	90.821	2.583	0.342	20000.0
96	10.121	160.666	3.296	90.957	2.536	0.349	20000.0
97	10.208	161.776	3.218	90.847	2.549	0.347	20000.0
98	10.225	161.447	3.218	90.934	2.528	0.346	20000.0
99	10.211	161.764	3.244	91.325	2.582	0.337	20000.0
100	10.324	162.163	3.256	91.388	2.557	0.339	20000.0
