NMF_Replicate	L1	L1 %	L2	L2 %	KL Divergence	Correlation	Convergence Iterations
1	79.448	106.062	13.794	69.481	1.011	0.599	50000.0
2	78.996	105.971	13.717	69.265	1.011	0.599	40000.0
3	79.618	106.609	13.776	69.579	1.017	0.595	20000.0
4	79.508	106.005	13.799	69.277	1.011	0.599	40000.0
5	79.395	106.144	13.815	69.355	1.016	0.601	30000.0
6	79.729	106.858	13.795	69.812	1.023	0.591	20000.0
7	79.053	106.165	13.643	69.254	1.015	0.597	40000.0
8	79.966	107.376	13.839	70.119	1.028	0.59	20000.0
9	79.546	106.134	13.877	69.252	1.011	0.599	30000.0
10	79.903	106.337	13.889	69.641	1.016	0.595	60000.0
11	79.582	105.898	13.874	69.136	1.008	0.602	20000.0
12	79.412	106.32	13.804	69.571	1.017	0.595	30000.0
13	79.553	106.553	13.753	69.493	1.018	0.595	50000.0
14	79.758	106.535	13.901	69.585	1.016	0.597	20000.0
15	79.381	106.451	13.827	69.563	1.02	0.594	30000.0
16	79.28	106.192	13.788	69.448	1.015	0.598	20000.0
17	79.544	106.023	13.753	68.999	1.01	0.603	20000.0
18	79.528	106.56	13.825	69.544	1.018	0.597	30000.0
19	79.5	106.456	13.828	69.394	1.018	0.598	20000.0
20	79.629	106.516	13.762	69.656	1.02	0.592	20000.0
21	80.153	107.394	13.842	70.211	1.033	0.583	20000.0
22	79.504	106.29	13.787	69.431	1.018	0.596	40000.0
23	79.99	106.898	13.918	69.67	1.022	0.595	30000.0
24	79.402	106.385	13.748	69.559	1.016	0.594	40000.0
25	79.245	106.245	13.682	69.445	1.013	0.599	20000.0
26	79.93	106.821	13.872	69.736	1.024	0.594	40000.0
27	79.383	106.931	13.734	69.757	1.023	0.593	20000.0
28	79.356	106.241	13.769	69.295	1.014	0.601	30000.0
29	79.233	106.251	13.659	69.46	1.014	0.597	60000.0
30	79.563	106.054	13.831	69.248	1.012	0.602	20000.0
31	79.764	106.246	13.897	69.685	1.013	0.595	20000.0
32	79.147	106.061	13.667	69.463	1.016	0.597	30000.0
33	79.591	106.521	13.831	69.645	1.021	0.595	20000.0
34	79.349	106.251	13.833	69.434	1.016	0.598	40000.0
35	79.965	107.306	13.914	70.345	1.03	0.583	30000.0
36	79.195	106.35	13.655	69.695	1.015	0.593	20000.0
37	80.7	106.456	13.83	69.872	1.027	0.6	20000.0
38	79.471	106.505	13.827	69.687	1.017	0.593	20000.0
39	79.53	106.367	13.866	69.544	1.017	0.596	50000.0
40	79.605	106.424	13.859	69.333	1.015	0.6	20000.0
41	79.743	106.507	13.861	69.682	1.016	0.596	20000.0
42	79.043	105.814	13.723	69.184	1.01	0.6	20000.0
43	79.694	106.441	13.816	69.497	1.018	0.597	40000.0
44	79.044	105.889	13.687	69.103	1.009	0.602	30000.0
45	79.791	106.889	13.972	69.768	1.023	0.593	30000.0
46	79.509	106.548	13.743	69.478	1.015	0.596	30000.0
47	79.515	106.351	13.759	69.436	1.017	0.597	20000.0
48	79.636	106.47	13.796	69.601	1.014	0.596	20000.0
49	79.732	106.325	13.877	69.648	1.015	0.594	40000.0
50	79.546	106.173	13.838	69.397	1.015	0.599	20000.0
51	79.545	106.239	13.759	69.406	1.018	0.598	20000.0
52	79.393	106.461	13.723	69.411	1.018	0.597	20000.0
53	79.594	106.188	13.855	69.238	1.013	0.601	30000.0
54	79.127	105.951	13.701	69.153	1.012	0.601	20000.0
55	79.297	106.59	13.685	69.656	1.022	0.593	20000.0
56	79.465	106.573	13.743	69.697	1.017	0.592	30000.0
57	79.393	106.406	13.701	69.575	1.018	0.594	20000.0
58	79.713	106.897	13.869	69.84	1.022	0.595	30000.0
59	79.118	105.971	13.782	69.242	1.012	0.601	20000.0
60	79.402	106.358	13.715	69.427	1.017	0.596	60000.0
61	79.42	106.385	13.753	69.529	1.022	0.595	20000.0
62	79.257	106.08	13.751	69.419	1.012	0.599	40000.0
63	78.84	105.966	13.653	69.329	1.009	0.599	30000.0
64	79.211	106.254	13.741	69.341	1.014	0.6	20000.0
65	79.445	105.875	13.828	69.288	1.009	0.599	20000.0
66	79.431	105.931	13.727	69.188	1.008	0.598	30000.0
67	79.221	106.262	13.754	69.606	1.018	0.595	20000.0
68	79.631	106.502	13.753	69.385	1.017	0.598	20000.0
69	79.552	106.595	13.943	69.556	1.018	0.598	30000.0
70	79.6	106.414	13.763	69.478	1.017	0.597	40000.0
71	79.128	105.874	13.66	69.174	1.008	0.602	30000.0
72	78.995	105.646	13.78	69.152	1.01	0.602	40000.0
73	79.164	106.302	13.698	69.385	1.01	0.598	30000.0
74	79.25	106.568	13.735	69.623	1.02	0.595	30000.0
75	79.185	106.079	13.77	69.281	1.011	0.6	50000.0
76	79.533	106.021	13.788	69.269	1.011	0.6	30000.0
77	79.247	106.156	13.736	69.339	1.014	0.6	30000.0
78	79.825	106.606	13.828	69.585	1.015	0.595	40000.0
79	79.281	106.13	13.767	69.319	1.018	0.598	40000.0
80	79.377	106.137	13.846	69.44	1.01	0.598	30000.0
81	79.59	106.371	13.86	69.586	1.015	0.596	50000.0
82	78.966	106.033	13.621	69.244	1.014	0.6	20000.0
83	79.455	106.245	13.749	69.427	1.011	0.598	20000.0
84	79.214	106.471	13.715	69.466	1.016	0.599	30000.0
85	78.858	106.322	13.591	69.382	1.02	0.597	30000.0
86	79.605	106.455	13.88	69.434	1.02	0.597	20000.0
87	79.04	105.73	13.608	68.866	1.007	0.604	30000.0
88	79.48	106.428	13.782	69.48	1.015	0.598	30000.0
89	79.719	106.344	13.846	69.473	1.019	0.595	30000.0
90	79.912	106.435	14.031	69.625	1.017	0.596	30000.0
91	79.841	106.399	13.857	69.489	1.019	0.597	20000.0
92	79.296	106.485	13.758	69.53	1.018	0.595	30000.0
93	79.442	106.271	13.798	69.382	1.015	0.598	40000.0
94	79.858	106.53	13.962	69.557	1.016	0.596	90000.0
95	79.176	106.055	13.72	69.508	1.017	0.597	50000.0
96	79.586	106.581	13.759	69.486	1.02	0.595	20000.0
97	79.423	106.25	13.71	69.347	1.016	0.597	20000.0
98	79.374	106.355	13.723	69.558	1.019	0.595	40000.0
99	79.623	106.763	13.732	69.833	1.02	0.592	30000.0
100	79.121	106.38	13.719	69.364	1.016	0.597	30000.0
101	78.99	105.76	13.73	69.115	1.009	0.603	30000.0
102	79.214	106.295	13.694	69.382	1.017	0.598	20000.0
103	79.163	106.144	13.648	69.267	1.011	0.6	20000.0
104	79.366	105.934	13.816	69.29	1.012	0.599	30000.0
105	79.317	106.697	13.766	69.598	1.018	0.596	20000.0
106	79.369	106.46	13.749	69.725	1.022	0.592	20000.0
107	79.368	106.48	13.748	69.536	1.02	0.596	40000.0
108	79.65	106.475	13.844	69.535	1.018	0.597	20000.0
109	79.606	106.315	13.862	69.514	1.017	0.597	30000.0
110	79.516	106.247	13.839	69.385	1.015	0.599	20000.0
111	79.464	105.934	13.85	69.25	1.008	0.6	30000.0
112	79.702	106.525	13.811	69.758	1.017	0.593	30000.0
113	79.89	106.77	13.838	69.825	1.019	0.592	30000.0
114	79.248	106.085	13.753	69.094	1.014	0.601	20000.0
115	79.29	106.063	13.744	69.392	1.013	0.6	20000.0
116	79.199	106.141	13.695	69.368	1.01	0.598	30000.0
117	79.4	106.458	13.703	69.43	1.019	0.597	30000.0
118	79.36	106.027	13.883	69.349	1.008	0.601	20000.0
119	79.549	106.357	13.793	69.529	1.017	0.599	20000.0
120	79.7	106.325	13.857	69.431	1.014	0.598	20000.0
121	79.54	106.779	13.859	69.758	1.02	0.596	30000.0
122	79.731	106.914	13.833	69.697	1.021	0.593	30000.0
123	79.392	106.524	13.795	69.456	1.018	0.595	30000.0
124	78.842	105.462	13.639	68.938	1.005	0.603	30000.0
125	79.33	106.347	13.778	69.392	1.016	0.599	20000.0
126	79.936	107.379	13.878	70.159	1.028	0.588	40000.0
127	79.541	106.506	13.828	69.356	1.022	0.598	30000.0
128	79.708	106.652	13.929	69.681	1.019	0.594	30000.0
129	79.367	106.079	13.701	69.373	1.012	0.596	40000.0
130	79.76	106.316	13.845	69.328	1.014	0.598	20000.0
131	79.199	106.082	13.793	69.546	1.015	0.597	20000.0
132	79.537	106.087	13.79	69.301	1.011	0.602	30000.0
133	79.664	106.539	13.762	69.481	1.022	0.594	20000.0
134	79.751	105.984	13.843	69.269	1.011	0.598	30000.0
135	79.363	106.147	13.81	69.379	1.016	0.598	40000.0
136	79.309	106.032	13.74	69.144	1.013	0.601	30000.0
137	79.149	105.882	13.744	69.419	1.013	0.597	30000.0
138	79.359	106.255	13.672	69.276	1.015	0.599	20000.0
139	79.178	106.112	13.716	69.398	1.011	0.598	20000.0
140	79.976	107.415	13.756	70.373	1.03	0.584	30000.0
141	79.18	105.885	13.819	69.385	1.012	0.599	20000.0
142	79.056	106.21	13.723	69.467	1.016	0.598	40000.0
143	79.54	106.641	13.818	69.72	1.023	0.593	20000.0
144	79.461	106.059	13.945	69.376	1.016	0.599	20000.0
145	79.198	106.275	13.78	69.624	1.019	0.596	20000.0
146	79.312	106.155	13.8	69.368	1.017	0.601	30000.0
147	79.78	107.063	13.774	69.921	1.028	0.592	30000.0
148	79.511	106.433	13.773	69.356	1.014	0.599	20000.0
149	79.407	106.148	13.76	69.431	1.011	0.598	20000.0
150	79.605	106.477	13.843	69.608	1.019	0.597	20000.0
151	79.341	106.158	13.763	69.345	1.016	0.596	30000.0
152	79.528	106.537	13.753	69.444	1.017	0.597	20000.0
153	79.903	106.789	13.919	69.468	1.021	0.596	20000.0
154	79.738	106.377	13.814	69.371	1.012	0.597	30000.0
155	79.045	106.206	13.664	69.412	1.018	0.597	20000.0
156	79.317	106.354	13.755	69.401	1.013	0.598	30000.0
157	78.961	106.12	13.675	69.224	1.013	0.6	60000.0
158	79.48	106.587	13.852	69.598	1.018	0.596	30000.0
159	79.169	106.069	13.616	69.383	1.015	0.597	30000.0
160	80.192	106.885	13.999	69.883	1.023	0.591	40000.0
161	79.434	106.147	13.833	69.525	1.013	0.599	20000.0
162	79.538	106.64	13.885	69.72	1.019	0.596	30000.0
163	79.56	105.906	13.827	69.435	1.01	0.598	30000.0
164	79.248	106.079	13.668	69.375	1.013	0.597	30000.0
165	79.3	106.306	13.819	69.546	1.016	0.597	50000.0
166	79.146	106.112	13.732	69.419	1.011	0.6	40000.0
167	79.309	106.192	13.742	69.409	1.017	0.596	20000.0
168	79.344	106.001	13.676	69.266	1.014	0.598	20000.0
169	79.552	106.271	13.878	69.433	1.013	0.598	30000.0
170	79.489	106.531	13.788	69.799	1.022	0.592	40000.0
171	78.798	105.994	13.651	69.126	1.013	0.603	20000.0
172	79.489	106.569	13.774	69.501	1.016	0.596	40000.0
173	79.197	106.022	13.753	69.296	1.009	0.601	30000.0
174	79.998	106.631	13.926	69.722	1.014	0.596	50000.0
175	79.633	106.446	13.824	69.601	1.016	0.594	20000.0
176	79.592	106.522	13.845	69.617	1.019	0.596	30000.0
177	79.608	106.169	13.822	69.429	1.015	0.599	20000.0
178	79.034	105.992	13.715	69.114	1.011	0.601	40000.0
179	79.269	105.98	13.733	69.414	1.013	0.598	20000.0
180	79.364	105.705	13.816	69.227	1.01	0.601	20000.0
181	79.566	106.405	13.802	69.415	1.017	0.601	20000.0
182	79.299	106.218	13.685	69.421	1.014	0.598	30000.0
183	79.335	105.726	13.694	69.012	1.01	0.604	20000.0
184	79.298	106.165	13.7	69.451	1.015	0.596	40000.0
185	79.206	106.286	13.715	69.377	1.018	0.597	20000.0
186	79.229	106.133	13.72	69.51	1.014	0.595	30000.0
187	79.224	106.504	13.776	69.646	1.019	0.593	40000.0
188	79.677	106.254	13.797	69.361	1.011	0.6	20000.0
189	79.168	106.034	13.726	69.464	1.013	0.595	20000.0
190	79.192	105.598	13.767	69.178	1.009	0.601	20000.0
191	79.184	106.305	13.747	69.511	1.016	0.596	20000.0
192	79.733	106.713	13.772	69.658	1.016	0.594	30000.0
193	79.556	106.52	13.809	69.431	1.019	0.598	20000.0
194	79.494	106.367	13.797	69.588	1.017	0.596	60000.0
195	79.404	106.734	13.752	69.518	1.021	0.598	20000.0
196	79.865	106.435	13.9	69.641	1.011	0.594	30000.0
197	79.331	106.202	13.781	69.399	1.014	0.6	60000.0
198	79.149	105.993	13.685	69.298	1.011	0.598	20000.0
199	79.422	106.415	13.742	69.462	1.018	0.595	20000.0
200	79.63	106.477	13.915	69.609	1.019	0.596	40000.0
201	79.318	106.503	13.737	69.427	1.017	0.597	50000.0
202	78.96	106.029	13.642	69.375	1.016	0.596	50000.0
203	79.195	106.44	13.703	69.485	1.017	0.595	20000.0
204	79.442	106.531	13.762	69.467	1.019	0.595	30000.0
205	79.922	106.661	13.913	69.556	1.02	0.596	30000.0
206	79.771	106.84	13.819	69.626	1.021	0.595	30000.0
207	79.605	106.257	13.816	69.485	1.015	0.597	30000.0
208	79.189	105.937	13.656	69.153	1.011	0.6	40000.0
209	79.092	106.295	13.604	69.258	1.014	0.599	40000.0
210	79.449	106.123	13.81	69.157	1.012	0.602	20000.0
211	79.256	105.964	13.811	69.252	1.011	0.602	50000.0
212	79.229	106.47	13.691	69.42	1.019	0.595	40000.0
213	79.567	106.297	13.8	69.503	1.014	0.597	30000.0
214	79.336	106.121	13.751	69.378	1.011	0.598	20000.0
215	79.527	106.472	13.75	69.617	1.018	0.594	20000.0
216	79.441	106.321	13.762	69.526	1.02	0.595	20000.0
217	79.408	106.264	13.75	69.359	1.019	0.599	30000.0
218	78.903	105.966	13.698	69.371	1.011	0.597	20000.0
219	79.46	106.409	13.778	69.412	1.019	0.596	20000.0
220	79.309	106.178	13.777	69.322	1.016	0.598	30000.0
221	79.375	106.283	13.739	69.407	1.016	0.598	20000.0
222	79.726	106.74	13.813	69.778	1.02	0.592	30000.0
223	79.12	106.034	13.717	69.205	1.01	0.602	40000.0
224	79.324	105.909	13.799	69.295	1.011	0.6	20000.0
225	79.465	106.297	13.747	69.412	1.012	0.599	40000.0
226	79.614	106.737	13.767	69.603	1.02	0.596	30000.0
227	79.5	106.188	13.814	69.41	1.012	0.597	40000.0
228	79.247	106.16	13.742	69.441	1.021	0.597	30000.0
229	80.033	106.885	13.858	69.764	1.023	0.593	30000.0
230	79.818	106.544	13.873	69.514	1.02	0.595	40000.0
231	79.343	106.065	13.802	69.405	1.011	0.601	20000.0
232	79.795	106.516	13.911	69.505	1.02	0.597	70000.0
233	79.509	106.466	13.732	69.574	1.018	0.594	30000.0
234	79.241	105.9	13.761	69.236	1.012	0.601	20000.0
235	78.996	105.85	13.669	69.399	1.009	0.599	20000.0
236	79.445	106.872	13.758	69.637	1.021	0.595	30000.0
237	79.732	106.438	13.829	69.602	1.014	0.595	30000.0
238	79.71	106.968	13.828	69.684	1.023	0.593	20000.0
239	79.147	106.155	13.649	69.453	1.016	0.595	20000.0
240	79.118	106.042	13.815	69.541	1.015	0.597	20000.0
241	79.471	106.781	13.744	69.784	1.02	0.593	30000.0
242	79.405	106.254	13.793	69.436	1.014	0.599	60000.0
243	79.809	106.643	13.793	69.618	1.019	0.595	30000.0
244	79.664	106.434	13.79	69.477	1.017	0.597	20000.0
245	79.554	106.617	13.747	69.514	1.019	0.596	20000.0
246	79.587	106.594	13.828	69.539	1.02	0.597	40000.0
247	79.206	106.082	13.663	69.288	1.015	0.599	30000.0
248	80.033	106.606	13.911	69.724	1.02	0.595	20000.0
249	79.282	106.105	13.754	69.48	1.014	0.598	20000.0
250	79.383	106.39	13.724	69.389	1.014	0.599	30000.0
251	79.278	106.401	13.704	69.501	1.016	0.596	50000.0
252	79.444	106.08	13.892	69.309	1.014	0.602	30000.0
253	79.41	106.7	13.821	69.657	1.022	0.594	30000.0
254	79.288	106.212	13.736	69.422	1.014	0.598	20000.0
255	79.706	106.68	13.828	69.481	1.017	0.598	30000.0
256	79.483	106.261	13.763	69.41	1.016	0.599	20000.0
257	79.07	105.781	13.698	69.05	1.006	0.602	20000.0
258	79.278	106.007	13.715	69.323	1.012	0.6	20000.0
259	79.623	106.51	13.872	69.34	1.016	0.599	20000.0
260	79.487	106.469	13.819	69.492	1.015	0.599	20000.0
261	79.358	105.992	13.762	69.31	1.014	0.6	40000.0
262	79.513	106.12	13.837	69.363	1.016	0.598	20000.0
263	79.285	106.449	13.729	69.743	1.019	0.591	30000.0
264	79.977	107.142	13.875	70.191	1.026	0.587	50000.0
265	79.44	106.654	13.686	69.454	1.019	0.597	20000.0
266	79.172	106.095	13.774	69.286	1.013	0.598	40000.0
267	79.497	106.784	13.828	69.75	1.02	0.596	20000.0
268	79.157	105.875	13.693	69.248	1.011	0.6	20000.0
269	79.709	106.404	13.851	69.54	1.017	0.597	30000.0
270	79.298	106.223	13.728	69.374	1.016	0.597	30000.0
271	79.939	107.112	13.882	69.916	1.029	0.59	50000.0
272	79.44	106.5	13.729	69.474	1.021	0.594	20000.0
273	79.294	106.596	13.795	69.535	1.021	0.594	20000.0
274	79.227	106.268	13.787	69.23	1.013	0.599	30000.0
275	79.305	105.752	13.657	69.052	1.01	0.603	30000.0
276	79.439	106.213	13.776	69.452	1.013	0.597	30000.0
277	79.39	106.519	13.782	69.53	1.016	0.598	20000.0
278	79.408	106.401	13.751	69.518	1.017	0.595	30000.0
279	79.54	106.098	13.803	69.283	1.013	0.6	30000.0
280	79.564	106.569	13.716	69.534	1.021	0.595	20000.0
281	79.737	106.635	13.842	69.578	1.019	0.595	20000.0
282	79.235	106.29	13.753	69.442	1.014	0.597	20000.0
283	79.252	106.15	13.759	69.271	1.013	0.599	40000.0
284	79.243	106.439	13.671	69.604	1.013	0.595	20000.0
285	80.182	107.126	14.023	70.269	1.029	0.587	30000.0
286	79.466	105.983	13.847	69.365	1.013	0.6	30000.0
287	79.906	106.854	13.874	69.843	1.025	0.591	50000.0
288	79.299	106.622	13.714	69.511	1.019	0.596	20000.0
289	79.47	106.714	13.871	69.707	1.021	0.596	20000.0
290	79.119	106.054	13.691	69.272	1.013	0.596	30000.0
291	79.502	106.496	13.753	69.565	1.015	0.598	30000.0
292	79.564	106.672	13.774	69.75	1.02	0.593	30000.0
293	78.881	106.157	13.638	69.434	1.015	0.597	30000.0
294	79.533	106.525	13.81	69.526	1.02	0.596	40000.0
295	79.002	106.109	13.669	69.317	1.016	0.597	30000.0
296	79.626	106.436	13.809	69.399	1.017	0.597	30000.0
297	79.367	106.118	13.803	69.348	1.014	0.599	20000.0
298	79.636	106.474	13.87	69.465	1.015	0.597	20000.0
299	79.476	106.199	13.86	69.259	1.012	0.602	30000.0
300	79.232	106.416	13.742	69.58	1.015	0.597	40000.0
301	79.54	106.071	13.786	69.351	1.007	0.598	30000.0
302	79.794	106.339	13.929	69.481	1.017	0.597	20000.0
303	79.176	105.936	13.746	69.209	1.01	0.6	30000.0
304	79.452	105.973	13.759	69.121	1.006	0.602	20000.0
305	79.592	106.131	13.802	69.228	1.013	0.601	30000.0
306	79.418	106.567	13.727	69.444	1.018	0.597	20000.0
307	79.72	106.208	13.895	69.67	1.015	0.593	20000.0
308	79.789	106.802	13.9	69.666	1.022	0.594	20000.0
309	79.202	105.919	13.773	69.156	1.011	0.603	30000.0
310	79.284	106.357	13.769	69.545	1.013	0.596	20000.0
311	79.541	106.373	13.836	69.512	1.017	0.594	50000.0
312	79.753	106.737	13.824	69.904	1.02	0.592	30000.0
313	79.369	106.478	13.794	69.513	1.02	0.595	30000.0
314	79.059	106.375	13.71	69.459	1.015	0.596	20000.0
315	79.747	106.563	13.843	69.517	1.021	0.596	20000.0
316	79.813	107.198	13.858	69.87	1.025	0.593	20000.0
317	79.188	105.861	13.587	69.271	1.009	0.6	20000.0
318	79.268	105.935	13.731	69.191	1.006	0.601	20000.0
319	78.816	105.747	13.644	69.15	1.011	0.6	20000.0
320	79.845	106.614	13.898	69.577	1.019	0.596	20000.0
321	79.332	106.071	13.819	69.318	1.012	0.6	20000.0
322	79.628	106.827	13.832	69.721	1.025	0.592	40000.0
323	79.325	106.226	13.793	69.374	1.017	0.598	20000.0
324	79.344	106.216	13.704	69.432	1.016	0.596	20000.0
325	79.181	105.947	13.789	69.411	1.01	0.597	20000.0
326	79.489	106.148	13.821	69.306	1.012	0.599	30000.0
327	79.583	106.54	13.8	69.456	1.016	0.597	30000.0
328	79.024	106.042	13.72	69.299	1.017	0.598	30000.0
329	79.111	106.349	13.662	69.435	1.018	0.596	20000.0
330	79.5	106.603	13.82	69.492	1.025	0.595	30000.0
331	79.807	107.301	13.81	70.236	1.027	0.587	40000.0
332	79.193	105.969	13.779	69.197	1.007	0.601	30000.0
333	79.399	106.357	13.727	69.435	1.015	0.597	50000.0
334	80.362	107.43	13.993	70.119	1.03	0.59	40000.0
335	79.609	106.255	13.749	69.515	1.011	0.594	40000.0
336	79.952	107.007	13.793	70.058	1.026	0.59	20000.0
337	79.315	106.282	13.667	69.38	1.015	0.597	40000.0
338	79.399	106.554	13.765	69.711	1.017	0.595	20000.0
339	79.223	106.316	13.7	69.379	1.015	0.599	20000.0
340	79.515	106.344	13.812	69.335	1.015	0.599	30000.0
341	79.63	105.983	13.878	69.288	1.013	0.601	40000.0
342	79.163	106.558	13.649	69.485	1.022	0.596	50000.0
343	79.17	106.342	13.674	69.391	1.017	0.6	30000.0
344	79.351	106.429	13.745	69.495	1.018	0.596	20000.0
345	79.524	106.157	13.823	69.502	1.018	0.598	20000.0
346	79.528	106.31	13.778	69.369	1.017	0.598	40000.0
347	79.602	106.805	13.842	69.884	1.022	0.59	30000.0
348	79.699	106.581	13.843	69.455	1.011	0.598	40000.0
349	79.577	106.435	13.851	69.643	1.02	0.594	30000.0
350	79.407	106.173	13.811	69.485	1.012	0.599	30000.0
351	79.538	106.379	13.737	69.31	1.019	0.596	20000.0
352	79.12	105.887	13.744	69.03	1.012	0.604	20000.0
353	79.437	106.223	13.813	69.414	1.016	0.599	20000.0
354	79.713	106.646	13.81	69.627	1.019	0.595	20000.0
355	79.259	106.126	13.76	69.209	1.011	0.601	20000.0
356	80.623	106.921	13.734	70.037	1.028	0.596	30000.0
357	79.084	106.177	13.735	69.366	1.013	0.599	20000.0
358	79.525	106.606	13.834	69.698	1.018	0.594	20000.0
359	79.402	106.317	13.791	69.524	1.012	0.597	40000.0
360	79.335	106.175	13.679	69.23	1.013	0.6	20000.0
361	79.151	105.917	13.727	69.208	1.011	0.599	40000.0
362	79.508	106.068	13.834	69.27	1.014	0.601	30000.0
363	78.617	105.727	13.576	69.068	1.009	0.602	20000.0
364	79.376	106.757	13.683	69.539	1.022	0.598	30000.0
365	79.198	105.868	13.762	69.122	1.012	0.603	40000.0
366	79.629	106.534	13.813	69.627	1.016	0.596	30000.0
367	79.209	106.075	13.733	69.339	1.013	0.599	20000.0
368	79.457	106.07	13.875	69.491	1.013	0.596	30000.0
369	79.718	106.274	13.864	69.378	1.014	0.599	20000.0
370	79.446	106.283	13.739	69.245	1.016	0.599	30000.0
371	79.155	106.679	13.682	69.769	1.023	0.592	20000.0
372	79.569	106.356	13.804	69.506	1.019	0.597	20000.0
373	79.674	106.348	13.855	69.469	1.018	0.599	20000.0
374	79.442	106.04	13.811	69.298	1.013	0.6	40000.0
375	79.532	106.438	13.874	69.551	1.018	0.597	30000.0
376	79.222	105.903	13.737	69.149	1.009	0.601	50000.0
377	79.322	106.107	13.798	69.523	1.013	0.597	20000.0
378	79.343	106.078	13.679	69.415	1.012	0.598	30000.0
379	79.498	106.508	13.726	69.415	1.017	0.597	20000.0
380	79.288	106.021	13.794	69.318	1.012	0.6	30000.0
381	79.683	106.703	13.881	69.678	1.015	0.595	30000.0
382	79.35	106.309	13.777	69.335	1.015	0.599	20000.0
383	79.969	106.888	13.93	69.529	1.02	0.598	30000.0
384	79.654	106.321	13.811	69.376	1.012	0.599	20000.0
385	79.35	106.363	13.732	69.523	1.017	0.597	20000.0
386	79.155	105.771	13.797	69.025	1.006	0.606	20000.0
387	79.319	106.167	13.774	69.106	1.012	0.604	20000.0
388	79.709	106.735	13.88	69.649	1.019	0.596	20000.0
389	79.273	106.356	13.771	69.584	1.016	0.594	50000.0
390	79.553	106.478	13.766	69.402	1.02	0.599	30000.0
391	79.334	105.933	13.755	69.159	1.01	0.602	20000.0
392	79.17	106.207	13.712	69.559	1.019	0.594	20000.0
393	79.549	106.236	13.896	69.387	1.013	0.601	20000.0
394	78.72	105.934	13.66	69.108	1.013	0.601	20000.0
395	79.223	106.143	13.628	69.409	1.01	0.598	30000.0
396	79.275	105.627	13.844	69.224	1.004	0.602	20000.0
397	79.579	106.097	13.796	69.309	1.015	0.598	40000.0
398	79.538	106.355	13.748	69.441	1.018	0.597	30000.0
399	79.104	106.187	13.714	69.442	1.015	0.596	30000.0
400	79.315	106.21	13.767	69.33	1.015	0.599	30000.0
401	79.282	105.917	13.741	69.088	1.008	0.601	30000.0
402	80.203	106.959	13.98	70.116	1.024	0.591	40000.0
403	79.445	106.456	13.747	69.49	1.019	0.596	20000.0
404	79.29	106.138	13.683	69.375	1.014	0.598	30000.0
405	79.572	106.363	13.903	69.501	1.019	0.598	20000.0
406	79.299	106.527	13.764	69.654	1.022	0.595	30000.0
407	79.535	106.974	13.815	69.734	1.025	0.592	30000.0
408	79.446	106.389	13.775	69.397	1.013	0.599	20000.0
409	79.54	106.56	13.761	69.636	1.021	0.594	40000.0
410	79.639	106.531	13.821	69.569	1.019	0.595	20000.0
411	79.921	107.027	13.842	69.913	1.022	0.591	30000.0
412	79.13	106.11	13.695	69.245	1.016	0.599	30000.0
413	79.851	106.71	13.833	69.859	1.025	0.589	30000.0
414	79.42	106.147	13.863	69.402	1.014	0.6	20000.0
415	79.423	106.144	13.723	69.362	1.012	0.597	20000.0
416	79.664	106.548	13.808	69.645	1.019	0.594	20000.0
417	79.823	106.479	13.808	69.567	1.02	0.591	80000.0
418	79.317	106.211	13.803	69.551	1.014	0.596	40000.0
419	79.146	106.469	13.703	69.588	1.02	0.595	40000.0
420	79.139	106.251	13.698	69.289	1.013	0.599	40000.0
421	78.842	105.973	13.74	69.209	1.012	0.601	20000.0
422	79.421	106.593	13.822	69.73	1.02	0.594	20000.0
423	79.485	106.331	13.786	69.519	1.019	0.597	30000.0
424	79.635	106.213	13.853	69.356	1.012	0.598	30000.0
425	79.44	106.425	13.799	69.421	1.017	0.597	30000.0
426	79.629	106.419	13.886	69.585	1.02	0.594	40000.0
427	79.951	106.615	13.897	69.502	1.023	0.596	20000.0
428	79.626	106.783	13.844	69.665	1.021	0.592	40000.0
429	79.261	105.943	13.699	69.264	1.012	0.599	30000.0
430	79.391	106.065	13.763	69.177	1.013	0.598	20000.0
431	79.831	106.703	13.878	69.514	1.022	0.597	30000.0
432	79.24	106.413	13.693	69.518	1.019	0.596	30000.0
433	79.507	106.484	13.778	69.462	1.021	0.597	40000.0
434	79.631	106.631	13.752	69.821	1.02	0.591	30000.0
435	79.163	105.955	13.696	69.227	1.008	0.601	20000.0
436	79.561	106.754	13.766	69.539	1.019	0.597	40000.0
437	79.735	106.653	13.785	69.512	1.017	0.599	20000.0
438	78.915	105.843	13.622	69.177	1.011	0.601	30000.0
439	79.943	106.322	13.906	69.562	1.017	0.595	20000.0
440	79.137	106.315	13.69	69.472	1.016	0.596	30000.0
441	79.591	106.55	13.877	69.738	1.019	0.593	30000.0
442	79.238	105.957	13.695	69.193	1.009	0.6	30000.0
443	79.229	106.134	13.728	69.316	1.013	0.6	30000.0
444	79.241	106.278	13.733	69.635	1.014	0.592	20000.0
445	79.47	106.338	13.801	69.408	1.012	0.598	30000.0
446	79.209	106.294	13.798	69.518	1.016	0.597	20000.0
447	78.822	106.07	13.659	69.272	1.015	0.599	30000.0
448	79.657	106.426	13.839	69.45	1.019	0.597	30000.0
449	79.595	106.44	13.795	69.332	1.017	0.6	30000.0
450	79.108	106.02	13.79	69.516	1.015	0.596	20000.0
451	79.538	106.562	13.771	69.597	1.019	0.593	20000.0
452	78.996	106.217	13.638	69.488	1.016	0.596	80000.0
453	79.218	106.196	13.667	69.234	1.016	0.601	30000.0
454	79.397	105.828	13.773	69.107	1.009	0.603	20000.0
455	79.291	106.453	13.814	69.622	1.019	0.596	30000.0
456	79.401	106.198	13.808	69.315	1.015	0.598	30000.0
457	79.355	106.197	13.783	69.42	1.011	0.599	30000.0
458	79.489	106.247	13.769	69.263	1.013	0.6	30000.0
459	79.336	106.344	13.849	69.462	1.016	0.597	20000.0
460	79.466	106.264	13.78	69.303	1.015	0.6	40000.0
461	79.366	106.037	13.746	69.272	1.01	0.6	20000.0
462	79.43	105.907	13.794	69.228	1.013	0.601	30000.0
463	79.271	105.911	13.771	69.382	1.009	0.599	30000.0
464	79.472	106.558	13.733	69.521	1.021	0.597	20000.0
465	79.594	106.963	13.753	69.654	1.025	0.592	20000.0
466	79.252	106.384	13.758	69.627	1.019	0.594	20000.0
467	79.259	106.078	13.807	69.407	1.015	0.596	30000.0
468	79.076	105.962	13.659	69.321	1.014	0.6	20000.0
469	79.313	106.351	13.746	69.46	1.014	0.596	20000.0
470	79.536	106.622	13.796	69.386	1.018	0.598	20000.0
471	79.809	106.614	13.885	69.766	1.019	0.594	40000.0
472	79.227	105.684	13.745	69.226	1.005	0.601	40000.0
473	79.186	106.325	13.651	69.352	1.015	0.598	20000.0
474	79.231	106.263	13.72	69.464	1.016	0.598	30000.0
475	79.995	106.886	13.879	69.673	1.021	0.596	30000.0
476	79.506	106.559	13.777	69.523	1.019	0.595	30000.0
477	79.868	106.682	13.956	69.732	1.02	0.595	40000.0
478	79.178	106.447	13.672	69.549	1.019	0.597	20000.0
479	79.855	106.607	13.837	69.588	1.016	0.596	20000.0
480	79.774	106.611	13.857	69.619	1.023	0.594	30000.0
481	79.419	105.888	13.853	69.157	1.011	0.602	20000.0
482	79.62	106.402	13.823	69.449	1.017	0.599	20000.0
483	79.232	106.309	13.694	69.324	1.012	0.6	30000.0
484	79.473	106.221	13.741	69.482	1.017	0.596	20000.0
485	79.348	106.003	13.839	69.163	1.011	0.603	40000.0
486	79.438	106.098	13.82	69.493	1.01	0.597	40000.0
487	79.409	106.4	13.748	69.566	1.021	0.595	20000.0
488	79.283	105.958	13.814	69.364	1.012	0.599	40000.0
489	80.153	107.275	13.969	70.014	1.028	0.592	30000.0
490	79.171	106.414	13.683	69.507	1.019	0.595	40000.0
491	79.344	106.287	13.752	69.337	1.012	0.599	20000.0
492	79.408	106.583	13.765	69.767	1.017	0.593	40000.0
493	79.827	106.407	13.911	69.522	1.019	0.594	20000.0
494	79.343	106.176	13.69	69.253	1.012	0.598	40000.0
495	78.692	105.717	13.555	69.287	1.011	0.596	20000.0
496	79.191	106.235	13.734	69.485	1.017	0.597	20000.0
497	79.329	106.614	13.718	69.562	1.02	0.598	30000.0
498	79.248	106.228	13.756	69.423	1.015	0.598	20000.0
499	79.629	106.551	13.864	69.555	1.015	0.598	20000.0
500	79.167	105.888	13.742	69.075	1.014	0.603	50000.0
