NMF_Replicate	L1	L1 %	L2	L2 %	KL Divergence	Correlation	Convergence Iterations
1	11.211	165.818	3.283	90.989	2.305	0.342	50000.0
2	11.273	165.582	3.291	91.149	2.32	0.345	30000.0
3	11.227	165.136	3.296	90.852	2.287	0.345	30000.0
4	11.498	166.231	3.355	91.055	2.314	0.344	20000.0
5	11.062	164.828	3.269	90.666	2.314	0.349	30000.0
6	11.359	165.128	3.34	90.838	2.29	0.35	20000.0
7	11.332	166.607	3.294	91.553	2.344	0.33	20000.0
8	11.217	163.761	3.288	90.303	2.27	0.356	40000.0
9	11.23	165.187	3.272	91.005	2.305	0.342	20000.0
10	11.05	165.647	3.234	91.196	2.348	0.336	40000.0
11	11.195	164.686	3.263	90.703	2.294	0.35	20000.0
12	11.189	163.941	3.288	90.505	2.281	0.353	30000.0
13	11.289	163.931	3.32	90.839	2.278	0.349	30000.0
14	11.23	164.417	3.297	90.522	2.268	0.357	20000.0
15	10.968	163.588	3.194	90.381	2.285	0.363	20000.0
16	11.135	165.201	3.252	90.985	2.327	0.349	20000.0
17	11.091	164.882	3.259	90.657	2.301	0.356	30000.0
18	11.189	164.657	3.273	90.713	2.307	0.353	30000.0
19	10.945	163.95	3.201	90.393	2.353	0.354	40000.0
20	11.33	166.078	3.306	91.009	2.311	0.336	30000.0
21	11.056	164.239	3.234	90.486	2.338	0.347	20000.0
22	11.121	165.082	3.274	90.996	2.314	0.348	30000.0
23	11.274	165.09	3.277	90.929	2.28	0.342	20000.0
24	11.181	164.045	3.236	90.527	2.271	0.351	20000.0
25	11.139	164.624	3.247	90.87	2.301	0.352	40000.0
26	11.233	165.873	3.294	91.179	2.323	0.338	30000.0
27	11.27	165.195	3.316	90.697	2.293	0.35	20000.0
28	10.993	165.623	3.203	90.81	2.342	0.341	40000.0
29	11.254	163.547	3.264	90.504	2.328	0.356	30000.0
30	11.257	164.838	3.295	91.028	2.307	0.342	30000.0
31	11.167	165.003	3.284	90.804	2.303	0.343	30000.0
32	11.232	163.859	3.282	90.676	2.266	0.356	30000.0
33	11.313	165.777	3.312	91.237	2.308	0.335	20000.0
34	11.012	165.51	3.192	90.637	2.36	0.346	20000.0
35	11.19	164.518	3.249	90.636	2.263	0.352	30000.0
36	11.243	163.342	3.319	90.33	2.267	0.364	40000.0
37	11.247	164.383	3.297	90.827	2.291	0.351	20000.0
38	11.249	165.72	3.258	91.054	2.317	0.345	20000.0
39	10.998	163.276	3.23	90.166	2.333	0.359	30000.0
40	11.013	165.057	3.204	90.712	2.345	0.351	20000.0
41	11.258	165.642	3.279	91.062	2.323	0.345	60000.0
42	11.246	164.727	3.307	90.743	2.283	0.347	20000.0
43	11.376	164.809	3.325	90.693	2.259	0.351	20000.0
44	11.187	165.739	3.25	91.179	2.321	0.334	40000.0
45	11.224	165.343	3.287	90.921	2.317	0.345	40000.0
46	11.274	165.569	3.314	91.092	2.319	0.342	30000.0
47	11.257	165.393	3.267	90.854	2.299	0.344	30000.0
48	11.323	164.57	3.298	90.595	2.273	0.358	20000.0
49	11.129	165.611	3.257	90.924	2.337	0.346	20000.0
50	11.154	164.336	3.277	90.815	2.321	0.348	20000.0
51	11.122	163.853	3.245	90.49	2.266	0.358	20000.0
52	11.337	165.491	3.325	90.963	2.284	0.349	30000.0
53	11.385	165.025	3.334	90.665	2.285	0.36	20000.0
54	11.03	163.376	3.227	90.267	2.344	0.354	20000.0
55	11.36	164.693	3.316	90.751	2.28	0.354	20000.0
56	11.12	164.107	3.252	90.541	2.279	0.359	40000.0
57	11.231	164.777	3.269	90.864	2.3	0.348	30000.0
58	11.127	163.37	3.283	90.293	2.311	0.36	50000.0
59	11.208	164.555	3.296	90.749	2.308	0.351	30000.0
60	11.14	165.438	3.255	90.943	2.316	0.347	20000.0
61	11.424	164.861	3.329	90.527	2.283	0.36	30000.0
62	11.226	164.626	3.273	90.722	2.28	0.355	30000.0
63	11.261	164.852	3.289	91.024	2.29	0.344	30000.0
64	11.334	165.463	3.294	90.732	2.273	0.353	30000.0
65	11.253	164.732	3.292	91.056	2.296	0.353	20000.0
66	11.042	165.625	3.232	91.109	2.331	0.345	20000.0
67	11.065	163.55	3.216	90.553	2.298	0.358	30000.0
68	10.995	164.471	3.232	90.33	2.367	0.355	20000.0
69	11.267	164.383	3.309	90.51	2.271	0.354	30000.0
70	11.133	164.216	3.265	90.676	2.376	0.346	20000.0
71	11.299	164.426	3.306	90.782	2.295	0.345	20000.0
72	11.247	163.919	3.288	90.465	2.252	0.357	40000.0
73	11.265	162.934	3.304	90.241	2.263	0.362	20000.0
74	11.217	164.809	3.302	90.896	2.31	0.349	20000.0
75	11.19	165.355	3.263	90.922	2.332	0.345	20000.0
76	11.215	163.988	3.281	90.3	2.29	0.352	40000.0
77	11.249	165.219	3.292	90.832	2.308	0.35	20000.0
78	11.078	164.68	3.248	90.692	2.301	0.352	20000.0
79	11.158	165.233	3.277	90.963	2.314	0.349	30000.0
80	10.909	163.411	3.192	90.354	2.312	0.364	20000.0
81	10.977	163.694	3.218	90.384	2.304	0.36	20000.0
82	11.239	165.579	3.313	91.065	2.298	0.341	40000.0
83	10.971	161.715	3.214	89.618	2.284	0.365	20000.0
84	11.106	164.27	3.243	90.797	2.294	0.352	20000.0
85	11.305	164.151	3.306	90.632	2.311	0.348	20000.0
86	11.05	163.605	3.224	90.295	2.276	0.368	20000.0
87	11.23	163.808	3.272	90.946	2.444	0.342	40000.0
88	11.272	165.322	3.294	91.109	2.321	0.343	20000.0
89	11.182	165.701	3.26	91.032	2.34	0.344	30000.0
90	11.096	163.736	3.241	90.548	2.286	0.357	50000.0
91	11.267	164.659	3.338	90.629	2.279	0.357	40000.0
92	10.934	162.994	3.176	89.929	2.326	0.363	20000.0
93	11.362	164.232	3.331	90.651	2.283	0.353	20000.0
94	10.924	162.252	3.208	89.783	2.298	0.365	40000.0
95	11.345	164.31	3.319	90.61	2.292	0.357	20000.0
96	11.054	162.886	3.263	89.957	2.322	0.362	30000.0
97	11.248	166.102	3.254	91.193	2.35	0.34	20000.0
98	11.175	162.802	3.277	90.286	2.322	0.356	20000.0
99	11.15	164.72	3.271	90.812	2.321	0.353	20000.0
100	11.377	164.93	3.322	90.705	2.27	0.348	40000.0
101	11.05	163.662	3.218	90.333	2.354	0.354	40000.0
102	11.119	164.709	3.26	90.757	2.315	0.354	40000.0
103	11.21	163.84	3.272	90.445	2.351	0.355	30000.0
104	11.082	164.63	3.245	90.733	2.304	0.354	20000.0
105	11.15	165.886	3.233	90.991	2.314	0.342	20000.0
106	11.02	163.851	3.209	90.437	2.341	0.356	20000.0
107	11.134	165.341	3.246	90.912	2.323	0.347	20000.0
108	11.314	165.337	3.291	91.119	2.303	0.342	20000.0
109	11.329	164.405	3.324	90.766	2.301	0.349	40000.0
110	11.259	164.345	3.317	90.683	2.277	0.351	20000.0
111	11.095	165.28	3.22	90.814	2.308	0.348	20000.0
112	11.287	165.671	3.313	90.939	2.306	0.341	30000.0
113	11.196	165.856	3.27	91.233	2.326	0.337	20000.0
114	11.318	164.215	3.306	90.573	2.325	0.358	30000.0
115	11.116	164.431	3.235	90.617	2.287	0.353	20000.0
116	10.958	162.888	3.217	89.627	2.328	0.361	20000.0
117	11.127	164.224	3.245	90.7	2.303	0.349	30000.0
118	10.982	163.068	3.185	89.992	2.31	0.366	20000.0
119	11.081	165.153	3.276	90.628	2.335	0.35	20000.0
120	11.169	164.577	3.272	90.636	2.289	0.347	30000.0
121	11.149	164.894	3.292	90.727	2.317	0.352	30000.0
122	11.233	164.927	3.26	90.992	2.309	0.349	30000.0
123	11.104	165.129	3.238	90.954	2.305	0.348	30000.0
124	11.165	165.693	3.251	91.107	2.323	0.341	20000.0
125	11.239	164.929	3.265	90.876	2.286	0.342	20000.0
126	11.188	164.98	3.284	90.9	2.313	0.352	20000.0
127	10.997	165.398	3.189	90.658	2.353	0.346	20000.0
128	11.266	165.215	3.281	91.006	2.306	0.341	20000.0
129	11.109	164.336	3.259	90.655	2.296	0.351	30000.0
130	11.205	165.93	3.259	91.411	2.332	0.333	30000.0
131	11.32	164.354	3.323	90.465	2.262	0.358	30000.0
132	10.987	165.094	3.214	90.618	2.313	0.346	40000.0
133	10.954	164.651	3.223	90.468	2.322	0.352	20000.0
134	11.009	164.402	3.204	90.67	2.305	0.357	20000.0
135	11.177	164.134	3.272	90.712	2.279	0.352	20000.0
136	11.108	166.779	3.232	91.208	2.374	0.334	40000.0
137	11.211	166.136	3.29	91.18	2.323	0.337	30000.0
138	11.221	162.953	3.297	90.178	2.234	0.353	40000.0
139	11.191	164.405	3.251	90.852	2.3	0.353	20000.0
140	11.257	164.2	3.271	90.722	2.288	0.353	20000.0
141	11.092	164.706	3.262	90.765	2.317	0.352	40000.0
142	11.232	165.176	3.294	90.718	2.31	0.345	20000.0
143	11.041	164.423	3.249	90.786	2.301	0.35	30000.0
144	11.252	165.005	3.303	91.018	2.305	0.345	20000.0
145	11.263	164.904	3.275	90.776	2.306	0.341	20000.0
146	11.04	163.538	3.232	90.151	2.324	0.358	20000.0
147	11.321	165.727	3.302	91.172	2.305	0.334	20000.0
148	10.95	164.59	3.227	90.666	2.354	0.356	40000.0
149	10.969	163.748	3.203	90.197	2.302	0.358	20000.0
150	11.044	164.971	3.205	90.607	2.328	0.357	20000.0
151	11.318	165.888	3.366	90.964	2.309	0.345	20000.0
152	11.274	166.163	3.275	91.256	2.333	0.337	30000.0
153	11.29	165.671	3.304	90.728	2.271	0.348	40000.0
154	11.054	164.202	3.255	90.572	2.312	0.346	20000.0
155	11.249	165.299	3.271	90.701	2.307	0.346	30000.0
156	10.921	162.867	3.216	89.702	2.325	0.36	40000.0
157	11.066	164.902	3.258	90.735	2.328	0.351	40000.0
158	11.119	164.887	3.233	90.955	2.286	0.341	20000.0
159	11.036	164.511	3.246	90.452	2.313	0.349	30000.0
160	11.046	164.156	3.237	90.457	2.331	0.359	30000.0
161	11.164	165.226	3.261	91.139	2.333	0.345	30000.0
162	11.421	164.478	3.335	90.761	2.256	0.357	30000.0
163	11.092	165.123	3.242	90.816	2.335	0.35	40000.0
164	11.267	165.669	3.32	91.162	2.336	0.34	30000.0
165	10.93	163.764	3.195	89.97	2.363	0.36	20000.0
166	11.184	163.566	3.281	90.347	2.276	0.355	30000.0
167	10.923	164.213	3.193	90.31	2.32	0.36	20000.0
168	11.181	164.407	3.307	90.677	2.273	0.349	30000.0
169	11.157	165.025	3.286	90.72	2.32	0.347	40000.0
170	11.153	165.143	3.258	90.922	2.311	0.351	20000.0
171	11.214	165.379	3.292	91.139	2.335	0.342	20000.0
172	11.13	166.329	3.247	91.176	2.358	0.339	20000.0
173	10.813	161.947	3.176	89.455	2.317	0.374	30000.0
174	11.302	166.286	3.313	91.1	2.324	0.341	40000.0
175	11.351	164.985	3.314	90.696	2.27	0.353	20000.0
176	11.309	164.3	3.32	90.593	2.293	0.353	20000.0
177	11.105	163.797	3.243	90.59	2.29	0.349	40000.0
178	10.904	162.225	3.201	89.538	2.332	0.37	30000.0
179	11.134	164.66	3.24	90.901	2.313	0.348	20000.0
180	11.168	165.855	3.247	91.225	2.328	0.339	50000.0
181	11.143	164.038	3.229	90.743	2.288	0.353	50000.0
182	11.123	164.809	3.22	90.849	2.328	0.346	30000.0
183	11.191	164.822	3.262	90.774	2.296	0.349	20000.0
184	11.173	164.039	3.27	90.539	2.345	0.355	50000.0
185	11.074	164.658	3.211	90.775	2.319	0.35	30000.0
186	11.188	165.71	3.302	91.246	2.318	0.337	20000.0
187	11.186	164.718	3.262	90.862	2.308	0.348	20000.0
188	10.948	163.023	3.225	90.221	2.375	0.355	20000.0
189	11.023	164.551	3.243	90.786	2.308	0.353	40000.0
190	11.225	165.86	3.307	91.297	2.317	0.342	30000.0
191	11.073	165.071	3.263	90.977	2.321	0.339	40000.0
192	11.295	165.258	3.306	91.061	2.313	0.348	30000.0
193	11.203	164.539	3.307	90.617	2.31	0.357	20000.0
194	11.138	165.685	3.265	91.265	2.312	0.342	30000.0
195	11.269	164.003	3.282	90.36	2.239	0.354	30000.0
196	11.31	163.617	3.302	90.544	2.262	0.353	20000.0
197	11.115	163.839	3.256	90.488	2.31	0.357	20000.0
198	11.196	162.952	3.274	90.035	2.278	0.361	50000.0
199	11.388	165.868	3.305	91.047	2.285	0.345	20000.0
200	11.204	165.06	3.302	90.961	2.315	0.342	30000.0
201	10.873	162.876	3.172	89.671	2.318	0.364	20000.0
202	11.093	164.705	3.246	90.562	2.323	0.35	20000.0
203	11.176	165.715	3.24	91.155	2.322	0.34	30000.0
204	11.197	165.297	3.261	91.032	2.304	0.341	30000.0
205	11.062	163.886	3.233	90.581	2.297	0.345	20000.0
206	11.341	163.7	3.272	90.295	2.236	0.355	20000.0
207	11.349	165.815	3.33	91.212	2.331	0.336	20000.0
208	11.114	165.132	3.249	90.823	2.319	0.343	20000.0
209	11.047	164.802	3.217	90.545	2.352	0.355	20000.0
210	11.222	166.264	3.288	91.245	2.319	0.328	20000.0
211	11.08	164.635	3.253	90.916	2.326	0.341	20000.0
212	11.047	164.335	3.25	90.393	2.326	0.358	30000.0
213	11.244	164.93	3.297	90.607	2.293	0.357	50000.0
214	11.227	164.951	3.299	90.796	2.298	0.352	30000.0
215	11.213	164.888	3.292	90.911	2.315	0.344	20000.0
216	11.195	164.035	3.301	90.657	2.288	0.351	30000.0
217	11.2	164.769	3.283	90.705	2.29	0.351	20000.0
218	11.284	164.791	3.287	90.691	2.285	0.348	40000.0
219	11.204	165.769	3.281	91.088	2.355	0.342	20000.0
220	11.148	164.328	3.256	90.792	2.303	0.356	30000.0
221	11.146	164.411	3.283	90.904	2.32	0.349	40000.0
222	11.391	164.348	3.309	90.829	2.296	0.348	20000.0
223	11.243	164.33	3.275	90.663	2.28	0.356	20000.0
224	11.089	164.547	3.239	90.608	2.323	0.348	20000.0
225	10.994	161.696	3.185	89.642	2.333	0.359	20000.0
226	10.969	162.877	3.195	89.705	2.311	0.364	20000.0
227	11.183	164.771	3.275	90.792	2.378	0.344	20000.0
228	11.085	164.574	3.201	90.569	2.332	0.35	20000.0
229	11.061	164.767	3.25	90.754	2.323	0.352	30000.0
230	11.133	164.016	3.246	90.546	2.348	0.354	20000.0
231	11.31	167.075	3.304	91.565	2.35	0.323	30000.0
232	11.21	165.205	3.312	90.893	2.306	0.346	20000.0
233	11.197	165.319	3.271	91.042	2.325	0.34	30000.0
234	11.289	164.529	3.309	90.454	2.276	0.361	40000.0
235	11.445	164.823	3.323	90.798	2.26	0.351	30000.0
236	11.183	164.683	3.255	90.741	2.289	0.355	20000.0
237	11.1	165.887	3.246	90.844	2.377	0.342	30000.0
238	11.278	165.137	3.295	90.902	2.301	0.354	20000.0
239	11.076	164.426	3.258	90.693	2.303	0.347	20000.0
240	11.283	163.342	3.288	90.238	2.27	0.359	40000.0
241	11.116	163.61	3.26	90.3	2.293	0.357	40000.0
242	11.111	164.295	3.233	90.708	2.306	0.354	20000.0
243	11.311	165.927	3.325	91.175	2.339	0.342	30000.0
244	11.337	164.602	3.314	90.618	2.264	0.361	20000.0
245	10.903	163.747	3.199	90.348	2.308	0.363	30000.0
246	11.151	164.82	3.261	90.828	2.314	0.355	20000.0
247	11.317	167.214	3.318	91.582	2.344	0.326	30000.0
248	11.221	164.155	3.304	90.567	2.276	0.349	20000.0
249	11.167	164.71	3.271	90.883	2.295	0.343	20000.0
250	10.95	162.35	3.188	89.84	2.334	0.364	30000.0
251	10.961	163.732	3.204	90.312	2.366	0.353	30000.0
252	11.318	165.361	3.301	90.874	2.278	0.351	20000.0
253	11.29	164.524	3.327	90.664	2.285	0.351	40000.0
254	11.146	163.807	3.27	90.547	2.298	0.354	20000.0
255	11.148	164.343	3.271	90.564	2.292	0.349	30000.0
256	11.045	165.54	3.232	90.921	2.335	0.349	40000.0
257	11.124	164.645	3.27	90.603	2.32	0.35	20000.0
258	11.21	165.303	3.288	90.684	2.293	0.351	40000.0
259	11.133	165.184	3.247	90.868	2.325	0.346	20000.0
260	11.104	163.772	3.283	90.528	2.297	0.353	30000.0
261	11.039	164.699	3.219	90.725	2.311	0.352	20000.0
262	11.293	164.039	3.309	90.539	2.261	0.358	20000.0
263	11.199	165.644	3.273	91.05	2.316	0.341	20000.0
264	10.991	164.434	3.213	90.438	2.321	0.36	30000.0
265	11.091	164.961	3.253	90.836	2.333	0.35	30000.0
266	11.283	165.134	3.291	91.041	2.299	0.35	30000.0
267	11.238	163.208	3.287	90.359	2.259	0.362	30000.0
268	10.998	162.443	3.252	89.869	2.315	0.363	30000.0
269	11.292	165.017	3.31	90.592	2.277	0.345	30000.0
270	11.217	165.426	3.28	91.084	2.317	0.334	20000.0
271	11.233	165.019	3.316	90.769	2.302	0.349	20000.0
272	11.28	164.832	3.297	90.799	2.291	0.347	30000.0
273	11.035	164.896	3.233	90.794	2.335	0.352	20000.0
274	11.176	165.332	3.236	90.863	2.324	0.351	30000.0
275	11.255	164.286	3.264	90.6	2.279	0.353	30000.0
276	11.272	164.626	3.288	90.954	2.282	0.347	20000.0
277	10.899	162.082	3.18	89.596	2.298	0.37	20000.0
278	11.145	164.847	3.254	90.854	2.315	0.35	30000.0
279	11.212	165.38	3.264	91.042	2.304	0.336	20000.0
280	11.266	165.285	3.289	91.002	2.299	0.349	30000.0
281	11.141	165.89	3.27	91.029	2.325	0.34	20000.0
282	11.154	164.911	3.27	90.929	2.328	0.349	30000.0
283	11.245	164.244	3.275	90.566	2.357	0.345	30000.0
284	11.262	165.904	3.263	91.135	2.323	0.343	20000.0
285	11.291	164.477	3.307	90.468	2.265	0.357	30000.0
286	11.122	164.01	3.248	90.653	2.271	0.353	20000.0
287	11.472	164.965	3.357	90.945	2.286	0.346	30000.0
288	11.103	164.648	3.24	90.675	2.291	0.35	20000.0
289	11.138	164.716	3.266	90.939	2.315	0.348	30000.0
290	11.239	163.986	3.327	90.6	2.284	0.353	50000.0
291	11.396	165.031	3.34	90.758	2.263	0.356	20000.0
292	11.397	165.355	3.299	90.64	2.289	0.357	20000.0
293	10.997	162.902	3.191	89.886	2.316	0.361	20000.0
294	11.263	164.994	3.3	90.547	2.301	0.353	30000.0
295	11.147	165.003	3.263	90.876	2.324	0.353	30000.0
296	11.143	164.765	3.266	90.794	2.314	0.355	20000.0
297	10.924	163.318	3.211	90.217	2.331	0.35	40000.0
298	11.191	164.226	3.259	90.58	2.326	0.349	20000.0
299	11.348	165.81	3.351	90.823	2.304	0.347	30000.0
300	11.089	165.252	3.262	90.72	2.319	0.346	40000.0
301	10.954	162.692	3.205	90.013	2.324	0.363	20000.0
302	11.422	164.732	3.326	90.747	2.284	0.357	30000.0
303	11.452	164.95	3.367	90.751	2.292	0.357	30000.0
304	11.323	164.798	3.313	90.81	2.299	0.353	40000.0
305	11.221	164.268	3.261	90.773	2.326	0.341	30000.0
306	11.137	164.832	3.254	91.032	2.315	0.348	20000.0
307	11.136	164.805	3.282	90.703	2.301	0.353	20000.0
308	11.161	164.387	3.27	90.685	2.312	0.354	20000.0
309	11.368	164.549	3.307	90.592	2.268	0.358	40000.0
310	11.156	164.899	3.252	90.995	2.299	0.35	30000.0
311	11.078	163.466	3.263	90.52	2.283	0.357	20000.0
312	11.313	163.916	3.275	90.732	2.307	0.353	20000.0
313	11.235	165.486	3.246	90.894	2.29	0.343	50000.0
314	11.174	165.116	3.282	91.024	2.328	0.344	20000.0
315	11.319	164.059	3.333	90.717	2.275	0.35	30000.0
316	11.153	164.209	3.304	90.599	2.275	0.352	30000.0
317	11.088	165.206	3.248	90.983	2.333	0.346	30000.0
318	11.272	164.204	3.301	90.684	2.29	0.342	30000.0
319	11.247	164.335	3.308	90.702	2.265	0.355	30000.0
320	11.375	165.037	3.326	90.651	2.28	0.355	30000.0
321	11.208	164.987	3.309	90.951	2.317	0.345	20000.0
322	11.055	164.451	3.225	90.767	2.296	0.353	30000.0
323	11.093	162.905	3.259	90.401	2.253	0.356	30000.0
324	11.082	164.591	3.222	90.625	2.29	0.353	20000.0
325	11.096	163.925	3.243	90.319	2.284	0.359	20000.0
326	11.215	165.759	3.262	91.05	2.321	0.348	20000.0
327	10.894	163.267	3.195	89.915	2.312	0.356	30000.0
328	11.252	165.316	3.28	91.107	2.312	0.34	30000.0
329	11.361	164.048	3.326	90.548	2.267	0.355	40000.0
330	11.16	164.682	3.296	90.818	2.33	0.346	20000.0
331	11.179	164.537	3.262	90.867	2.297	0.343	20000.0
332	11.011	164.848	3.227	90.598	2.328	0.352	20000.0
333	11.236	165.411	3.3	90.911	2.289	0.345	20000.0
334	11.127	164.344	3.272	90.915	2.307	0.349	20000.0
335	10.901	162.569	3.162	89.701	2.298	0.368	30000.0
336	11.279	165.225	3.285	91.058	2.295	0.345	40000.0
337	11.22	164.31	3.298	90.921	2.319	0.351	20000.0
338	11.216	165.231	3.267	91.021	2.315	0.334	20000.0
339	11.326	163.842	3.308	90.369	2.265	0.363	30000.0
340	11.225	165.585	3.279	91.005	2.318	0.338	40000.0
341	11.114	164.654	3.245	90.615	2.317	0.354	30000.0
342	10.974	164.493	3.216	90.238	2.337	0.359	20000.0
343	11.065	164.653	3.232	90.777	2.317	0.351	30000.0
344	11.018	165.527	3.206	90.608	2.357	0.346	20000.0
345	11.418	164.69	3.328	90.752	2.296	0.352	20000.0
346	11.177	164.458	3.271	90.77	2.313	0.352	30000.0
347	11.147	163.47	3.264	90.39	2.251	0.354	20000.0
348	11.01	164.577	3.219	90.522	2.343	0.344	20000.0
349	11.229	165.343	3.304	91.076	2.303	0.343	30000.0
350	11.158	165.902	3.256	91.272	2.333	0.331	20000.0
351	11.379	164.616	3.312	90.639	2.261	0.358	20000.0
352	11.204	162.858	3.287	90.057	2.271	0.363	20000.0
353	11.242	165.637	3.287	91.258	2.33	0.337	20000.0
354	11.161	165.203	3.268	90.839	2.297	0.347	20000.0
355	11.209	163.991	3.295	90.638	2.305	0.354	20000.0
356	11.084	162.298	3.224	89.852	2.341	0.359	20000.0
357	11.353	165.927	3.311	90.989	2.292	0.339	20000.0
358	11.092	165.674	3.245	91.086	2.351	0.344	20000.0
359	11.089	163.903	3.23	90.63	2.294	0.357	20000.0
360	11.214	165.734	3.261	91.212	2.324	0.344	20000.0
361	11.264	165.082	3.289	90.745	2.295	0.351	20000.0
362	11.006	164.423	3.226	90.412	2.325	0.349	20000.0
363	11.306	165.086	3.328	90.778	2.306	0.351	20000.0
364	11.329	164.756	3.307	90.64	2.288	0.353	40000.0
365	11.241	164.971	3.287	90.87	2.294	0.348	30000.0
366	11.33	164.928	3.296	90.892	2.312	0.347	40000.0
367	11.115	165.561	3.255	90.941	2.35	0.345	20000.0
368	11.143	166.453	3.281	91.458	2.357	0.336	20000.0
369	11.223	164.355	3.303	90.829	2.278	0.347	50000.0
370	10.993	163.75	3.205	90.196	2.347	0.352	20000.0
371	11.35	164.987	3.325	91.023	2.306	0.347	20000.0
372	11.22	165.015	3.258	90.842	2.298	0.349	50000.0
373	10.882	162.444	3.183	89.719	2.338	0.357	30000.0
374	11.165	164.178	3.251	90.432	2.303	0.355	30000.0
375	11.177	165.273	3.283	90.732	2.313	0.35	20000.0
376	11.193	164.696	3.27	90.788	2.293	0.353	30000.0
377	11.023	164.876	3.217	90.714	2.312	0.354	20000.0
378	11.077	164.117	3.218	90.565	2.308	0.354	30000.0
379	11.353	165.666	3.308	91.042	2.321	0.345	20000.0
380	11.049	164.217	3.226	90.356	2.355	0.356	20000.0
381	11.167	165.57	3.254	90.842	2.318	0.347	20000.0
382	11.174	164.489	3.289	90.677	2.294	0.355	20000.0
383	11.029	164.787	3.21	90.327	2.366	0.349	30000.0
384	11.182	164.897	3.277	90.828	2.305	0.346	20000.0
385	11.068	164.849	3.255	90.818	2.326	0.352	40000.0
386	11.19	164.724	3.269	90.853	2.294	0.349	20000.0
387	11.193	165.188	3.292	90.985	2.336	0.347	30000.0
388	11.361	165.513	3.323	90.958	2.304	0.344	20000.0
389	11.237	164.579	3.284	90.69	2.365	0.35	30000.0
390	11.142	165.313	3.248	91.028	2.343	0.348	50000.0
391	11.08	163.894	3.242	90.353	2.279	0.354	40000.0
392	11.24	164.812	3.29	90.858	2.268	0.342	20000.0
393	11.212	165.149	3.269	90.99	2.324	0.344	30000.0
394	11.112	164.763	3.257	90.844	2.302	0.351	40000.0
395	11.215	165.426	3.292	91.03	2.317	0.343	30000.0
396	11.223	164.343	3.291	90.703	2.283	0.346	20000.0
397	11.129	164.332	3.267	90.701	2.308	0.354	20000.0
398	11.158	165.312	3.289	91.093	2.348	0.347	40000.0
399	11.067	163.878	3.223	90.598	2.29	0.357	20000.0
400	11.232	163.758	3.275	90.633	2.279	0.351	20000.0
401	11.281	165.602	3.303	91.033	2.31	0.341	20000.0
402	11.225	164.168	3.269	90.5	2.259	0.352	20000.0
403	11.203	163.973	3.3	90.55	2.268	0.352	40000.0
404	11.073	163.581	3.25	90.204	2.295	0.355	40000.0
405	11.174	166.19	3.263	91.163	2.319	0.343	40000.0
406	11.228	165.353	3.29	90.992	2.293	0.347	40000.0
407	11.176	164.527	3.278	90.762	2.283	0.344	20000.0
408	11.309	164.581	3.319	90.634	2.265	0.356	40000.0
409	11.142	164.409	3.275	90.628	2.294	0.341	30000.0
410	10.931	163.808	3.179	90.305	2.352	0.358	20000.0
411	11.06	163.55	3.228	90.37	2.303	0.357	20000.0
412	11.109	165.083	3.256	90.92	2.323	0.346	20000.0
413	11.324	166.148	3.294	91.121	2.317	0.34	40000.0
414	11.231	164.794	3.29	90.608	2.279	0.352	20000.0
415	11.252	164.93	3.31	91.047	2.298	0.345	20000.0
416	11.016	164.278	3.211	90.57	2.307	0.355	30000.0
417	11.145	165.278	3.281	90.859	2.323	0.349	30000.0
418	10.952	161.922	3.209	89.759	2.323	0.359	40000.0
419	11.124	164.574	3.247	90.705	2.33	0.348	20000.0
420	11.063	164.031	3.21	90.729	2.292	0.348	20000.0
421	11.184	163.402	3.278	90.311	2.367	0.348	30000.0
422	11.135	163.57	3.246	90.027	2.335	0.353	20000.0
423	11.086	164.763	3.242	90.701	2.3	0.355	50000.0
424	11.219	165.181	3.271	90.832	2.308	0.347	30000.0
425	11.143	164.478	3.27	90.7	2.292	0.354	40000.0
426	11.013	164.873	3.224	90.645	2.329	0.345	20000.0
427	11.001	163.655	3.207	90.312	2.345	0.358	20000.0
428	10.984	164.359	3.199	90.529	2.332	0.355	20000.0
429	11.293	166.327	3.279	91.12	2.322	0.337	20000.0
430	11.299	166.01	3.29	91.116	2.3	0.341	20000.0
431	11.207	165.542	3.281	91.195	2.319	0.345	40000.0
432	11.091	164.665	3.258	90.667	2.31	0.347	20000.0
433	11.186	163.645	3.265	90.282	2.275	0.349	20000.0
434	11.125	165.075	3.267	90.772	2.326	0.343	40000.0
435	11.156	164.505	3.246	91.105	2.304	0.341	30000.0
436	11.299	165.872	3.295	91.042	2.316	0.342	30000.0
437	10.906	163.039	3.16	89.89	2.324	0.361	30000.0
438	11.245	166.037	3.315	91.321	2.347	0.337	30000.0
439	11.37	164.822	3.336	90.665	2.279	0.354	30000.0
440	11.132	164.35	3.262	90.847	2.297	0.351	20000.0
441	11.073	164.771	3.257	90.814	2.298	0.352	40000.0
442	11.093	164.942	3.249	90.968	2.317	0.348	30000.0
443	11.098	164.327	3.247	90.798	2.302	0.353	30000.0
444	11.338	163.754	3.314	90.886	2.336	0.35	40000.0
445	11.067	164.458	3.244	90.618	2.32	0.346	40000.0
446	11.21	165.697	3.299	91.107	2.328	0.347	30000.0
447	11.227	165.433	3.285	90.984	2.335	0.346	30000.0
448	11.155	165.062	3.251	90.91	2.308	0.349	20000.0
449	11.283	165.589	3.292	90.904	2.301	0.343	30000.0
450	11.36	164.723	3.328	90.498	2.261	0.357	40000.0
451	11.29	164.368	3.3	90.779	2.265	0.349	30000.0
452	10.948	164.005	3.207	90.475	2.297	0.362	50000.0
453	11.197	164.963	3.268	90.925	2.31	0.348	20000.0
454	11.29	164.92	3.283	90.76	2.269	0.35	30000.0
455	10.926	163.206	3.18	90.063	2.322	0.362	20000.0
456	11.219	165.118	3.289	90.876	2.284	0.343	40000.0
457	10.925	162.832	3.21	90.139	2.327	0.359	20000.0
458	11.254	164.107	3.313	90.706	2.289	0.352	20000.0
459	11.107	164.553	3.266	90.557	2.274	0.352	20000.0
460	11.373	165.198	3.333	90.765	2.276	0.353	20000.0
461	11.159	165.487	3.252	90.894	2.32	0.344	20000.0
462	10.896	162.862	3.202	89.853	2.315	0.359	20000.0
463	11.374	164.739	3.347	90.89	2.286	0.356	20000.0
464	11.339	163.634	3.334	90.423	2.264	0.362	30000.0
465	11.077	163.67	3.247	90.416	2.288	0.36	20000.0
466	11.346	164.628	3.331	90.765	2.257	0.353	20000.0
467	11.159	164.66	3.256	90.946	2.316	0.351	20000.0
468	11.338	166.229	3.33	91.081	2.31	0.343	40000.0
469	11.313	165.14	3.307	90.625	2.253	0.352	50000.0
470	10.997	163.818	3.206	90.061	2.347	0.359	40000.0
471	11.066	165.182	3.244	90.913	2.343	0.342	30000.0
472	11.151	165.159	3.249	91.002	2.314	0.348	30000.0
473	11.199	164.566	3.275	90.814	2.355	0.341	20000.0
474	11.186	165.502	3.274	90.926	2.322	0.345	20000.0
475	11.224	165.228	3.3	90.851	2.31	0.344	30000.0
476	11.12	164.181	3.248	90.592	2.296	0.35	40000.0
477	11.256	164.732	3.299	90.759	2.283	0.355	40000.0
478	10.937	164.208	3.216	90.443	2.318	0.353	20000.0
479	11.019	163.94	3.244	90.447	2.319	0.355	20000.0
480	11.178	165.069	3.279	90.851	2.32	0.349	30000.0
481	11.066	163.752	3.21	90.191	2.356	0.358	40000.0
482	11.315	164.171	3.309	90.388	2.254	0.358	20000.0
483	11.339	164.975	3.309	90.943	2.29	0.354	20000.0
484	11.143	164.5	3.261	90.698	2.291	0.354	30000.0
485	11.165	163.01	3.256	90.078	2.327	0.362	20000.0
486	11.235	164.818	3.284	91.019	2.311	0.346	30000.0
487	11.086	163.396	3.234	90.539	2.305	0.352	20000.0
488	11.483	166.105	3.313	91.262	2.317	0.342	40000.0
489	11.197	165.229	3.303	90.887	2.308	0.347	30000.0
490	11.289	165.231	3.284	90.746	2.302	0.351	30000.0
491	11.126	165.846	3.256	91.123	2.335	0.341	20000.0
492	11.315	164.34	3.301	90.703	2.282	0.353	30000.0
493	10.99	165.436	3.166	90.605	2.365	0.343	30000.0
494	11.185	164.709	3.26	90.999	2.305	0.345	30000.0
495	11.148	163.016	3.254	90.433	2.282	0.356	30000.0
496	11.273	164.16	3.295	90.181	2.274	0.362	30000.0
497	11.246	166.328	3.282	91.479	2.332	0.33	20000.0
498	11.199	166.15	3.277	91.273	2.321	0.334	40000.0
499	11.033	163.75	3.216	90.602	2.303	0.347	30000.0
500	11.316	165.09	3.303	90.623	2.317	0.345	70000.0
