NMF_Replicate	L1	L1 %	L2	L2 %	KL Divergence	Correlation	Convergence Iterations
1	22.977	111.511	5.529	69.761	1.283	0.634	20000.0
2	24.037	115.649	5.914	72.768	1.284	0.601	40000.0
3	23.686	115.995	5.853	72.782	1.287	0.598	30000.0
4	23.547	113.737	5.801	71.541	1.26	0.62	20000.0
5	23.783	114.751	5.879	72.378	1.264	0.608	20000.0
6	23.928	117.035	5.865	73.308	1.3	0.597	30000.0
7	23.374	112.614	5.706	70.763	1.289	0.626	30000.0
8	23.502	113.971	5.887	72.073	1.273	0.613	40000.0
9	23.806	115.549	5.91	72.83	1.269	0.603	20000.0
10	23.801	116.346	5.943	72.917	1.297	0.599	20000.0
11	23.774	116.258	5.9	72.49	1.286	0.608	30000.0
12	23.784	115.787	5.858	72.634	1.289	0.603	30000.0
13	24.063	117.15	5.874	72.947	1.307	0.603	20000.0
14	23.273	111.462	5.627	70.026	1.333	0.634	30000.0
15	24.1	116.805	5.945	72.931	1.302	0.603	20000.0
16	24.157	117.024	5.952	73.171	1.303	0.593	20000.0
17	23.657	114.614	5.905	72.142	1.271	0.613	60000.0
18	23.563	114.418	5.718	71.728	1.299	0.609	20000.0
19	23.963	117.14	5.901	73.207	1.29	0.592	50000.0
20	23.931	116.188	5.897	72.875	1.296	0.597	20000.0
21	23.718	116.873	5.831	72.678	1.309	0.597	40000.0
22	23.233	112.305	5.614	69.642	1.307	0.629	20000.0
23	24.094	117.861	5.892	73.319	1.318	0.596	60000.0
24	23.645	114.893	5.828	72.26	1.279	0.607	20000.0
25	24.423	116.74	5.985	73.137	1.287	0.601	40000.0
26	23.889	115.17	5.887	72.795	1.31	0.598	30000.0
27	23.634	115.702	5.825	72.123	1.292	0.61	50000.0
28	23.219	112.487	5.635	70.905	1.293	0.629	20000.0
29	24.271	117.933	6.016	73.253	1.318	0.592	20000.0
30	23.556	115.247	5.757	72.503	1.29	0.6	20000.0
31	23.897	116.571	5.934	72.56	1.299	0.604	30000.0
32	23.451	113.244	5.723	71.182	1.309	0.619	50000.0
33	22.975	111.699	5.547	69.613	1.302	0.629	50000.0
34	23.958	117.34	5.847	73.52	1.317	0.588	20000.0
35	24.131	116.712	5.956	73.055	1.295	0.596	30000.0
36	23.451	115.708	5.768	72.184	1.301	0.609	20000.0
37	23.797	116.047	5.843	72.774	1.282	0.604	30000.0
38	23.78	115.421	5.982	72.51	1.278	0.608	20000.0
39	23.256	113.271	5.601	70.821	1.313	0.619	20000.0
40	24.219	117.114	6.021	73.564	1.3	0.593	20000.0
41	23.605	115.207	5.841	72.455	1.276	0.603	20000.0
42	24.072	116.629	5.904	72.638	1.326	0.601	20000.0
43	23.52	112.703	5.706	70.833	1.31	0.622	40000.0
44	23.88	115.844	5.926	72.398	1.293	0.608	30000.0
45	23.592	114.838	5.821	71.912	1.259	0.611	30000.0
46	23.666	115.164	5.834	72.236	1.285	0.605	30000.0
47	23.377	113.095	5.728	71.153	1.302	0.616	30000.0
48	23.738	115.737	5.883	72.672	1.279	0.601	40000.0
49	23.974	115.834	5.964	72.772	1.297	0.605	20000.0
50	23.808	116.265	5.877	72.736	1.289	0.606	30000.0
51	24.149	117.568	5.903	73.578	1.306	0.59	20000.0
52	24.094	117.007	5.875	72.928	1.312	0.601	30000.0
53	24.04	115.787	5.944	72.61	1.311	0.6	20000.0
54	23.272	112.564	5.676	71.392	1.274	0.618	20000.0
55	24.016	115.323	5.928	72.545	1.267	0.603	20000.0
56	23.889	116.114	5.835	72.592	1.298	0.605	40000.0
57	23.465	114.62	5.837	72.166	1.278	0.606	30000.0
58	23.564	114.635	5.862	72.382	1.285	0.607	20000.0
59	23.636	116.849	5.804	72.82	1.306	0.596	20000.0
60	23.997	117.662	5.891	73.281	1.305	0.594	40000.0
61	23.943	116.803	5.936	73.141	1.291	0.6	30000.0
62	23.874	117.181	5.854	72.83	1.302	0.6	30000.0
63	23.926	117.383	5.843	73.361	1.318	0.59	20000.0
64	23.807	117.059	5.833	73.121	1.314	0.593	20000.0
65	24.105	117.136	5.909	73.412	1.298	0.589	20000.0
66	24.033	116.354	5.883	72.875	1.29	0.603	20000.0
67	23.795	115.729	5.847	72.771	1.29	0.604	20000.0
68	23.859	116.978	5.78	73.02	1.314	0.595	30000.0
69	24.094	115.775	5.917	72.381	1.287	0.604	40000.0
70	23.707	115.62	5.789	72.269	1.325	0.606	20000.0
71	23.787	116.588	5.901	72.571	1.335	0.597	50000.0
72	23.523	114.244	5.817	71.741	1.276	0.613	20000.0
73	24.148	116.886	5.887	73.065	1.309	0.593	20000.0
74	23.727	116.12	5.832	73.092	1.343	0.594	20000.0
75	23.992	117.478	5.987	73.228	1.302	0.597	20000.0
76	23.36	115.035	5.721	72.463	1.305	0.597	30000.0
77	23.435	114.575	5.758	72.404	1.318	0.601	40000.0
78	23.719	115.84	5.848	72.272	1.268	0.608	30000.0
79	23.589	115.153	5.817	72.319	1.291	0.606	40000.0
80	23.983	116.876	5.939	72.665	1.272	0.604	30000.0
81	23.601	114.952	5.825	72.253	1.275	0.609	30000.0
82	23.939	117.427	5.909	73.249	1.319	0.592	30000.0
83	24.067	117.072	6.019	73.405	1.28	0.601	30000.0
84	23.827	115.936	5.865	72.122	1.285	0.612	20000.0
85	24.095	116.795	5.915	73.225	1.336	0.593	50000.0
86	23.937	115.907	5.899	72.656	1.286	0.605	30000.0
87	23.681	114.91	5.905	71.96	1.298	0.607	40000.0
88	23.65	115.88	5.891	72.593	1.289	0.605	60000.0
89	23.487	115.124	5.783	72.143	1.277	0.606	20000.0
90	23.611	115.132	5.814	72.014	1.267	0.611	20000.0
91	23.916	116.101	5.887	72.671	1.289	0.601	40000.0
92	23.619	115.01	5.804	72.043	1.272	0.608	20000.0
93	23.968	116.363	5.936	72.886	1.299	0.599	40000.0
94	23.941	116.604	5.921	73.031	1.3	0.598	20000.0
95	23.859	114.331	5.857	72.056	1.303	0.615	20000.0
96	24.008	115.864	5.923	72.894	1.285	0.601	40000.0
97	23.543	115.496	5.769	72.07	1.285	0.605	40000.0
98	23.868	115.022	5.936	72.515	1.284	0.609	40000.0
99	23.581	115.379	5.8	72.193	1.278	0.607	30000.0
100	23.401	114.393	5.771	72.123	1.269	0.605	40000.0
