NMF_Replicate	L1	L1 %	L2	L2 %	KL Divergence	Correlation	Convergence Iterations
1	20.566	158.187	4.881	88.663	2.211	0.358	20000.0
2	21.25	158.162	5.099	88.393	2.172	0.353	20000.0
3	20.852	158.64	5.025	89.045	2.183	0.354	20000.0
4	20.468	158.085	4.835	88.611	2.223	0.358	20000.0
5	21.57	158.904	5.242	88.768	2.146	0.354	40000.0
6	20.483	157.888	4.925	88.785	2.211	0.356	30000.0
7	21.124	159.361	5.098	89.258	2.192	0.345	20000.0
8	21.654	158.732	5.246	88.776	2.141	0.355	30000.0
9	20.544	157.611	4.911	88.715	2.202	0.359	20000.0
10	20.682	158.569	4.966	88.985	2.204	0.357	40000.0
11	20.718	158.185	4.949	88.839	2.18	0.357	30000.0
12	20.463	158.148	4.868	88.666	2.216	0.356	20000.0
13	20.452	157.796	4.838	88.353	2.205	0.363	30000.0
14	20.819	157.566	4.988	88.429	2.167	0.362	40000.0
15	21.689	159.695	5.26	89.071	2.177	0.349	30000.0
16	20.886	157.538	4.999	88.411	2.173	0.352	20000.0
17	20.593	157.354	4.949	88.727	2.172	0.362	20000.0
18	20.498	158.563	4.907	88.788	2.215	0.355	40000.0
19	20.474	157.705	4.888	88.526	2.203	0.358	20000.0
20	20.521	158.127	4.895	88.464	2.216	0.363	40000.0
21	20.973	157.471	5.053	88.367	2.172	0.355	40000.0
22	20.973	158.926	5.006	89.157	2.193	0.353	20000.0
23	20.947	158.945	5.011	89.092	2.194	0.351	20000.0
24	21.696	159.745	5.253	89.096	2.163	0.348	40000.0
25	21.083	157.605	5.084	88.339	2.174	0.355	30000.0
26	21.17	159.096	5.092	88.696	2.201	0.349	30000.0
27	21.057	158.547	5.057	88.76	2.185	0.359	40000.0
28	21.131	158.124	5.068	88.57	2.165	0.352	20000.0
29	20.936	157.419	5.032	88.295	2.169	0.355	20000.0
30	20.761	158.29	4.965	88.831	2.191	0.359	30000.0
31	21.17	158.065	5.131	88.644	2.197	0.348	20000.0
32	20.683	157.562	4.95	88.48	2.171	0.364	20000.0
33	20.567	158.5	4.875	88.588	2.229	0.358	20000.0
34	20.377	157.076	4.884	88.314	2.204	0.369	20000.0
35	21.077	157.389	5.082	88.448	2.169	0.354	30000.0
36	20.533	158.125	4.894	88.727	2.214	0.357	20000.0
37	21.047	157.401	5.042	88.337	2.169	0.353	20000.0
38	20.923	159.11	4.967	89.262	2.195	0.347	50000.0
39	21.005	157.306	5.011	88.098	2.178	0.356	20000.0
40	21.74	159.106	5.271	88.876	2.159	0.355	30000.0
41	20.591	158.229	4.886	88.618	2.211	0.357	30000.0
42	21.367	159.052	5.119	88.81	2.184	0.348	20000.0
43	21.132	157.957	5.065	88.301	2.162	0.355	40000.0
44	20.93	156.922	5.033	88.12	2.155	0.36	40000.0
45	21.035	158.867	5.079	89.248	2.199	0.349	40000.0
46	21.208	159.389	5.057	89.1	2.186	0.346	20000.0
47	20.777	156.758	5.03	88.167	2.178	0.361	40000.0
48	20.511	157.255	4.914	88.209	2.199	0.366	20000.0
49	20.596	157.878	4.91	88.671	2.207	0.362	30000.0
50	21.213	158.013	5.106	88.634	2.174	0.353	30000.0
51	20.917	158.957	4.972	89.107	2.205	0.349	20000.0
52	20.946	157.256	5.052	88.309	2.179	0.362	20000.0
53	20.744	158.535	4.982	89.083	2.192	0.355	20000.0
54	20.446	157.717	4.846	88.557	2.214	0.36	30000.0
55	21.227	158.445	5.083	88.607	2.189	0.349	20000.0
56	21.772	159.539	5.252	88.867	2.156	0.352	20000.0
57	20.529	157.715	4.874	88.275	2.225	0.362	20000.0
58	20.908	157.125	4.983	88.221	2.174	0.352	30000.0
59	20.556	158.785	4.838	88.764	2.215	0.355	20000.0
60	21.148	159.227	5.05	89.232	2.2	0.345	20000.0
61	21.346	159.362	5.106	88.927	2.191	0.347	40000.0
62	20.772	158.378	4.946	88.83	2.22	0.357	20000.0
63	20.45	157.34	4.864	88.313	2.226	0.361	20000.0
64	20.582	158.031	4.871	88.664	2.208	0.36	30000.0
65	20.962	158.21	5.019	88.68	2.189	0.347	30000.0
66	21.576	158.275	5.245	88.5	2.14	0.36	20000.0
67	20.83	157.176	5.019	88.196	2.172	0.366	20000.0
68	20.656	158.384	4.929	88.939	2.197	0.355	30000.0
69	20.85	157.706	5.049	88.56	2.193	0.351	20000.0
70	21.061	157.504	5.075	88.53	2.177	0.353	20000.0
71	20.749	158.844	4.953	88.947	2.221	0.352	20000.0
72	20.713	158.548	4.963	88.899	2.217	0.358	20000.0
73	20.997	157.673	5.052	88.288	2.17	0.361	20000.0
74	20.74	158.735	4.951	88.984	2.204	0.354	20000.0
75	21.023	158.452	5.049	88.894	2.201	0.354	30000.0
76	21.189	158.196	5.074	88.502	2.167	0.352	20000.0
77	20.543	158.247	4.867	88.74	2.218	0.357	20000.0
78	20.984	158.028	5.032	88.64	2.205	0.345	20000.0
79	20.925	158.604	4.965	89.169	2.197	0.355	30000.0
80	20.456	158.168	4.881	88.501	2.231	0.356	40000.0
81	20.856	157.959	4.999	88.555	2.211	0.353	20000.0
82	20.544	157.303	4.886	88.222	2.197	0.366	20000.0
83	21.201	158.412	5.08	88.46	2.168	0.353	20000.0
84	20.739	158.604	4.94	89.126	2.206	0.354	20000.0
85	21.213	157.885	5.081	88.207	2.163	0.357	30000.0
86	21.215	158.272	5.118	88.818	2.173	0.347	30000.0
87	20.552	158.142	4.882	88.752	2.211	0.355	30000.0
88	20.656	157.165	4.946	88.121	2.181	0.368	40000.0
89	21.173	158.075	5.071	88.473	2.186	0.351	20000.0
90	20.499	157.624	4.878	88.376	2.194	0.364	30000.0
91	20.479	157.58	4.855	88.523	2.202	0.363	20000.0
92	20.752	158.837	4.925	89.086	2.197	0.353	20000.0
93	20.614	158.175	4.927	88.672	2.22	0.361	30000.0
94	21.115	157.786	5.092	88.471	2.19	0.35	30000.0
95	20.742	159.154	4.975	89.243	2.23	0.348	20000.0
96	20.88	158.5	4.96	89.155	2.171	0.353	40000.0
97	20.97	158.837	4.999	89.069	2.191	0.353	30000.0
98	20.81	159.253	4.961	89.182	2.219	0.348	30000.0
99	20.471	158.337	4.851	88.727	2.224	0.353	20000.0
100	20.532	157.409	4.866	88.405	2.201	0.362	30000.0
101	21.068	157.73	5.098	88.434	2.162	0.358	20000.0
102	20.638	158.238	4.901	88.545	2.23	0.356	20000.0
103	20.572	158.554	4.878	88.803	2.212	0.354	40000.0
104	20.777	157.751	4.999	88.509	2.187	0.361	20000.0
105	20.892	157.784	4.993	88.238	2.182	0.361	50000.0
106	20.385	157.447	4.852	88.197	2.221	0.365	20000.0
107	20.492	157.419	4.884	88.417	2.207	0.363	40000.0
108	20.413	157.717	4.847	88.498	2.225	0.359	20000.0
109	20.715	158.916	4.975	89.047	2.195	0.356	30000.0
110	20.526	157.945	4.882	88.612	2.204	0.361	20000.0
111	20.691	158.674	4.905	88.77	2.226	0.355	20000.0
112	20.641	158.462	4.93	88.894	2.218	0.356	20000.0
113	20.574	158.278	4.905	88.958	2.218	0.353	30000.0
114	21.083	157.969	5.04	88.541	2.165	0.354	20000.0
115	20.685	158.539	4.926	89.131	2.212	0.352	30000.0
116	20.86	158.298	5.004	88.799	2.191	0.358	40000.0
117	20.697	158.949	4.927	89.154	2.227	0.351	20000.0
118	20.442	157.515	4.855	88.381	2.211	0.363	20000.0
119	21.123	158.193	5.072	88.439	2.18	0.355	40000.0
120	20.53	157.55	4.882	88.603	2.189	0.355	20000.0
121	20.897	157.627	5.016	88.537	2.203	0.351	20000.0
122	20.916	159.2	5.013	89.354	2.199	0.344	30000.0
123	20.483	157.451	4.876	88.497	2.188	0.362	20000.0
124	21.68	159.129	5.289	88.944	2.162	0.351	40000.0
125	21.034	158.4	5.078	88.783	2.188	0.356	30000.0
126	20.674	157.897	4.94	88.679	2.197	0.36	30000.0
127	20.615	158.178	4.929	88.678	2.199	0.359	20000.0
128	20.774	158.927	4.94	89.062	2.207	0.351	50000.0
129	20.953	157.063	5.037	88.194	2.178	0.359	20000.0
130	20.556	158.399	4.893	88.921	2.217	0.353	40000.0
131	21.748	159.462	5.273	89.051	2.159	0.35	20000.0
132	20.368	157.58	4.868	88.446	2.206	0.36	30000.0
133	20.462	157.257	4.871	88.387	2.2	0.367	20000.0
134	20.92	159.028	5.009	89.034	2.196	0.351	30000.0
135	20.669	158.448	4.92	89.041	2.214	0.353	20000.0
136	20.64	158.327	4.956	88.862	2.202	0.358	20000.0
137	21.762	159.22	5.268	88.952	2.158	0.351	20000.0
138	21.138	158.109	5.074	88.543	2.192	0.351	30000.0
139	20.566	157.902	4.944	88.851	2.203	0.356	30000.0
140	20.508	157.832	4.891	88.711	2.21	0.361	20000.0
141	20.971	157.121	5.049	88.242	2.181	0.36	40000.0
142	21.15	158.113	5.073	88.433	2.175	0.353	20000.0
143	20.465	157.719	4.891	88.486	2.218	0.358	20000.0
144	20.556	158.334	4.906	88.703	2.229	0.356	20000.0
145	20.739	157.761	4.951	88.726	2.182	0.365	20000.0
146	21.244	158.54	5.093	88.644	2.172	0.362	60000.0
147	20.841	158.711	4.985	89.098	2.197	0.352	20000.0
148	21.002	158.105	5.027	88.591	2.163	0.362	20000.0
149	20.638	158.202	4.908	88.71	2.191	0.359	30000.0
150	20.663	158.459	4.91	88.879	2.219	0.355	20000.0
151	21.042	158.786	5.023	89.233	2.182	0.35	20000.0
152	21.661	158.279	5.26	88.796	2.146	0.357	20000.0
153	20.632	158.748	4.891	88.805	2.221	0.356	20000.0
154	21.004	156.834	5.056	87.95	2.162	0.357	30000.0
155	20.608	158.915	4.859	88.794	2.234	0.353	30000.0
156	20.738	158.077	4.926	88.85	2.198	0.356	20000.0
157	20.537	157.766	4.871	88.321	2.217	0.363	40000.0
158	20.449	157.629	4.896	88.49	2.211	0.362	40000.0
159	21.661	159.298	5.225	88.879	2.16	0.35	40000.0
160	21.754	159.572	5.278	89.1	2.159	0.348	20000.0
161	21.82	159.07	5.249	89.136	2.164	0.352	20000.0
162	20.745	158.795	4.943	89.007	2.209	0.356	30000.0
163	20.487	158.534	4.859	88.718	2.206	0.359	20000.0
164	20.68	158.488	4.936	88.918	2.203	0.356	30000.0
165	20.42	157.358	4.88	88.368	2.202	0.365	30000.0
166	20.473	158.301	4.891	88.871	2.215	0.355	20000.0
167	21.137	157.811	5.071	88.44	2.162	0.355	20000.0
168	21.69	159.783	5.245	89.05	2.166	0.348	30000.0
169	21.116	157.91	5.061	88.875	2.183	0.344	20000.0
170	20.474	158.516	4.838	88.716	2.197	0.357	30000.0
171	21.63	159.378	5.267	88.888	2.168	0.349	30000.0
172	21.383	159.414	5.17	89.277	2.185	0.352	30000.0
173	21.039	158.659	5.076	89.263	2.187	0.349	40000.0
174	21.033	157.123	5.023	88.333	2.161	0.358	20000.0
175	20.534	157.475	4.911	88.525	2.195	0.36	20000.0
176	21.461	158.872	5.196	88.976	2.155	0.353	30000.0
177	20.376	157.697	4.845	88.549	2.21	0.358	30000.0
178	21.143	157.694	5.102	88.528	2.175	0.352	20000.0
179	20.555	157.988	4.888	88.75	2.209	0.353	40000.0
180	20.596	158.505	4.89	88.806	2.209	0.355	30000.0
181	20.852	158.796	4.985	89.095	2.201	0.352	40000.0
182	21.236	159.184	5.078	88.832	2.186	0.344	30000.0
183	21.084	158.379	5.049	88.643	2.178	0.352	30000.0
184	20.838	158.803	5.0	89.225	2.185	0.353	30000.0
185	20.57	158.412	4.919	89.033	2.207	0.356	40000.0
186	20.973	157.866	5.029	88.692	2.203	0.356	30000.0
187	20.617	158.763	4.941	88.909	2.231	0.355	20000.0
188	21.217	158.052	5.103	88.676	2.18	0.349	40000.0
189	21.133	157.855	5.073	88.583	2.164	0.351	30000.0
190	21.011	159.672	5.022	89.451	2.211	0.344	30000.0
191	20.534	158.207	4.903	88.572	2.221	0.357	20000.0
192	20.35	157.762	4.842	88.569	2.21	0.361	30000.0
193	20.989	156.984	5.062	88.009	2.183	0.36	30000.0
194	21.016	157.592	5.084	88.491	2.184	0.35	20000.0
195	21.518	158.444	5.202	88.731	2.153	0.359	20000.0
196	21.591	159.423	5.228	89.003	2.167	0.348	20000.0
197	21.198	157.529	5.1	88.152	2.147	0.363	20000.0
198	21.655	159.503	5.238	89.025	2.167	0.352	30000.0
199	20.968	157.152	5.062	88.29	2.182	0.353	40000.0
200	20.786	158.711	4.983	89.04	2.204	0.352	30000.0
201	20.929	157.009	5.037	87.977	2.176	0.363	20000.0
202	20.421	158.429	4.858	88.776	2.214	0.359	20000.0
203	21.12	158.248	5.054	88.392	2.198	0.35	20000.0
204	20.586	158.501	4.863	88.779	2.215	0.355	30000.0
205	21.074	158.287	5.055	88.665	2.18	0.355	20000.0
206	20.708	157.979	4.949	88.786	2.194	0.361	30000.0
207	20.52	158.387	4.857	88.664	2.214	0.359	30000.0
208	21.057	158.73	5.069	89.031	2.204	0.35	20000.0
209	20.562	158.191	4.895	88.842	2.211	0.352	20000.0
210	20.949	157.146	4.98	88.26	2.153	0.359	20000.0
211	20.658	158.444	4.932	89.048	2.196	0.353	30000.0
212	21.472	158.921	5.181	88.789	2.154	0.353	20000.0
213	20.868	158.875	4.979	89.158	2.189	0.354	20000.0
214	21.123	158.122	5.094	88.489	2.174	0.352	20000.0
215	20.99	157.083	5.075	88.346	2.162	0.356	20000.0
216	20.596	158.712	4.906	88.969	2.231	0.348	40000.0
217	20.773	158.782	4.972	89.087	2.227	0.354	20000.0
218	21.022	156.691	5.049	87.822	2.169	0.359	40000.0
219	21.283	159.418	5.065	88.717	2.186	0.347	30000.0
220	21.03	157.805	5.04	88.506	2.191	0.356	30000.0
221	20.876	157.904	5.033	88.514	2.196	0.356	30000.0
222	20.643	158.325	4.937	88.967	2.175	0.358	20000.0
223	21.106	158.458	5.083	88.631	2.202	0.35	40000.0
224	20.636	156.974	4.936	87.999	2.189	0.363	20000.0
225	20.965	157.725	5.022	88.575	2.19	0.347	20000.0
226	20.501	158.102	4.864	88.537	2.232	0.356	20000.0
227	20.781	158.216	4.927	88.914	2.19	0.347	20000.0
228	20.644	158.22	4.941	89.027	2.208	0.352	20000.0
229	20.758	158.402	4.936	89.016	2.197	0.352	20000.0
230	21.181	158.404	5.092	88.591	2.161	0.353	30000.0
231	20.607	158.576	4.88	88.685	2.243	0.352	30000.0
232	21.669	159.849	5.252	88.923	2.171	0.348	50000.0
233	21.245	158.616	5.099	88.62	2.191	0.353	30000.0
234	20.983	158.983	5.07	89.261	2.205	0.348	20000.0
235	20.561	157.629	4.892	88.749	2.206	0.359	30000.0
236	20.368	157.61	4.812	88.237	2.197	0.361	20000.0
237	20.989	157.637	5.012	88.309	2.183	0.352	30000.0
238	21.091	158.52	5.027	88.657	2.188	0.358	30000.0
239	21.71	159.125	5.251	89.012	2.16	0.352	40000.0
240	21.173	158.23	5.084	88.612	2.162	0.354	20000.0
241	20.626	158.165	4.906	88.867	2.187	0.355	20000.0
242	20.865	158.915	4.987	89.165	2.211	0.352	20000.0
243	20.569	158.07	4.885	88.54	2.201	0.359	20000.0
244	20.508	157.958	4.901	88.629	2.219	0.36	20000.0
245	20.471	157.939	4.864	88.541	2.206	0.362	20000.0
246	20.952	158.388	5.051	88.721	2.198	0.358	30000.0
247	20.611	158.142	4.91	88.744	2.197	0.357	40000.0
248	21.301	158.675	5.116	88.746	2.19	0.346	30000.0
249	21.009	157.158	5.053	88.256	2.164	0.358	50000.0
250	21.133	157.473	5.087	88.243	2.163	0.358	20000.0
251	20.715	157.86	4.942	88.641	2.203	0.362	20000.0
252	21.12	158.326	5.055	88.851	2.184	0.353	20000.0
253	20.509	157.793	4.858	88.343	2.205	0.362	20000.0
254	20.944	158.857	5.009	89.161	2.188	0.353	20000.0
255	20.603	158.274	4.905	88.676	2.215	0.355	20000.0
256	21.53	159.225	5.227	88.952	2.162	0.353	20000.0
257	21.193	158.337	5.085	88.67	2.179	0.348	50000.0
258	20.949	158.641	5.019	89.359	2.185	0.352	20000.0
259	20.896	157.853	4.993	88.848	2.182	0.352	30000.0
260	21.359	159.656	5.096	89.162	2.193	0.346	30000.0
261	21.252	158.864	5.123	88.617	2.195	0.346	20000.0
262	21.181	158.364	5.068	88.737	2.172	0.35	20000.0
263	21.172	158.142	5.1	88.625	2.174	0.354	40000.0
264	20.425	157.773	4.827	88.405	2.222	0.361	30000.0
265	20.908	156.731	5.031	88.092	2.17	0.363	20000.0
266	21.174	158.217	5.087	88.717	2.166	0.354	20000.0
267	20.987	157.755	5.044	88.439	2.165	0.353	20000.0
268	20.695	158.346	4.943	88.734	2.216	0.357	30000.0
269	20.558	158.295	4.919	88.885	2.208	0.358	30000.0
270	20.675	158.256	4.934	88.872	2.193	0.359	20000.0
271	21.244	159.499	5.099	89.142	2.191	0.341	30000.0
272	21.64	159.303	5.294	88.912	2.164	0.352	30000.0
273	21.641	158.789	5.279	88.719	2.152	0.358	30000.0
274	21.1	157.99	5.049	88.619	2.178	0.347	40000.0
275	20.591	158.084	4.917	88.683	2.206	0.355	30000.0
276	20.704	158.844	4.914	88.95	2.218	0.351	30000.0
277	20.992	158.132	5.031	88.512	2.171	0.359	20000.0
278	20.983	156.792	5.03	87.95	2.151	0.364	30000.0
279	21.247	158.703	5.078	88.592	2.173	0.353	40000.0
280	20.549	158.154	4.906	88.49	2.212	0.362	40000.0
281	20.617	158.31	4.914	88.856	2.221	0.355	30000.0
282	21.137	158.478	5.08	88.573	2.187	0.348	40000.0
283	21.143	158.144	5.045	88.455	2.16	0.356	20000.0
284	20.993	157.725	5.02	88.645	2.173	0.35	30000.0
285	21.059	157.078	5.067	88.263	2.159	0.357	30000.0
286	20.684	158.881	4.905	88.949	2.218	0.354	20000.0
287	21.043	158.41	5.061	89.123	2.176	0.355	20000.0
288	20.975	157.262	5.035	88.71	2.142	0.363	30000.0
289	20.649	158.431	4.918	88.845	2.208	0.358	30000.0
290	21.64	158.457	5.211	88.609	2.151	0.358	20000.0
291	20.823	159.075	4.984	89.165	2.205	0.348	30000.0
292	21.677	159.586	5.276	89.124	2.173	0.347	40000.0
293	20.623	158.445	4.92	88.899	2.212	0.357	30000.0
294	21.069	157.449	5.033	88.263	2.157	0.356	20000.0
295	21.016	157.946	5.038	88.662	2.188	0.349	20000.0
296	21.157	158.165	5.032	88.707	2.165	0.353	20000.0
297	20.884	158.942	4.986	89.082	2.19	0.352	30000.0
298	20.69	158.565	4.947	88.907	2.242	0.353	30000.0
299	20.543	158.319	4.893	88.895	2.214	0.351	20000.0
300	21.216	158.937	5.088	88.641	2.18	0.351	30000.0
301	21.176	157.995	5.092	88.345	2.18	0.358	40000.0
302	21.169	158.149	5.059	88.548	2.186	0.351	20000.0
303	20.642	158.312	4.958	88.821	2.201	0.359	20000.0
304	20.667	158.681	4.928	89.051	2.218	0.347	30000.0
305	20.873	158.443	5.04	89.068	2.183	0.359	20000.0
306	20.383	157.383	4.83	88.377	2.227	0.36	40000.0
307	20.512	157.985	4.906	88.647	2.213	0.358	30000.0
308	20.655	158.305	4.895	88.894	2.206	0.356	50000.0
309	21.049	158.667	5.016	88.7	2.197	0.346	30000.0
310	20.783	159.301	4.99	89.326	2.212	0.345	40000.0
311	20.543	158.013	4.905	88.667	2.215	0.356	40000.0
312	21.276	158.908	5.099	88.945	2.193	0.345	30000.0
313	21.167	157.381	5.095	88.409	2.176	0.357	40000.0
314	21.049	159.013	5.043	89.147	2.186	0.351	20000.0
315	20.816	157.41	5.058	88.353	2.179	0.363	20000.0
316	20.562	158.458	4.878	88.806	2.219	0.358	20000.0
317	21.073	158.042	5.044	88.744	2.187	0.353	40000.0
318	20.654	158.078	4.929	88.709	2.206	0.359	30000.0
319	21.209	158.815	5.097	88.609	2.188	0.347	30000.0
320	21.588	158.55	5.234	88.691	2.16	0.355	30000.0
321	20.865	157.371	5.014	88.393	2.166	0.363	20000.0
322	20.549	159.059	4.935	89.112	2.223	0.348	20000.0
323	20.992	158.025	5.054	88.791	2.197	0.351	30000.0
324	21.54	159.267	5.225	88.867	2.169	0.348	30000.0
325	20.318	157.333	4.827	88.129	2.222	0.365	40000.0
326	21.676	158.924	5.281	88.702	2.156	0.357	30000.0
327	20.546	157.919	4.899	88.765	2.226	0.352	20000.0
328	20.512	157.548	4.853	88.327	2.195	0.364	20000.0
329	20.579	158.477	4.863	88.754	2.226	0.354	20000.0
330	20.815	158.654	4.95	89.017	2.19	0.354	20000.0
331	21.134	158.248	5.023	88.415	2.174	0.353	40000.0
332	20.899	158.028	5.042	88.696	2.184	0.351	30000.0
333	21.773	157.349	5.266	88.749	2.128	0.358	20000.0
334	21.189	158.676	5.087	88.683	2.175	0.346	20000.0
335	20.564	157.964	4.917	88.86	2.212	0.352	30000.0
336	20.827	158.985	4.971	89.043	2.213	0.35	40000.0
337	20.675	158.364	4.94	88.963	2.209	0.347	30000.0
338	21.812	159.277	5.31	88.961	2.162	0.353	20000.0
339	21.167	158.428	5.062	88.619	2.17	0.35	30000.0
340	21.216	159.524	5.084	89.309	2.186	0.35	20000.0
341	21.2	157.941	5.101	88.535	2.18	0.352	20000.0
342	20.731	158.405	4.954	89.155	2.201	0.352	30000.0
343	20.831	159.347	4.948	89.213	2.218	0.345	20000.0
344	20.904	157.923	5.0	88.598	2.197	0.354	20000.0
345	21.122	158.233	5.085	88.511	2.176	0.354	40000.0
346	20.409	157.491	4.881	88.377	2.211	0.362	30000.0
347	21.147	157.637	5.075	88.577	2.185	0.348	20000.0
348	21.127	157.371	5.069	88.185	2.158	0.355	30000.0
349	21.254	158.874	5.076	88.69	2.192	0.345	30000.0
350	21.158	158.061	5.029	88.502	2.161	0.352	20000.0
351	20.864	159.03	4.975	88.986	2.193	0.352	20000.0
352	21.205	157.166	5.085	88.202	2.154	0.357	20000.0
353	20.367	158.119	4.823	88.737	2.225	0.353	20000.0
354	20.842	158.463	5.022	88.53	2.227	0.355	20000.0
355	21.65	158.637	5.238	88.646	2.166	0.357	20000.0
356	20.915	157.353	5.027	88.432	2.176	0.356	40000.0
357	21.08	157.869	5.073	88.728	2.174	0.357	20000.0
358	20.67	158.247	4.917	89.037	2.195	0.353	40000.0
359	21.613	159.315	5.255	88.866	2.149	0.354	30000.0
360	21.02	156.776	5.075	87.944	2.161	0.358	20000.0
361	20.742	158.604	4.97	89.152	2.2	0.354	20000.0
362	21.096	158.842	5.03	89.012	2.189	0.355	20000.0
363	20.638	158.275	4.902	88.894	2.202	0.355	20000.0
364	20.717	157.328	4.98	88.345	2.179	0.365	40000.0
365	21.131	158.311	5.056	88.534	2.181	0.348	20000.0
366	21.247	158.85	5.086	88.748	2.171	0.349	60000.0
367	21.84	159.88	5.327	89.151	2.16	0.349	30000.0
368	20.564	158.042	4.925	88.788	2.205	0.356	50000.0
369	21.095	157.861	5.069	88.321	2.164	0.355	30000.0
370	21.183	159.436	5.076	88.892	2.188	0.343	30000.0
371	21.083	157.994	5.027	88.366	2.185	0.353	30000.0
372	20.481	158.835	4.847	88.868	2.237	0.352	30000.0
373	20.849	159.404	5.0	89.478	2.215	0.344	30000.0
374	21.168	158.286	5.076	88.417	2.169	0.352	50000.0
375	20.615	158.495	4.915	88.759	2.211	0.357	20000.0
376	20.821	158.811	4.975	89.129	2.218	0.351	50000.0
377	21.091	158.036	5.049	88.489	2.179	0.351	20000.0
378	20.517	157.794	4.895	88.568	2.23	0.357	20000.0
379	21.225	158.538	5.097	88.819	2.182	0.347	40000.0
380	20.654	158.524	4.911	88.981	2.208	0.353	20000.0
381	20.811	157.626	4.965	88.362	2.182	0.358	30000.0
382	21.114	158.27	5.093	88.544	2.183	0.351	30000.0
383	20.848	158.315	4.974	89.076	2.172	0.356	30000.0
384	21.547	158.964	5.222	88.825	2.149	0.352	30000.0
385	21.154	157.797	5.057	88.442	2.146	0.357	20000.0
386	20.766	158.608	4.923	89.006	2.225	0.352	30000.0
387	21.112	157.864	5.068	88.409	2.174	0.354	30000.0
388	20.685	157.83	4.94	88.743	2.196	0.351	20000.0
389	20.452	157.965	4.891	88.903	2.209	0.354	40000.0
390	21.171	157.833	5.064	88.283	2.183	0.354	20000.0
391	21.101	158.282	5.036	88.562	2.173	0.349	30000.0
392	21.102	157.216	5.065	88.152	2.158	0.356	30000.0
393	20.407	157.559	4.824	88.418	2.22	0.363	20000.0
394	20.695	158.659	4.923	88.928	2.204	0.35	40000.0
395	20.499	158.276	4.868	88.626	2.216	0.357	30000.0
396	20.849	158.124	4.966	88.478	2.202	0.356	50000.0
397	20.778	158.217	4.972	89.086	2.18	0.354	30000.0
398	21.032	157.84	5.042	88.407	2.162	0.355	30000.0
399	20.633	158.653	4.932	89.029	2.202	0.353	30000.0
400	21.18	158.227	5.064	88.489	2.167	0.352	40000.0
401	20.682	158.508	4.97	89.022	2.207	0.353	40000.0
402	20.535	158.123	4.882	89.014	2.206	0.349	30000.0
403	21.028	158.159	5.033	88.62	2.189	0.357	20000.0
404	21.128	157.578	5.053	88.127	2.166	0.356	20000.0
405	20.71	158.801	4.95	89.055	2.22	0.346	40000.0
406	21.716	159.575	5.305	89.1	2.179	0.349	30000.0
407	20.547	157.801	4.923	88.817	2.188	0.358	30000.0
408	20.374	157.539	4.844	88.345	2.195	0.365	30000.0
409	20.645	158.053	4.945	88.856	2.198	0.356	20000.0
410	20.767	159.151	4.938	89.236	2.219	0.347	20000.0
411	21.112	157.646	5.082	88.502	2.188	0.351	40000.0
412	20.567	158.085	4.873	88.639	2.217	0.359	30000.0
413	21.009	158.097	5.072	88.945	2.174	0.356	30000.0
414	21.077	158.22	5.041	88.733	2.177	0.348	30000.0
415	20.818	158.684	4.978	88.933	2.206	0.353	20000.0
416	20.476	157.73	4.883	88.696	2.195	0.357	20000.0
417	21.237	158.677	5.088	88.769	2.177	0.349	40000.0
418	20.45	157.922	4.865	88.683	2.205	0.358	70000.0
419	21.321	158.462	5.09	88.8	2.172	0.348	30000.0
420	20.703	158.93	4.929	89.178	2.222	0.35	20000.0
421	21.237	158.045	5.104	88.483	2.176	0.353	20000.0
422	20.855	158.834	4.984	89.255	2.211	0.349	20000.0
423	21.124	157.701	5.065	88.277	2.169	0.359	40000.0
424	21.006	159.18	5.007	89.324	2.189	0.348	30000.0
425	21.161	157.697	5.096	88.575	2.172	0.349	30000.0
426	21.006	158.856	5.055	89.472	2.194	0.348	40000.0
427	20.928	159.249	4.996	89.301	2.206	0.35	20000.0
428	20.774	158.203	4.937	89.007	2.171	0.354	20000.0
429	21.669	158.736	5.259	88.668	2.141	0.356	30000.0
430	20.989	157.61	5.068	88.377	2.18	0.353	20000.0
431	21.229	158.841	5.096	88.611	2.169	0.352	30000.0
432	21.546	158.774	5.239	88.823	2.15	0.356	20000.0
433	20.557	158.491	4.926	88.893	2.205	0.356	30000.0
434	20.998	157.428	5.073	88.176	2.188	0.352	30000.0
435	21.181	158.407	5.083	88.662	2.191	0.348	30000.0
436	21.126	158.244	5.061	88.368	2.184	0.353	30000.0
437	21.056	158.996	5.065	89.182	2.191	0.351	30000.0
438	20.506	158.22	4.904	88.812	2.224	0.358	30000.0
439	20.733	158.239	4.948	88.963	2.2	0.355	50000.0
440	20.526	158.11	4.873	88.64	2.222	0.354	20000.0
441	20.598	158.699	4.88	88.925	2.227	0.351	20000.0
442	20.683	158.605	4.918	88.878	2.214	0.353	20000.0
443	20.84	158.605	4.962	89.074	2.203	0.354	40000.0
444	21.188	158.329	5.098	88.567	2.174	0.351	20000.0
445	21.173	157.637	5.053	88.373	2.16	0.352	20000.0
446	21.501	158.519	5.221	88.582	2.152	0.361	40000.0
447	20.578	158.335	4.912	88.824	2.211	0.356	30000.0
448	20.678	158.262	4.926	88.817	2.2	0.356	30000.0
449	20.91	157.622	5.013	88.514	2.189	0.352	30000.0
450	21.014	157.593	5.061	88.504	2.174	0.352	30000.0
451	20.496	157.891	4.876	88.655	2.209	0.358	20000.0
452	21.249	158.604	5.092	88.691	2.168	0.35	20000.0
453	21.107	157.681	5.061	88.275	2.167	0.353	20000.0
454	21.376	159.769	5.114	89.22	2.206	0.34	30000.0
455	21.153	158.219	5.08	88.705	2.173	0.351	20000.0
456	20.676	158.962	4.91	89.052	2.217	0.351	30000.0
457	20.745	158.819	4.929	89.131	2.217	0.35	20000.0
458	21.566	159.265	5.248	88.902	2.153	0.355	20000.0
459	20.853	156.756	4.998	88.018	2.167	0.36	20000.0
460	20.574	157.639	4.921	88.66	2.187	0.361	30000.0
461	20.46	157.772	4.874	88.27	2.227	0.361	20000.0
462	20.424	158.099	4.876	88.746	2.216	0.358	40000.0
463	20.724	157.821	4.99	88.758	2.184	0.362	40000.0
464	20.653	158.969	4.933	89.056	2.232	0.35	20000.0
465	20.84	157.913	4.956	88.275	2.174	0.36	30000.0
466	20.501	157.761	4.881	88.405	2.223	0.359	20000.0
467	20.593	158.309	4.91	88.77	2.206	0.354	20000.0
468	21.183	158.6	5.032	88.772	2.19	0.352	20000.0
469	20.648	157.834	4.976	88.94	2.194	0.353	20000.0
470	21.629	158.848	5.229	88.616	2.144	0.357	20000.0
471	21.098	158.513	5.071	88.886	2.195	0.347	40000.0
472	21.7	159.327	5.275	88.863	2.156	0.353	20000.0
473	20.883	158.524	4.963	88.946	2.154	0.359	30000.0
474	21.131	158.185	5.074	88.502	2.172	0.353	30000.0
475	20.697	158.054	4.915	88.788	2.179	0.356	20000.0
476	21.039	157.385	5.068	88.475	2.178	0.351	20000.0
477	20.787	157.57	4.988	88.287	2.19	0.363	40000.0
478	20.646	158.02	4.93	88.902	2.204	0.359	40000.0
479	20.729	159.102	4.922	89.128	2.226	0.35	20000.0
480	21.054	157.204	5.043	88.218	2.175	0.354	20000.0
481	20.347	156.752	4.831	88.01	2.2	0.367	20000.0
482	20.951	158.633	5.037	88.933	2.198	0.345	50000.0
483	21.067	158.847	5.031	89.206	2.188	0.35	30000.0
484	21.155	157.938	5.13	88.338	2.181	0.356	30000.0
485	20.726	158.081	4.955	88.95	2.19	0.355	30000.0
486	21.178	158.442	5.047	88.44	2.179	0.353	40000.0
487	20.844	159.035	4.95	89.223	2.21	0.347	30000.0
488	21.327	159.35	5.141	88.9	2.191	0.347	40000.0
489	21.028	158.346	5.105	88.673	2.209	0.357	20000.0
490	21.111	160.085	5.065	89.666	2.219	0.34	30000.0
491	21.686	158.788	5.268	88.73	2.149	0.358	20000.0
492	20.916	157.407	5.051	88.42	2.168	0.359	20000.0
493	20.815	157.612	4.995	88.282	2.182	0.362	40000.0
494	21.009	158.352	5.075	89.087	2.176	0.353	20000.0
495	20.457	157.571	4.854	88.334	2.199	0.367	20000.0
496	20.789	158.132	4.975	88.833	2.187	0.347	30000.0
497	20.696	157.688	4.917	88.544	2.165	0.367	50000.0
498	20.489	158.217	4.861	88.488	2.223	0.36	20000.0
499	20.518	158.46	4.869	88.857	2.22	0.353	20000.0
500	20.742	157.731	4.981	88.776	2.169	0.364	20000.0
