NMF_Replicate	L1	L1 %	L2	L2 %	KL Divergence	Correlation	Convergence Iterations
1	13.819	135.082	3.979	81.275	1.798	0.503	30000.0
2	14.307	138.769	4.183	82.91	1.768	0.479	30000.0
3	14.076	138.448	4.167	82.359	1.784	0.48	20000.0
4	14.186	137.431	4.086	82.384	1.819	0.489	20000.0
5	13.783	134.528	4.035	81.788	1.785	0.507	20000.0
6	14.515	140.908	4.254	83.89	1.827	0.465	20000.0
7	14.254	139.056	4.187	82.673	1.774	0.486	20000.0
8	13.844	134.968	4.037	80.856	1.78	0.507	20000.0
9	13.707	134.877	3.988	80.904	1.789	0.502	20000.0
10	13.87	135.815	4.022	81.392	1.839	0.5	30000.0
11	13.908	135.126	4.08	81.26	1.781	0.505	30000.0
12	13.779	134.633	4.038	80.617	1.786	0.514	30000.0
13	14.347	138.856	4.172	82.619	1.77	0.487	20000.0
14	14.196	138.766	4.148	82.733	1.761	0.486	40000.0
15	13.961	137.072	4.102	82.377	1.802	0.483	20000.0
16	14.185	135.895	4.08	81.885	1.8	0.495	20000.0
17	14.136	137.925	4.154	82.706	1.76	0.487	20000.0
18	14.331	139.732	4.177	82.765	1.792	0.482	40000.0
19	14.335	139.413	4.198	83.19	1.797	0.47	20000.0
20	14.199	138.261	4.138	83.205	1.831	0.479	30000.0
21	13.619	134.149	4.024	81.15	1.773	0.506	30000.0
22	14.155	138.759	4.139	82.789	1.79	0.478	20000.0
23	14.329	138.524	4.185	82.671	1.761	0.481	30000.0
24	14.219	138.93	4.149	82.735	1.789	0.485	20000.0
25	14.18	137.733	4.218	82.749	1.752	0.491	40000.0
26	14.218	138.166	4.149	82.865	1.819	0.483	20000.0
27	14.076	138.263	4.161	82.537	1.819	0.483	20000.0
28	13.895	135.432	4.063	82.064	1.821	0.494	20000.0
29	13.599	133.589	3.978	80.321	1.798	0.507	20000.0
30	13.91	135.546	4.053	81.516	1.78	0.506	30000.0
31	14.114	136.71	4.153	82.252	1.792	0.499	30000.0
32	14.393	139.044	4.155	83.155	1.81	0.48	20000.0
33	14.251	138.135	4.22	82.747	1.759	0.484	30000.0
34	13.657	133.655	4.063	80.693	1.739	0.517	30000.0
35	13.924	134.727	4.002	80.844	1.756	0.513	20000.0
36	13.938	135.144	4.029	81.672	1.79	0.505	20000.0
37	13.871	135.447	4.079	82.007	1.813	0.5	20000.0
38	14.095	137.382	4.18	82.719	1.771	0.485	30000.0
39	14.505	139.821	4.23	83.148	1.764	0.482	20000.0
40	13.702	135.348	4.001	81.224	1.807	0.496	20000.0
41	13.989	137.808	4.145	82.526	1.766	0.489	40000.0
42	13.907	136.143	4.047	81.653	1.751	0.496	20000.0
43	14.185	138.005	4.12	82.446	1.757	0.487	20000.0
44	13.899	135.185	4.035	81.836	1.819	0.503	20000.0
45	14.22	138.374	4.175	83.037	1.789	0.475	30000.0
46	13.905	135.183	4.026	81.91	1.805	0.499	20000.0
47	14.309	140.044	4.219	83.345	1.807	0.468	20000.0
48	13.787	134.81	4.072	81.702	1.774	0.496	40000.0
49	14.373	138.957	4.235	82.811	1.802	0.482	30000.0
50	13.975	136.925	4.067	81.581	1.803	0.497	20000.0
51	14.174	137.719	4.179	83.221	1.827	0.478	20000.0
52	14.101	137.923	4.177	82.784	1.764	0.48	20000.0
53	14.193	136.95	4.15	82.697	1.779	0.484	20000.0
54	14.038	136.275	4.08	81.518	1.846	0.5	20000.0
55	13.634	134.572	3.951	80.874	1.819	0.501	30000.0
56	14.103	137.155	4.141	81.692	1.738	0.505	20000.0
57	13.932	134.321	4.029	80.92	1.756	0.512	20000.0
58	13.889	135.171	4.076	81.226	1.773	0.506	20000.0
59	14.312	138.902	4.221	83.038	1.819	0.479	20000.0
60	14.383	138.911	4.212	82.667	1.762	0.482	20000.0
61	14.139	137.502	4.133	82.413	1.762	0.487	20000.0
62	13.794	135.896	4.006	81.647	1.815	0.489	30000.0
63	13.589	133.829	3.934	80.315	1.805	0.511	20000.0
64	14.353	139.881	4.206	83.166	1.786	0.478	30000.0
65	14.03	134.821	4.051	81.24	1.811	0.5	30000.0
66	14.279	138.536	4.172	82.428	1.748	0.488	30000.0
67	14.034	135.92	4.11	81.901	1.727	0.502	30000.0
68	14.272	139.648	4.179	83.181	1.787	0.475	20000.0
69	13.689	134.725	3.986	81.06	1.775	0.507	20000.0
70	13.857	134.82	4.064	81.982	1.791	0.493	20000.0
71	14.286	138.207	4.183	83.283	1.823	0.478	20000.0
72	14.322	138.173	4.131	82.763	1.767	0.482	20000.0
73	13.319	133.106	3.867	79.767	1.801	0.514	30000.0
74	13.666	135.375	3.968	81.472	1.844	0.493	30000.0
75	14.473	139.359	4.252	83.022	1.803	0.479	20000.0
76	13.686	135.148	3.987	81.05	1.83	0.506	30000.0
77	14.201	137.944	4.172	82.623	1.812	0.482	30000.0
78	14.296	139.336	4.184	82.834	1.784	0.481	20000.0
79	13.86	134.923	4.034	81.635	1.794	0.499	30000.0
80	14.243	139.151	4.177	82.896	1.777	0.484	30000.0
81	14.188	139.268	4.206	83.421	1.824	0.471	20000.0
82	14.248	137.672	4.163	82.544	1.75	0.495	30000.0
83	14.253	138.493	4.19	83.25	1.775	0.479	20000.0
84	14.07	137.223	4.118	82.62	1.783	0.489	20000.0
85	14.018	136.723	4.115	82.38	1.809	0.495	30000.0
86	14.314	139.219	4.178	82.954	1.772	0.483	20000.0
87	13.9	134.923	4.073	81.731	1.788	0.505	20000.0
88	14.046	136.163	4.112	81.612	1.778	0.504	20000.0
89	14.177	137.798	4.2	82.93	1.751	0.487	20000.0
90	13.841	134.962	4.03	81.289	1.797	0.504	20000.0
91	14.011	136.48	4.096	81.877	1.826	0.492	30000.0
92	13.98	137.57	4.103	82.596	1.815	0.479	20000.0
93	13.778	135.489	3.994	81.492	1.811	0.498	30000.0
94	14.184	138.458	4.132	82.474	1.809	0.478	30000.0
95	14.046	137.375	4.12	82.182	1.74	0.499	40000.0
96	14.104	137.679	4.217	82.519	1.739	0.49	30000.0
97	13.921	135.455	4.073	81.026	1.776	0.504	20000.0
98	13.602	134.489	3.945	81.047	1.815	0.507	30000.0
99	14.041	135.148	4.104	81.731	1.801	0.498	20000.0
100	13.54	133.468	3.943	80.87	1.799	0.51	20000.0
