NMF_Replicate	L1	L1 %	L2	L2 %	KL Divergence	Correlation	Convergence Iterations
1	39.021	101.792	8.481	65.861	1.042	0.669	30000.0
2	39.376	102.208	8.512	66.045	1.051	0.666	20000.0
3	38.365	101.033	8.177	64.679	1.052	0.676	30000.0
4	38.542	100.068	8.236	64.795	1.021	0.679	20000.0
5	38.328	100.131	8.379	64.718	1.036	0.681	30000.0
6	38.93	101.482	8.367	65.391	1.034	0.672	20000.0
7	39.131	102.331	8.367	65.613	1.05	0.667	40000.0
8	38.567	101.373	8.215	65.158	1.043	0.675	30000.0
9	38.99	102.011	8.401	65.59	1.048	0.668	30000.0
10	38.457	100.119	8.234	64.791	1.036	0.679	20000.0
11	38.875	101.754	8.346	65.751	1.043	0.669	40000.0
12	39.182	102.315	8.423	65.788	1.04	0.67	20000.0
13	38.753	100.879	8.325	65.317	1.034	0.676	30000.0
14	37.662	99.891	7.903	63.656	1.071	0.683	30000.0
15	39.173	101.896	8.404	65.811	1.071	0.664	40000.0
16	39.017	102.17	8.327	65.655	1.042	0.666	20000.0
17	38.819	101.323	8.274	65.332	1.059	0.671	60000.0
18	38.684	102.109	8.21	65.399	1.042	0.675	40000.0
19	38.468	101.452	8.276	65.584	1.028	0.67	40000.0
20	38.604	100.383	8.234	64.63	1.024	0.68	30000.0
21	38.853	101.091	8.398	65.16	1.037	0.678	20000.0
22	39.385	101.282	8.575	65.287	1.025	0.68	30000.0
23	39.217	101.732	8.491	65.984	1.041	0.668	40000.0
24	38.551	100.744	8.158	65.126	1.033	0.675	30000.0
25	38.555	100.38	8.364	64.64	1.022	0.68	50000.0
26	39.081	101.132	8.464	65.043	1.035	0.681	30000.0
27	39.075	101.932	8.479	65.38	1.042	0.673	30000.0
28	38.672	100.625	8.359	65.101	1.035	0.677	20000.0
29	38.56	101.418	8.227	65.361	1.05	0.672	30000.0
30	38.653	101.151	8.372	65.479	1.036	0.671	40000.0
31	38.412	100.241	8.269	65.173	1.016	0.676	20000.0
32	38.466	99.868	8.306	64.72	1.017	0.68	30000.0
33	38.927	100.755	8.446	64.955	1.016	0.682	30000.0
34	39.029	101.673	8.366	65.43	1.025	0.677	30000.0
35	38.433	101.963	8.122	65.348	1.072	0.667	30000.0
36	38.821	101.71	8.294	65.445	1.055	0.67	30000.0
37	39.355	102.764	8.502	65.811	1.055	0.668	30000.0
38	38.835	101.305	8.278	65.351	1.03	0.674	30000.0
39	38.522	101.158	8.299	65.005	1.028	0.678	20000.0
40	39.251	101.595	8.43	65.4	1.041	0.674	30000.0
41	38.635	101.09	8.294	64.623	1.02	0.682	40000.0
42	38.982	102.023	8.356	65.513	1.046	0.671	20000.0
43	38.968	101.876	8.396	65.916	1.059	0.663	30000.0
44	38.575	100.554	8.314	65.17	1.045	0.674	30000.0
45	38.292	99.878	8.089	64.03	1.05	0.684	40000.0
46	39.173	101.482	8.329	65.408	1.05	0.671	30000.0
47	38.951	101.385	8.377	65.364	1.028	0.68	30000.0
48	39.172	102.464	8.383	65.884	1.049	0.666	20000.0
49	38.97	101.975	8.496	65.941	1.053	0.665	20000.0
50	38.768	101.007	8.361	65.486	1.032	0.672	20000.0
51	38.624	100.917	8.317	65.122	1.029	0.678	30000.0
52	38.22	100.464	8.189	64.364	1.024	0.681	30000.0
53	38.915	101.07	8.296	65.152	1.017	0.674	20000.0
54	38.561	100.884	8.239	65.261	1.032	0.672	30000.0
55	38.948	101.264	8.43	65.068	1.039	0.678	30000.0
56	38.859	102.314	8.341	65.481	1.05	0.671	20000.0
57	39.01	102.117	8.448	65.878	1.032	0.671	20000.0
58	38.912	101.267	8.377	65.125	1.034	0.678	20000.0
59	38.649	102.204	8.292	65.789	1.051	0.668	40000.0
60	39.098	103.238	8.344	66.343	1.06	0.662	40000.0
61	38.981	102.054	8.349	65.821	1.037	0.668	20000.0
62	38.695	101.296	8.271	65.184	1.04	0.671	30000.0
63	39.03	101.516	8.349	65.679	1.041	0.669	30000.0
64	38.564	101.316	8.333	65.437	1.036	0.675	30000.0
65	38.678	101.325	8.264	64.969	1.064	0.675	30000.0
66	38.816	100.563	8.441	65.381	1.033	0.676	40000.0
67	38.855	100.729	8.304	64.767	1.032	0.676	30000.0
68	38.941	102.039	8.379	65.487	1.048	0.67	30000.0
69	38.609	101.176	8.342	64.631	1.038	0.682	30000.0
70	38.665	102.334	8.262	65.862	1.043	0.665	40000.0
71	39.207	102.225	8.406	65.894	1.044	0.664	20000.0
72	38.466	101.636	8.235	65.44	1.034	0.672	20000.0
73	38.012	98.933	8.06	63.074	1.047	0.69	30000.0
74	38.918	101.129	8.428	65.23	1.029	0.674	30000.0
75	38.674	101.666	8.342	65.325	1.071	0.668	40000.0
76	39.084	102.278	8.409	65.752	1.081	0.665	20000.0
77	38.708	101.103	8.318	65.091	1.028	0.677	20000.0
78	38.89	102.508	8.381	65.643	1.054	0.668	30000.0
79	39.391	102.2	8.513	65.637	1.047	0.671	30000.0
80	38.718	100.545	8.349	64.303	1.029	0.688	20000.0
81	39.002	101.376	8.35	65.365	1.025	0.674	20000.0
82	39.072	101.684	8.379	65.089	1.045	0.678	20000.0
83	39.08	102.254	8.446	65.871	1.052	0.667	30000.0
84	39.048	102.59	8.3	65.86	1.053	0.667	30000.0
85	38.894	101.823	8.332	65.601	1.054	0.668	20000.0
86	39.014	101.907	8.371	65.39	1.044	0.673	20000.0
87	38.741	100.899	8.309	64.895	1.029	0.676	40000.0
88	39.171	102.496	8.368	66.078	1.051	0.665	30000.0
89	38.924	102.136	8.297	65.596	1.04	0.671	30000.0
90	38.183	99.347	8.286	64.391	1.02	0.682	30000.0
91	39.273	102.227	8.356	65.62	1.033	0.671	30000.0
92	39.027	102.445	8.343	65.82	1.045	0.668	30000.0
93	38.714	101.5	8.278	65.3	1.033	0.673	20000.0
94	38.686	100.918	8.327	65.016	1.032	0.678	30000.0
95	38.087	98.927	8.041	63.503	1.029	0.69	40000.0
96	38.779	100.243	8.51	64.711	1.013	0.683	20000.0
97	38.53	100.959	8.315	65.094	1.036	0.674	30000.0
98	38.951	103.052	8.236	66.215	1.051	0.661	20000.0
99	38.827	100.68	8.418	64.691	1.022	0.685	30000.0
100	38.807	101.156	8.368	65.645	1.036	0.671	50000.0
