NMF_Replicate	L1	L1 %	L2	L2 %	KL Divergence	Correlation	Convergence Iterations
1	17.06	163.002	4.373	90.074	2.336	0.337	20000.0
2	17.167	162.277	4.359	89.743	2.316	0.339	30000.0
3	17.448	163.73	4.455	90.167	2.311	0.333	20000.0
4	17.0	162.656	4.33	90.085	2.339	0.338	20000.0
5	17.043	162.588	4.334	90.112	2.341	0.339	30000.0
6	16.982	162.224	4.356	89.942	2.343	0.34	30000.0
7	16.934	163.523	4.293	90.387	2.353	0.327	20000.0
8	17.028	161.729	4.351	89.993	2.303	0.34	30000.0
9	16.695	162.299	4.227	89.987	2.342	0.337	30000.0
10	17.131	162.695	4.342	89.857	2.313	0.333	40000.0
11	16.899	161.471	4.322	89.61	2.326	0.334	20000.0
12	16.992	162.045	4.326	89.846	2.321	0.331	30000.0
13	17.531	164.582	4.484	90.495	2.327	0.325	40000.0
14	17.089	163.734	4.347	90.485	2.362	0.326	40000.0
15	16.843	162.764	4.246	90.117	2.335	0.329	20000.0
16	17.136	163.327	4.344	90.055	2.339	0.334	20000.0
17	16.883	162.862	4.267	90.249	2.349	0.332	30000.0
18	17.618	163.153	4.508	90.28	2.292	0.333	40000.0
19	17.235	162.803	4.379	90.146	2.321	0.338	20000.0
20	16.687	162.137	4.222	89.892	2.36	0.338	20000.0
21	17.469	163.311	4.46	90.179	2.278	0.336	20000.0
22	16.939	163.243	4.272	90.33	2.347	0.335	40000.0
23	16.791	162.973	4.26	90.178	2.349	0.332	20000.0
24	16.668	162.142	4.24	90.124	2.357	0.338	20000.0
25	16.958	163.664	4.292	90.48	2.345	0.331	20000.0
26	17.133	162.732	4.353	89.895	2.336	0.331	20000.0
27	17.112	162.47	4.349	90.01	2.317	0.343	20000.0
28	16.98	161.961	4.331	89.647	2.325	0.345	30000.0
29	17.492	163.556	4.475	90.404	2.317	0.33	20000.0
30	16.909	163.03	4.27	90.224	2.337	0.332	20000.0
31	16.92	162.726	4.324	89.912	2.334	0.343	20000.0
32	16.582	162.227	4.216	89.932	2.354	0.342	40000.0
33	16.788	162.897	4.235	90.118	2.369	0.33	20000.0
34	16.927	162.663	4.291	90.158	2.331	0.336	20000.0
35	16.762	162.216	4.262	89.926	2.327	0.339	20000.0
36	16.905	163.096	4.283	90.399	2.348	0.331	40000.0
37	16.958	161.418	4.339	89.504	2.296	0.341	20000.0
38	16.515	161.079	4.173	89.42	2.332	0.349	30000.0
39	16.743	162.746	4.271	90.169	2.365	0.334	20000.0
40	17.003	162.123	4.345	89.835	2.33	0.335	20000.0
41	16.939	163.058	4.334	90.352	2.343	0.329	20000.0
42	16.944	162.848	4.343	90.018	2.336	0.336	20000.0
43	17.189	163.4	4.374	89.998	2.351	0.329	20000.0
44	17.443	163.503	4.485	90.206	2.293	0.338	20000.0
45	16.966	162.911	4.297	90.093	2.373	0.329	30000.0
46	17.059	163.039	4.348	90.445	2.335	0.332	20000.0
47	17.067	161.8	4.361	89.617	2.315	0.347	30000.0
48	17.051	162.855	4.326	90.077	2.34	0.334	40000.0
49	16.977	163.285	4.312	90.274	2.343	0.332	40000.0
50	17.158	162.636	4.366	89.965	2.321	0.333	20000.0
51	17.061	162.339	4.329	89.814	2.304	0.333	30000.0
52	17.241	163.667	4.393	90.199	2.343	0.324	40000.0
53	17.081	163.85	4.362	90.731	2.369	0.323	40000.0
54	17.194	162.913	4.395	90.056	2.335	0.338	20000.0
55	17.074	161.912	4.34	89.631	2.306	0.337	20000.0
56	17.211	163.39	4.371	90.314	2.331	0.322	30000.0
57	16.926	163.328	4.317	90.402	2.343	0.331	40000.0
58	17.559	164.006	4.501	90.315	2.299	0.331	30000.0
59	16.781	163.021	4.24	90.324	2.345	0.331	40000.0
60	16.816	162.704	4.265	90.108	2.341	0.339	30000.0
61	16.856	162.302	4.269	89.824	2.353	0.338	20000.0
62	16.996	162.795	4.338	90.31	2.326	0.336	20000.0
63	17.1	162.908	4.385	90.161	2.341	0.333	40000.0
64	17.168	162.734	4.377	89.959	2.31	0.332	30000.0
65	17.082	162.887	4.399	90.039	2.321	0.331	40000.0
66	16.902	162.955	4.271	90.311	2.342	0.333	20000.0
67	17.08	162.743	4.359	89.746	2.319	0.335	30000.0
68	17.174	162.224	4.399	89.942	2.299	0.334	40000.0
69	16.682	161.781	4.219	89.828	2.333	0.344	20000.0
70	16.85	162.975	4.25	90.157	2.378	0.335	40000.0
71	16.782	162.121	4.274	90.019	2.343	0.337	20000.0
72	17.036	162.956	4.33	90.191	2.331	0.335	30000.0
73	17.028	163.262	4.357	90.489	2.351	0.332	40000.0
74	17.151	163.09	4.322	89.958	2.329	0.326	30000.0
75	17.032	161.795	4.377	89.783	2.329	0.334	30000.0
76	16.584	163.019	4.182	89.835	2.387	0.334	20000.0
77	17.106	162.98	4.333	90.135	2.313	0.338	30000.0
78	16.969	163.011	4.295	90.125	2.33	0.335	30000.0
79	17.656	163.394	4.556	90.263	2.288	0.345	20000.0
80	17.547	163.874	4.509	90.337	2.306	0.338	30000.0
81	16.668	162.025	4.228	89.94	2.36	0.338	30000.0
82	16.622	161.555	4.206	89.609	2.353	0.346	20000.0
83	17.28	164.001	4.399	90.224	2.349	0.327	40000.0
84	16.935	161.816	4.295	89.755	2.326	0.338	50000.0
85	16.946	163.288	4.296	90.344	2.347	0.333	30000.0
86	17.086	163.349	4.356	90.303	2.337	0.328	30000.0
87	16.951	162.13	4.304	89.69	2.331	0.337	40000.0
88	16.968	162.36	4.295	89.699	2.303	0.332	30000.0
89	17.45	162.696	4.496	89.95	2.282	0.338	20000.0
90	17.026	162.121	4.321	89.736	2.301	0.344	20000.0
91	16.96	162.942	4.277	90.074	2.327	0.334	20000.0
92	16.672	161.985	4.201	90.174	2.337	0.339	20000.0
93	17.141	163.219	4.331	90.326	2.329	0.33	20000.0
94	17.177	162.962	4.384	90.308	2.312	0.336	20000.0
95	17.058	162.432	4.343	89.921	2.33	0.338	20000.0
96	17.081	161.999	4.356	89.666	2.301	0.339	20000.0
97	17.587	164.642	4.506	90.561	2.318	0.328	40000.0
98	17.081	163.044	4.374	90.072	2.352	0.328	30000.0
99	16.952	163.124	4.33	90.317	2.344	0.333	20000.0
100	17.535	163.278	4.506	90.405	2.29	0.333	30000.0
101	16.787	162.449	4.269	90.227	2.363	0.332	20000.0
102	16.65	161.755	4.206	89.689	2.328	0.346	20000.0
103	16.73	162.239	4.252	90.013	2.342	0.342	40000.0
104	16.884	162.557	4.252	90.015	2.332	0.341	20000.0
105	16.701	162.42	4.251	90.025	2.342	0.335	20000.0
106	16.691	162.728	4.24	90.065	2.36	0.338	20000.0
107	17.205	163.186	4.402	90.315	2.334	0.331	40000.0
108	17.595	163.115	4.537	90.257	2.283	0.338	30000.0
109	16.836	162.914	4.251	90.095	2.353	0.336	40000.0
110	17.19	162.765	4.373	89.885	2.316	0.334	30000.0
111	16.781	162.788	4.255	90.081	2.339	0.338	20000.0
112	16.779	162.912	4.285	90.088	2.368	0.34	30000.0
113	16.73	162.598	4.258	90.139	2.37	0.335	20000.0
114	16.899	163.203	4.265	90.355	2.358	0.333	30000.0
115	16.655	162.755	4.208	90.101	2.396	0.33	20000.0
116	16.687	162.3	4.208	90.003	2.353	0.337	40000.0
117	17.044	162.531	4.339	89.681	2.308	0.346	40000.0
118	16.887	163.545	4.278	90.307	2.362	0.333	30000.0
119	17.645	164.463	4.529	90.611	2.317	0.329	40000.0
120	17.136	162.072	4.344	89.64	2.311	0.333	30000.0
121	17.089	163.146	4.341	90.272	2.337	0.334	30000.0
122	17.214	163.125	4.398	90.456	2.326	0.333	20000.0
123	16.924	163.207	4.291	90.216	2.347	0.332	30000.0
124	17.118	162.985	4.331	90.051	2.325	0.331	20000.0
125	16.747	162.809	4.269	90.106	2.366	0.333	30000.0
126	16.944	163.456	4.309	90.515	2.335	0.329	40000.0
127	16.97	163.661	4.33	90.448	2.366	0.333	20000.0
128	16.538	161.551	4.191	89.604	2.375	0.34	30000.0
129	17.077	162.578	4.362	89.911	2.35	0.331	40000.0
130	16.949	163.274	4.281	90.35	2.346	0.33	40000.0
131	16.925	162.491	4.284	89.959	2.35	0.332	30000.0
132	17.097	162.606	4.348	89.978	2.314	0.335	20000.0
133	16.966	163.3	4.313	90.325	2.356	0.333	20000.0
134	16.877	161.593	4.302	89.744	2.319	0.345	30000.0
135	17.005	162.33	4.32	89.914	2.312	0.34	20000.0
136	17.015	161.837	4.322	89.717	2.327	0.334	20000.0
137	17.055	162.167	4.349	89.87	2.325	0.328	20000.0
138	17.156	162.243	4.402	89.666	2.305	0.339	20000.0
139	17.56	164.347	4.541	90.484	2.31	0.326	30000.0
140	16.609	161.993	4.208	89.545	2.365	0.341	20000.0
141	17.047	161.877	4.378	89.807	2.309	0.338	30000.0
142	16.755	162.624	4.232	90.047	2.362	0.334	30000.0
143	16.78	163.033	4.217	90.151	2.371	0.332	20000.0
144	17.118	163.146	4.349	89.9	2.318	0.337	40000.0
145	16.756	162.308	4.23	89.67	2.351	0.336	20000.0
146	16.7	162.649	4.216	89.953	2.377	0.335	20000.0
147	17.703	163.932	4.528	90.537	2.297	0.336	20000.0
148	16.983	163.267	4.335	90.455	2.334	0.331	20000.0
149	16.955	162.463	4.322	90.194	2.321	0.335	40000.0
150	16.969	162.927	4.31	90.147	2.334	0.337	20000.0
151	16.823	163.313	4.237	90.416	2.366	0.331	20000.0
152	16.926	162.817	4.324	90.166	2.329	0.333	20000.0
153	17.098	162.004	4.317	89.483	2.299	0.337	30000.0
154	16.852	162.506	4.234	90.014	2.352	0.338	40000.0
155	16.975	162.88	4.303	90.228	2.345	0.329	20000.0
156	16.998	162.925	4.368	90.183	2.338	0.337	40000.0
157	17.06	162.928	4.361	90.393	2.342	0.334	20000.0
158	16.994	163.702	4.332	90.463	2.346	0.326	20000.0
159	17.002	163.39	4.333	90.454	2.35	0.329	20000.0
160	17.075	162.02	4.345	89.711	2.327	0.337	40000.0
161	17.182	163.121	4.386	90.15	2.306	0.339	20000.0
162	17.212	163.726	4.344	90.342	2.318	0.322	20000.0
163	16.655	161.887	4.218	89.721	2.352	0.343	40000.0
164	16.775	162.529	4.244	90.136	2.359	0.335	40000.0
165	17.015	162.333	4.339	90.029	2.321	0.338	30000.0
166	16.939	161.955	4.303	89.928	2.324	0.337	30000.0
167	16.968	161.256	4.321	89.323	2.294	0.345	20000.0
168	16.842	163.209	4.265	90.475	2.362	0.332	20000.0
169	17.174	163.086	4.338	90.213	2.322	0.336	30000.0
170	17.011	163.618	4.314	90.41	2.359	0.327	30000.0
171	16.841	162.629	4.241	90.136	2.33	0.336	20000.0
172	17.025	162.338	4.322	89.908	2.309	0.343	30000.0
173	16.607	161.789	4.174	89.584	2.373	0.338	20000.0
174	17.043	162.258	4.312	89.745	2.332	0.341	20000.0
175	16.784	162.261	4.258	89.898	2.329	0.338	40000.0
176	16.875	162.793	4.303	90.193	2.329	0.332	20000.0
177	16.755	161.902	4.268	89.988	2.323	0.343	20000.0
178	17.079	163.05	4.352	90.202	2.334	0.332	20000.0
179	17.064	162.929	4.331	89.952	2.316	0.338	30000.0
180	16.801	162.789	4.271	90.117	2.37	0.329	30000.0
181	16.696	162.657	4.227	89.936	2.371	0.335	30000.0
182	16.817	163.146	4.261	90.098	2.363	0.335	30000.0
183	17.073	162.486	4.368	90.168	2.311	0.338	20000.0
184	16.898	163.363	4.29	90.467	2.361	0.327	30000.0
185	17.627	164.353	4.515	90.338	2.306	0.328	20000.0
186	17.085	162.106	4.351	89.902	2.32	0.333	30000.0
187	16.981	163.321	4.3	90.506	2.346	0.329	20000.0
188	17.029	162.069	4.335	89.677	2.335	0.33	40000.0
189	16.721	162.278	4.232	89.99	2.347	0.338	40000.0
190	16.767	161.565	4.26	89.505	2.355	0.339	20000.0
191	16.878	161.696	4.331	89.711	2.329	0.348	40000.0
192	17.205	163.507	4.352	90.24	2.357	0.327	40000.0
193	16.897	161.253	4.299	89.468	2.299	0.338	20000.0
194	16.985	161.685	4.359	89.693	2.315	0.336	20000.0
195	16.987	162.455	4.312	90.061	2.337	0.334	40000.0
196	16.923	162.113	4.311	89.96	2.334	0.335	20000.0
197	17.021	163.253	4.306	90.38	2.343	0.33	20000.0
198	16.709	162.343	4.184	89.871	2.334	0.34	20000.0
199	16.677	162.316	4.214	89.782	2.373	0.338	20000.0
200	16.841	162.511	4.231	89.903	2.338	0.34	20000.0
201	17.039	161.455	4.355	89.533	2.304	0.335	20000.0
202	17.269	163.902	4.386	90.14	2.352	0.322	30000.0
203	17.146	162.402	4.332	90.012	2.335	0.332	30000.0
204	17.536	163.196	4.509	90.22	2.298	0.337	50000.0
205	16.543	161.915	4.181	89.714	2.36	0.343	20000.0
206	17.093	162.148	4.383	89.765	2.303	0.335	20000.0
207	17.039	161.257	4.319	89.348	2.302	0.338	20000.0
208	16.767	162.758	4.246	90.086	2.371	0.335	20000.0
209	16.87	162.793	4.297	90.036	2.351	0.336	40000.0
210	16.925	163.145	4.281	90.402	2.36	0.332	30000.0
211	17.593	164.356	4.541	90.459	2.311	0.332	20000.0
212	16.875	163.289	4.292	90.355	2.334	0.33	20000.0
213	17.125	161.55	4.348	89.461	2.309	0.336	20000.0
214	16.779	162.548	4.27	90.116	2.359	0.334	20000.0
215	16.857	162.547	4.278	90.222	2.33	0.335	20000.0
216	16.955	162.149	4.322	89.76	2.316	0.33	20000.0
217	16.955	163.309	4.309	90.439	2.364	0.33	30000.0
218	17.497	163.243	4.482	90.31	2.288	0.341	20000.0
219	16.956	161.743	4.318	89.661	2.304	0.335	30000.0
220	17.175	163.154	4.378	90.224	2.34	0.33	30000.0
221	16.908	163.047	4.305	90.36	2.378	0.334	40000.0
222	16.98	163.469	4.331	90.53	2.336	0.33	20000.0
223	16.978	162.354	4.328	90.028	2.329	0.335	40000.0
224	17.566	163.931	4.5	90.492	2.321	0.326	30000.0
225	17.053	162.43	4.304	90.039	2.316	0.335	30000.0
226	16.95	162.458	4.305	89.745	2.341	0.341	20000.0
227	17.194	163.403	4.39	89.991	2.336	0.333	30000.0
228	16.904	163.207	4.288	90.358	2.354	0.331	20000.0
229	16.811	162.661	4.26	90.206	2.34	0.337	20000.0
230	17.035	162.384	4.315	90.014	2.318	0.335	40000.0
231	17.09	162.953	4.344	90.03	2.332	0.334	20000.0
232	17.043	162.752	4.322	90.133	2.336	0.324	20000.0
233	16.818	162.549	4.262	90.078	2.346	0.338	20000.0
234	17.034	163.788	4.329	90.603	2.355	0.325	20000.0
235	17.287	163.892	4.421	90.535	2.354	0.318	30000.0
236	17.061	161.848	4.345	89.439	2.294	0.343	30000.0
237	16.784	162.889	4.276	90.277	2.347	0.334	40000.0
238	16.786	162.99	4.25	90.217	2.365	0.333	30000.0
239	16.987	161.593	4.315	89.449	2.295	0.338	20000.0
240	17.14	162.584	4.342	89.814	2.307	0.338	20000.0
241	16.878	163.369	4.28	90.445	2.358	0.328	20000.0
242	17.048	162.527	4.306	89.815	2.327	0.341	40000.0
243	16.988	162.626	4.347	90.352	2.351	0.333	20000.0
244	17.034	162.658	4.344	89.926	2.345	0.339	40000.0
245	16.863	162.725	4.314	90.283	2.32	0.335	20000.0
246	16.935	161.303	4.326	89.231	2.308	0.341	20000.0
247	17.155	162.569	4.4	90.051	2.329	0.335	20000.0
248	17.063	162.932	4.334	90.253	2.362	0.329	30000.0
249	17.015	162.539	4.327	89.898	2.339	0.341	30000.0
250	16.864	162.668	4.292	90.05	2.345	0.334	30000.0
251	16.703	162.739	4.252	90.1	2.349	0.338	20000.0
252	17.086	162.296	4.368	89.767	2.329	0.338	20000.0
253	17.408	163.7	4.475	90.195	2.314	0.329	20000.0
254	17.733	163.871	4.562	90.458	2.301	0.336	30000.0
255	16.995	162.279	4.337	89.856	2.323	0.339	20000.0
256	17.556	163.094	4.457	90.087	2.28	0.341	40000.0
257	16.961	163.16	4.288	90.363	2.326	0.334	30000.0
258	16.568	161.349	4.195	89.5	2.361	0.348	30000.0
259	17.131	162.52	4.317	89.706	2.323	0.331	30000.0
260	16.68	162.587	4.239	90.136	2.396	0.332	20000.0
261	16.836	162.659	4.251	90.049	2.337	0.339	20000.0
262	17.079	162.999	4.34	90.289	2.321	0.338	20000.0
263	16.87	163.243	4.277	90.298	2.348	0.332	30000.0
264	17.51	163.594	4.55	90.126	2.293	0.336	40000.0
265	17.122	162.653	4.37	89.883	2.316	0.331	20000.0
266	16.853	163.022	4.27	90.271	2.362	0.33	30000.0
267	16.847	163.149	4.239	90.364	2.365	0.326	30000.0
268	16.596	162.174	4.185	89.887	2.34	0.341	20000.0
269	17.032	163.561	4.338	90.51	2.354	0.329	50000.0
270	17.052	161.902	4.345	89.716	2.312	0.336	40000.0
271	17.189	163.027	4.423	90.101	2.318	0.339	20000.0
272	17.592	163.574	4.507	90.271	2.299	0.34	30000.0
273	16.977	163.021	4.324	90.405	2.342	0.33	30000.0
274	17.047	161.991	4.371	89.956	2.327	0.338	30000.0
275	17.486	162.637	4.469	90.061	2.272	0.348	20000.0
276	17.447	163.992	4.489	90.36	2.315	0.327	20000.0
277	16.834	163.043	4.294	90.242	2.36	0.333	30000.0
278	17.357	162.846	4.443	90.086	2.303	0.332	20000.0
279	17.394	163.234	4.489	89.945	2.286	0.338	30000.0
280	17.172	162.842	4.331	90.014	2.318	0.33	20000.0
281	17.018	162.795	4.353	90.109	2.33	0.334	30000.0
282	16.852	163.622	4.271	90.423	2.344	0.326	30000.0
283	16.979	163.25	4.318	90.386	2.341	0.331	20000.0
284	16.85	162.913	4.289	90.343	2.333	0.335	40000.0
285	17.132	161.699	4.359	89.508	2.299	0.347	20000.0
286	16.988	163.94	4.333	90.664	2.372	0.326	20000.0
287	16.505	161.624	4.179	89.62	2.349	0.346	30000.0
288	17.545	163.381	4.487	90.08	2.302	0.332	30000.0
289	16.78	162.511	4.275	90.111	2.351	0.336	20000.0
290	16.904	163.243	4.262	90.225	2.346	0.335	20000.0
291	17.01	161.624	4.34	89.814	2.298	0.345	20000.0
292	16.69	162.615	4.219	90.055	2.349	0.336	30000.0
293	17.468	164.456	4.513	90.527	2.323	0.326	30000.0
294	17.02	162.456	4.293	89.924	2.318	0.342	20000.0
295	16.693	162.684	4.21	89.973	2.358	0.335	30000.0
296	16.96	163.693	4.272	90.394	2.363	0.332	40000.0
297	16.883	162.947	4.261	90.147	2.341	0.338	20000.0
298	16.977	162.144	4.323	90.13	2.303	0.341	30000.0
299	17.003	161.584	4.33	89.674	2.304	0.341	20000.0
300	16.636	162.045	4.233	89.81	2.38	0.339	30000.0
301	16.924	162.505	4.304	90.133	2.317	0.34	20000.0
302	16.954	161.44	4.331	89.395	2.319	0.346	20000.0
303	17.502	162.92	4.483	90.114	2.275	0.349	30000.0
304	16.976	163.543	4.329	90.638	2.371	0.323	20000.0
305	17.02	162.639	4.316	90.034	2.314	0.337	20000.0
306	17.031	162.141	4.341	89.643	2.307	0.337	50000.0
307	16.947	163.758	4.322	90.473	2.356	0.329	20000.0
308	16.94	163.138	4.332	90.373	2.339	0.335	20000.0
309	16.695	162.053	4.218	89.881	2.343	0.34	30000.0
310	16.562	162.125	4.208	89.833	2.389	0.337	20000.0
311	16.96	163.278	4.347	90.505	2.34	0.327	20000.0
312	17.035	161.773	4.349	89.497	2.301	0.338	40000.0
313	16.709	161.081	4.254	89.437	2.317	0.349	30000.0
314	16.836	162.781	4.279	90.155	2.334	0.341	20000.0
315	17.091	162.968	4.321	90.358	2.319	0.334	20000.0
316	17.063	161.336	4.351	89.472	2.289	0.341	20000.0
317	16.828	162.284	4.288	89.85	2.342	0.337	30000.0
318	17.026	161.987	4.324	89.275	2.303	0.338	20000.0
319	16.679	162.746	4.229	89.935	2.362	0.334	20000.0
320	16.968	163.555	4.315	90.346	2.338	0.328	30000.0
321	16.975	161.336	4.343	89.436	2.294	0.339	20000.0
322	17.047	163.928	4.271	90.595	2.349	0.328	20000.0
323	17.219	164.318	4.396	90.568	2.352	0.317	20000.0
324	16.51	161.127	4.155	89.394	2.341	0.348	30000.0
325	16.755	162.896	4.234	90.126	2.364	0.333	20000.0
326	17.019	162.354	4.322	89.892	2.324	0.338	30000.0
327	17.101	163.569	4.361	90.652	2.334	0.326	20000.0
328	16.964	163.316	4.308	90.354	2.352	0.33	50000.0
329	17.506	163.682	4.5	90.205	2.286	0.332	20000.0
330	17.156	162.439	4.388	89.967	2.354	0.331	20000.0
331	17.041	163.45	4.319	90.448	2.335	0.331	20000.0
332	16.779	162.147	4.241	89.896	2.353	0.339	40000.0
333	17.595	164.383	4.492	90.43	2.312	0.33	20000.0
334	16.856	163.015	4.241	90.114	2.353	0.333	20000.0
335	17.044	162.899	4.341	89.868	2.33	0.341	30000.0
336	17.465	162.514	4.479	90.09	2.266	0.345	30000.0
337	17.593	164.652	4.511	90.462	2.31	0.328	20000.0
338	16.937	163.479	4.29	90.436	2.355	0.328	20000.0
339	16.583	162.06	4.177	89.567	2.381	0.34	20000.0
340	16.661	162.658	4.247	90.141	2.378	0.333	30000.0
341	17.063	162.152	4.343	89.935	2.307	0.336	20000.0
342	17.457	163.645	4.486	90.106	2.295	0.341	30000.0
343	16.708	162.178	4.237	89.856	2.368	0.34	20000.0
344	17.428	164.27	4.44	90.421	2.323	0.328	20000.0
345	17.05	163.258	4.308	90.404	2.347	0.329	30000.0
346	17.542	162.821	4.5	90.174	2.291	0.337	30000.0
347	16.654	161.227	4.235	89.399	2.325	0.344	40000.0
348	16.804	163.202	4.256	90.095	2.345	0.337	20000.0
349	17.2	162.88	4.363	89.775	2.315	0.335	50000.0
350	16.656	162.784	4.223	90.033	2.372	0.337	40000.0
351	16.931	161.304	4.301	89.395	2.295	0.34	20000.0
352	16.82	162.648	4.282	90.152	2.339	0.336	20000.0
353	16.764	162.451	4.242	90.058	2.333	0.34	20000.0
354	17.052	162.758	4.331	89.873	2.333	0.331	30000.0
355	17.088	162.845	4.341	90.272	2.341	0.336	20000.0
356	16.543	161.24	4.185	89.463	2.345	0.347	20000.0
357	17.064	162.26	4.338	89.563	2.299	0.337	20000.0
358	17.194	163.057	4.396	90.086	2.32	0.33	20000.0
359	17.058	163.027	4.323	90.2	2.341	0.336	20000.0
360	16.947	162.777	4.275	90.056	2.33	0.336	30000.0
361	17.296	163.69	4.38	90.228	2.341	0.326	30000.0
362	16.552	161.533	4.189	89.696	2.348	0.342	20000.0
363	17.205	163.271	4.38	90.24	2.333	0.337	50000.0
364	16.851	162.857	4.294	90.204	2.358	0.334	40000.0
365	16.985	163.415	4.339	90.528	2.34	0.33	30000.0
366	16.745	162.431	4.224	90.216	2.34	0.336	20000.0
367	16.844	163.049	4.263	90.134	2.316	0.339	20000.0
368	16.849	163.217	4.268	90.331	2.372	0.331	20000.0
369	17.033	161.281	4.32	89.342	2.306	0.346	20000.0
370	17.095	162.825	4.346	89.942	2.336	0.329	30000.0
371	16.921	162.474	4.31	89.775	2.341	0.342	20000.0
372	17.139	162.171	4.363	89.691	2.328	0.33	40000.0
373	17.059	163.72	4.374	90.63	2.358	0.316	20000.0
374	17.159	162.212	4.361	89.829	2.302	0.336	20000.0
375	16.779	162.464	4.241	90.098	2.364	0.333	20000.0
376	17.182	162.674	4.393	90.006	2.32	0.329	40000.0
377	16.609	162.25	4.19	89.851	2.37	0.336	20000.0
378	17.005	162.516	4.303	90.114	2.313	0.338	30000.0
379	17.515	164.308	4.511	90.341	2.307	0.33	20000.0
380	16.694	162.141	4.268	89.815	2.389	0.331	30000.0
381	16.898	162.65	4.242	89.949	2.341	0.338	40000.0
382	16.814	162.616	4.275	90.08	2.331	0.34	20000.0
383	16.918	162.183	4.293	90.025	2.303	0.343	20000.0
384	17.131	162.939	4.355	90.102	2.332	0.338	30000.0
385	17.029	161.602	4.341	89.54	2.312	0.336	40000.0
386	17.112	163.092	4.352	90.031	2.319	0.336	20000.0
387	16.846	162.419	4.271	90.131	2.333	0.338	30000.0
388	16.997	162.239	4.347	89.767	2.316	0.344	30000.0
389	16.923	163.353	4.289	90.455	2.337	0.33	20000.0
390	17.543	164.155	4.485	90.471	2.317	0.328	40000.0
391	16.979	162.331	4.315	89.879	2.339	0.339	20000.0
392	17.459	163.818	4.46	90.165	2.324	0.328	20000.0
393	16.943	162.421	4.301	90.101	2.313	0.34	20000.0
394	17.02	162.711	4.348	90.091	2.345	0.327	20000.0
395	16.965	163.397	4.353	90.632	2.361	0.325	20000.0
396	17.241	163.438	4.376	90.187	2.331	0.332	20000.0
397	17.016	162.896	4.334	89.988	2.342	0.335	40000.0
398	16.878	163.234	4.29	90.498	2.343	0.326	30000.0
399	17.154	163.05	4.366	89.909	2.323	0.335	40000.0
400	16.997	162.779	4.335	90.086	2.327	0.34	30000.0
401	16.9	161.777	4.308	89.579	2.33	0.342	30000.0
402	17.057	162.937	4.331	89.846	2.313	0.341	20000.0
403	17.167	162.857	4.374	89.921	2.324	0.334	30000.0
404	17.47	164.351	4.485	90.457	2.324	0.325	30000.0
405	17.086	162.759	4.334	89.867	2.326	0.339	20000.0
406	16.873	163.578	4.241	90.405	2.349	0.327	20000.0
407	17.162	163.167	4.383	90.227	2.325	0.335	40000.0
408	16.907	163.438	4.298	90.402	2.365	0.329	30000.0
409	16.979	162.098	4.322	89.902	2.334	0.336	20000.0
410	17.406	163.605	4.439	90.004	2.295	0.333	40000.0
411	17.079	162.785	4.341	90.177	2.335	0.333	30000.0
412	17.011	161.424	4.311	89.37	2.303	0.341	20000.0
413	17.317	163.17	4.398	90.245	2.329	0.331	40000.0
414	17.062	162.745	4.312	90.013	2.333	0.339	20000.0
415	16.798	162.275	4.252	89.882	2.336	0.34	30000.0
416	16.952	162.991	4.339	90.329	2.337	0.331	40000.0
417	17.085	162.793	4.361	90.006	2.322	0.339	20000.0
418	16.752	162.588	4.248	90.148	2.342	0.334	30000.0
419	17.182	162.88	4.349	89.837	2.326	0.33	40000.0
420	17.516	163.82	4.487	90.221	2.298	0.333	30000.0
421	17.191	163.858	4.39	90.422	2.34	0.331	30000.0
422	17.24	163.59	4.392	90.381	2.334	0.335	20000.0
423	16.99	163.136	4.317	90.47	2.345	0.328	30000.0
424	16.743	163.063	4.26	90.195	2.368	0.338	30000.0
425	16.849	162.111	4.292	89.804	2.343	0.344	30000.0
426	17.079	163.338	4.348	90.17	2.346	0.332	30000.0
427	16.909	161.88	4.313	89.454	2.322	0.343	40000.0
428	16.932	161.085	4.288	89.315	2.294	0.35	30000.0
429	16.753	162.322	4.248	90.104	2.358	0.338	20000.0
430	17.097	161.833	4.345	89.71	2.302	0.336	20000.0
431	17.088	162.368	4.377	89.683	2.333	0.332	20000.0
432	16.639	162.416	4.228	89.893	2.363	0.342	20000.0
433	16.877	162.96	4.249	90.283	2.352	0.329	60000.0
434	16.898	161.208	4.332	89.359	2.331	0.342	20000.0
435	16.953	161.925	4.303	89.853	2.347	0.333	30000.0
436	17.375	163.55	4.432	89.894	2.3	0.336	20000.0
437	17.15	162.646	4.369	89.954	2.325	0.333	30000.0
438	16.985	162.599	4.338	90.045	2.325	0.338	20000.0
439	17.011	163.634	4.358	90.518	2.355	0.326	20000.0
440	17.185	163.415	4.345	90.311	2.338	0.323	30000.0
441	16.997	163.048	4.326	90.21	2.322	0.339	30000.0
442	17.484	163.821	4.513	90.235	2.302	0.33	20000.0
443	16.979	161.898	4.3	89.453	2.305	0.337	30000.0
444	16.979	161.908	4.35	89.575	2.29	0.342	20000.0
445	17.06	162.935	4.347	90.131	2.32	0.337	40000.0
446	17.237	163.679	4.385	90.193	2.339	0.327	40000.0
447	16.918	162.219	4.314	89.726	2.349	0.335	20000.0
448	17.092	162.21	4.376	89.829	2.314	0.34	20000.0
449	16.828	161.354	4.293	89.6	2.322	0.346	20000.0
450	17.19	164.1	4.376	90.364	2.343	0.323	40000.0
451	17.03	163.305	4.317	90.4	2.33	0.332	20000.0
452	16.909	161.529	4.296	89.509	2.304	0.34	20000.0
453	17.07	163.398	4.341	90.365	2.337	0.332	20000.0
454	16.955	162.6	4.316	90.334	2.321	0.335	30000.0
455	16.784	162.376	4.237	90.21	2.344	0.335	30000.0
456	17.104	163.33	4.348	90.223	2.35	0.332	20000.0
457	17.11	162.505	4.354	89.765	2.314	0.336	40000.0
458	16.803	162.198	4.264	90.076	2.316	0.339	30000.0
459	17.494	163.629	4.491	90.12	2.299	0.334	20000.0
460	17.143	162.642	4.359	89.899	2.316	0.329	20000.0
461	17.04	163.166	4.32	90.324	2.337	0.333	20000.0
462	17.051	162.791	4.359	90.353	2.333	0.337	30000.0
463	16.958	162.135	4.303	89.684	2.323	0.342	30000.0
464	17.136	162.455	4.36	89.819	2.326	0.337	30000.0
465	16.914	163.105	4.274	90.266	2.345	0.327	20000.0
466	17.544	164.078	4.505	90.275	2.308	0.332	20000.0
467	16.834	162.13	4.288	90.155	2.317	0.342	30000.0
468	17.088	162.31	4.358	89.737	2.308	0.338	20000.0
469	17.093	163.024	4.343	90.07	2.329	0.327	40000.0
470	17.018	162.378	4.293	89.939	2.323	0.337	30000.0
471	17.104	161.687	4.372	89.718	2.303	0.343	20000.0
472	16.654	162.184	4.205	89.94	2.378	0.336	40000.0
473	17.072	161.983	4.338	89.654	2.317	0.34	20000.0
474	17.437	162.759	4.487	90.039	2.286	0.347	30000.0
475	16.979	162.964	4.347	90.247	2.339	0.336	20000.0
476	17.061	162.201	4.316	89.739	2.293	0.337	20000.0
477	16.754	162.599	4.227	90.115	2.361	0.332	20000.0
478	17.005	161.886	4.392	89.684	2.308	0.337	20000.0
479	17.072	161.916	4.363	89.677	2.279	0.338	20000.0
480	16.886	162.632	4.257	90.107	2.33	0.34	20000.0
481	16.913	161.801	4.301	89.783	2.327	0.336	30000.0
482	17.099	162.17	4.38	89.653	2.305	0.335	20000.0
483	17.148	163.425	4.344	89.997	2.337	0.33	30000.0
484	16.854	162.56	4.305	89.988	2.322	0.342	30000.0
485	17.114	162.416	4.342	89.744	2.302	0.343	20000.0
486	16.999	163.958	4.323	90.784	2.383	0.321	20000.0
487	17.131	163.574	4.342	90.393	2.34	0.331	20000.0
488	16.844	162.99	4.269	90.377	2.363	0.33	20000.0
489	16.952	162.199	4.333	89.709	2.33	0.344	20000.0
490	16.686	162.605	4.209	90.151	2.363	0.334	30000.0
491	16.919	161.544	4.355	89.382	2.334	0.343	40000.0
492	16.885	163.132	4.29	90.418	2.346	0.331	40000.0
493	16.973	163.332	4.285	90.273	2.344	0.328	30000.0
494	17.573	163.791	4.509	90.331	2.306	0.339	30000.0
495	16.607	162.015	4.212	89.781	2.375	0.343	20000.0
496	16.93	161.865	4.315	89.807	2.334	0.343	20000.0
497	16.922	163.219	4.236	90.138	2.355	0.337	40000.0
498	16.962	161.658	4.31	89.57	2.31	0.337	20000.0
499	17.527	164.068	4.449	90.383	2.307	0.328	40000.0
500	17.519	162.504	4.472	90.044	2.272	0.346	20000.0
