Samples	SBS1	SBS2	SBS3	SBS5	SBS6	SBS10a	SBS10b	SBS13	SBS29
TCGA-3C-AAAU-01A-11D-A41F-09	2	0	0	28	14	0	0	0	0
TCGA-3C-AALI-01A-11D-A41F-09	39	247	0	0	0	0	108	342	0
TCGA-3C-AALJ-01A-31D-A41F-09	12	0	0	37	0	0	0	0	0
TCGA-3C-AALK-01A-11D-A41F-09	6	6	0	27	16	0	0	5	0
TCGA-4H-AAAK-01A-12D-A41F-09	8	0	0	19	0	0	5	0	0
TCGA-5L-AAT0-01A-12D-A41F-09	6	95	0	40	0	0	35	66	0
TCGA-5L-AAT1-01A-12D-A41F-09	42	735	0	82	0	0	203	735	0
TCGA-5T-A9QA-01A-11D-A41F-09	12	0	0	17	0	0	0	0	29
TCGA-A1-A0SD-01A-11D-A10Y-09	13	0	0	22	0	0	0	0	0
TCGA-A1-A0SE-01A-11D-A099-09	2	0	0	31	0	0	0	0	0
TCGA-A1-A0SF-01A-11D-A142-09	7	26	0	10	0	0	0	6	0
TCGA-A1-A0SG-01A-11D-A142-09	5	0	0	17	0	0	7	0	0
TCGA-A1-A0SH-01A-11D-A099-09	5	36	0	44	0	0	0	36	0
TCGA-A1-A0SI-01A-11D-A142-09	10	82	0	30	0	0	0	120	0
TCGA-A1-A0SJ-01A-11D-A099-09	4	5	0	6	13	0	0	0	0
TCGA-A1-A0SK-01A-12D-A099-09	19	0	59	0	0	0	0	0	0
TCGA-A1-A0SM-01A-11D-A099-09	5	0	0	27	0	0	6	0	0
TCGA-A1-A0SN-01A-11D-A142-09	10	4	0	38	0	0	9	16	0
TCGA-A1-A0SO-01A-22D-A099-09	27	0	219	34	0	0	0	0	69
TCGA-A1-A0SP-01A-11D-A099-09	3	0	19	15	20	0	0	0	0
TCGA-A1-A0SQ-01A-21D-A142-09	8	0	0	10	12	0	0	0	0
TCGA-A2-A04N-01A-11D-A10Y-09	5	0	0	29	0	0	11	0	0
TCGA-A2-A04P-01A-31D-A128-09	12	0	115	25	0	0	0	0	0
TCGA-A2-A04Q-01A-21W-A050-09	9	0	52	0	0	0	0	0	0
TCGA-A2-A04R-01A-41D-A117-09	13	0	75	0	0	0	0	0	0
TCGA-A2-A04T-01A-21W-A050-09	10	0	74	24	0	0	0	0	0
TCGA-A2-A04U-01A-11D-A10Y-09	18	0	39	2	0	0	0	0	0
TCGA-A2-A04V-01A-21W-A050-09	11	0	0	33	0	0	0	0	0
TCGA-A2-A04W-01A-31D-A10Y-09	12	40	0	41	0	0	0	73	0
TCGA-A2-A04X-01A-21W-A050-09	6	16	0	16	0	0	0	9	0
TCGA-A2-A04Y-01A-21W-A050-09	5	0	0	24	0	2	6	0	17
TCGA-A2-A0CK-01A-11D-A228-09	9	4	0	8	0	0	0	0	7
TCGA-A2-A0CL-01A-11D-A10Y-09	21	58	0	18	0	0	0	65	0
TCGA-A2-A0CM-01A-31W-A050-09	3	15	46	0	0	0	0	14	0
TCGA-A2-A0CP-01A-11W-A050-09	5	0	101	38	0	0	0	0	0
TCGA-A2-A0CQ-01A-21W-A050-09	3	0	27	13	16	0	0	0	0
TCGA-A2-A0CR-01A-11D-A228-09	11	73	0	22	0	0	0	74	0
TCGA-A2-A0CS-01A-11D-A10Y-09	13	0	0	31	0	0	0	0	0
TCGA-A2-A0CT-01A-31W-A071-09	28	25	0	57	0	0	0	14	0
TCGA-A2-A0CU-01A-12W-A050-09	2	0	29	9	16	0	0	0	0
TCGA-A2-A0CV-01A-31D-A10Y-09	4	0	0	9	11	0	0	0	0
TCGA-A2-A0CW-01A-21D-A10Y-09	11	15	39	0	0	0	0	4	0
TCGA-A2-A0CX-01A-21W-A019-09	17	136	0	56	0	0	38	101	0
TCGA-A2-A0D0-01A-11W-A019-09	10	0	0	67	0	0	0	14	0
TCGA-A2-A0D1-01A-11W-A050-09	15	13	60	19	0	0	0	0	0
TCGA-A2-A0D2-01A-21W-A050-09	5	0	55	29	0	0	0	9	0
TCGA-A2-A0D3-01A-11D-A10Y-09	14	0	0	13	0	0	0	0	0
TCGA-A2-A0D4-01A-11W-A019-09	3	0	0	31	9	0	0	0	0
TCGA-A2-A0EM-01A-11W-A050-09	0	0	30	0	15	0	0	0	0
TCGA-A2-A0EN-01A-13D-A099-09	11	0	0	25	0	0	0	0	0
TCGA-A2-A0EO-01A-11W-A050-09	5	0	21	15	8	0	0	0	0
TCGA-A2-A0EP-01A-52D-A22X-09	2	2	0	8	0	0	0	5	0
TCGA-A2-A0EQ-01A-11W-A050-09	18	60	0	77	0	0	0	126	0
TCGA-A2-A0ER-01A-21W-A050-09	10	0	22	13	0	0	0	0	0
TCGA-A2-A0ES-01A-11D-A10Y-09	0	0	0	10	4	0	0	0	0
TCGA-A2-A0ET-01A-31D-A045-09	10	0	0	21	18	0	9	0	0
TCGA-A2-A0EU-01A-22W-A071-09	22	0	0	23	0	0	0	0	0
TCGA-A2-A0EV-01A-11W-A050-09	9	0	0	50	0	0	18	0	0
TCGA-A2-A0EW-01A-21D-A10Y-09	5	0	0	15	0	0	0	0	0
TCGA-A2-A0EX-01A-21W-A050-09	7	4	24	0	0	0	0	0	0
TCGA-A2-A0EY-01A-11W-A050-09	30	112	0	40	0	0	43	65	0
TCGA-A2-A0ST-01A-12D-A099-09	5	3	0	14	0	0	0	0	0
TCGA-A2-A0SU-01A-11D-A099-09	0	0	0	16	17	0	0	0	0
TCGA-A2-A0SV-01A-11D-A099-09	6	0	0	23	10	0	0	0	0
TCGA-A2-A0SW-01A-11D-A099-09	13	9	0	29	0	0	0	8	0
TCGA-A2-A0SX-01A-12D-A099-09	8	6	0	26	0	0	0	0	0
TCGA-A2-A0SY-01A-31D-A099-09	11	44	0	22	0	0	18	56	0
TCGA-A2-A0T0-01A-22D-A099-09	18	0	128	41	0	0	0	0	0
TCGA-A2-A0T1-01A-21D-A099-09	9	0	0	20	0	0	0	0	0
TCGA-A2-A0T2-01A-11W-A097-09	9	4	23	0	0	0	0	0	0
TCGA-A2-A0T3-01A-21D-A10Y-09	3	0	0	9	13	0	0	0	14
TCGA-A2-A0T4-01A-31D-A099-09	2	0	0	19	13	0	0	0	0
TCGA-A2-A0T5-01A-21D-A099-09	8	0	0	8	0	0	0	0	0
TCGA-A2-A0T6-01A-11D-A099-09	12	3	0	11	0	0	0	0	0
TCGA-A2-A0T7-01A-21D-A099-09	10	0	0	12	0	0	0	0	0
TCGA-A2-A0YC-01A-11D-A117-09	7	4	0	17	0	0	0	0	0
TCGA-A2-A0YD-01A-11D-A10G-09	11	20	0	18	0	0	21	20	0
TCGA-A2-A0YE-01A-11D-A10G-09	13	7	0	19	0	0	0	0	0
TCGA-A2-A0YF-01A-21D-A10G-09	2	0	0	20	6	6	0	0	0
TCGA-A2-A0YG-01A-21D-A10G-09	14	0	0	56	0	0	0	0	0
TCGA-A2-A0YH-01A-11D-A10G-09	19	16	0	34	0	0	0	32	0
TCGA-A2-A0YI-01A-31D-A10M-09	2	0	12	0	0	0	0	0	0
TCGA-A2-A0YJ-01A-11D-A10G-09	22	0	0	61	0	0	0	0	0
TCGA-A2-A0YK-01A-22D-A117-09	16	181	0	36	0	0	0	199	0
TCGA-A2-A0YL-01A-21D-A10G-09	5	14	0	18	0	0	0	9	0
TCGA-A2-A0YM-01A-11D-A10G-09	26	12	0	34	0	0	0	17	0
TCGA-A2-A0YT-01A-11D-A10G-09	11	0	0	23	18	0	15	0	0
TCGA-A2-A1FV-01A-11D-A13L-09	16	7	0	17	0	0	0	0	0
TCGA-A2-A1FW-01A-11D-A13L-09	23	0	0	59	0	0	0	0	0
TCGA-A2-A1FX-01A-11D-A13L-09	2	0	0	11	6	4	4	0	0
TCGA-A2-A1FZ-01A-51D-A17G-09	5	0	12	12	0	0	0	0	0
TCGA-A2-A1G0-01A-11D-A13L-09	4	2	13	3	0	0	0	0	0
TCGA-A2-A1G1-01A-21D-A13L-09	7	0	32	0	0	0	0	0	0
TCGA-A2-A1G4-01A-11D-A13L-09	6	0	0	25	0	0	0	0	0
TCGA-A2-A1G6-01A-11D-A13L-09	0	0	0	5	3	0	0	0	0
TCGA-A2-A259-01A-11D-A16D-09	5	5	0	11	0	0	0	0	0
TCGA-A2-A25A-01A-12D-A16D-09	0	0	0	38	0	0	0	0	427
TCGA-A2-A25B-01A-11D-A167-09	3	0	70	23	18	0	0	0	0
TCGA-A2-A25C-01A-11D-A167-09	1	0	0	34	0	6	0	0	0
TCGA-A2-A25D-01A-12D-A16D-09	2	6	20	12	10	0	0	3	0
TCGA-A2-A25E-01A-11D-A167-09	0	5	47	0	13	0	0	0	0
TCGA-A2-A25F-01A-11D-A167-09	0	0	0	3	0	0	0	0	3
TCGA-A2-A3KD-01A-12D-A20S-09	6	0	0	14	0	0	0	0	0
TCGA-A2-A3XT-01A-11D-A22X-09	11	5	78	0	0	0	0	22	0
TCGA-A2-A3XU-01A-12D-A22X-09	7	0	0	13	10	0	0	0	0
TCGA-A2-A3XV-01A-21D-A23C-09	5	0	0	30	10	0	0	0	0
TCGA-A2-A3XW-01A-11D-A23C-09	2	0	0	6	0	0	5	0	0
TCGA-A2-A3XX-01A-21D-A23C-09	10	0	29	7	0	0	8	0	0
TCGA-A2-A3XZ-01A-42D-A23C-09	7	7	0	13	7	0	8	13	0
TCGA-A2-A3Y0-01A-11D-A23C-09	11	10	121	26	23	0	0	33	0
TCGA-A2-A4S1-01A-21D-A25Q-09	4	0	0	32	21	0	0	0	30
TCGA-A2-A4S2-01A-12D-A25Q-09	5	4	0	30	0	0	0	0	0
TCGA-A2-A4S3-01A-21D-A25Q-09	9	0	53	22	13	0	0	0	0
TCGA-A7-A0CD-01A-11W-A019-09	17	0	20	3	0	0	0	0	0
TCGA-A7-A0CE-01A-11W-A019-09	14	0	130	19	0	0	0	0	0
TCGA-A7-A0CG-01A-11W-A019-09	18	14	0	40	0	0	0	0	0
TCGA-A7-A0CJ-01A-21W-A019-09	6	0	53	13	16	0	0	0	0
TCGA-A7-A0D9-01A-31W-A071-09	4	5	0	15	0	0	0	0	0
TCGA-A7-A0DA-01A-31D-A10Y-09	14	0	135	1	0	0	0	0	0
TCGA-A7-A0DB-01A-11D-A272-09	9	8	0	28	0	0	0	9	0
TCGA-A7-A13D-01A-13D-A272-09	14	5	61	35	0	0	0	14	0
TCGA-A7-A13E-01A-11D-A272-09	1	0	0	30	9	0	0	0	0
TCGA-A7-A13F-01A-11D-A12Q-09	9	0	0	19	0	0	9	0	0
TCGA-A7-A13G-01A-11D-A13L-09	0	8	0	12	9	0	0	0	0
TCGA-A7-A26E-01A-11D-A272-09	14	19	0	19	0	0	8	0	0
TCGA-A7-A26F-01A-21D-A167-09	17	0	26	4	0	0	0	0	0
TCGA-A7-A26G-01A-21D-A167-09	6	7	47	0	0	0	0	6	0
TCGA-A7-A26H-01A-11D-A167-09	26	34	0	34	0	0	0	42	0
TCGA-A7-A26I-01A-11D-A167-09	6	7	34	0	0	0	0	0	0
TCGA-A7-A26J-01A-11D-A272-09	8	0	27	4	0	0	0	0	0
TCGA-A7-A2KD-01A-31D-A21Q-09	20	0	0	34	0	0	0	0	0
TCGA-A7-A3RF-01A-11D-A228-09	5	0	0	32	0	0	0	0	0
TCGA-A7-A425-01A-11D-A243-09	12	0	0	26	0	0	0	0	0
TCGA-A7-A4SC-01A-12D-A25Q-09	5	0	0	15	0	0	5	0	9
TCGA-A7-A4SD-01A-11D-A25Q-09	22	0	20	19	0	0	0	0	0
TCGA-A7-A4SE-01A-11D-A25Q-09	7	12	89	0	0	0	0	22	0
TCGA-A7-A56D-01A-11D-A27P-09	25	47	0	55	0	0	20	36	0
TCGA-A7-A5ZW-01A-12D-A29N-09	9	5	0	14	0	0	0	6	0
TCGA-A7-A5ZX-01A-12D-A29N-09	3	4	0	22	0	0	8	0	0
TCGA-A7-A6VV-01A-22D-A33E-09	9	0	38	12	0	0	0	0	0
TCGA-A7-A6VW-01A-21D-A33E-09	12	0	58	9	0	0	0	0	0
TCGA-A7-A6VX-01A-12D-A33E-09	11	26	137	3	0	0	0	9	0
TCGA-A7-A6VY-01A-12D-A33E-09	11	8	58	36	0	0	0	16	0
TCGA-A8-A06O-01A-11W-A019-09	36	0	29	21	0	0	0	0	0
TCGA-A8-A06P-01A-11W-A019-09	13	7	33	28	0	0	0	0	0
TCGA-A8-A06Q-01A-11W-A050-09	15	109	0	40	0	0	29	87	0
TCGA-A8-A06R-01A-11D-A015-09	19	0	0	47	0	0	0	0	0
TCGA-A8-A06T-01A-11W-A019-09	1	0	0	37	0	0	0	0	0
TCGA-A8-A06U-01A-11W-A019-09	16	0	0	71	0	0	0	0	0
TCGA-A8-A06X-01A-21W-A019-09	28	0	240	14	0	0	0	0	0
TCGA-A8-A06Y-01A-21W-A019-09	8	0	0	20	0	0	0	0	12
TCGA-A8-A06Z-01A-11W-A019-09	9	0	75	5	0	0	0	0	0
TCGA-A8-A075-01A-11D-A099-09	7	14	56	0	0	0	0	6	0
TCGA-A8-A076-01A-21W-A019-09	26	0	0	53	0	0	12	0	0
TCGA-A8-A079-01A-21W-A019-09	22	0	78	3	0	0	0	0	0
TCGA-A8-A07B-01A-11W-A019-09	8	12	0	43	0	0	0	16	0
TCGA-A8-A07F-01A-11W-A019-09	12	0	0	25	0	0	0	0	0
TCGA-A8-A07G-01A-11W-A050-09	1	8	53	0	18	0	0	0	0
TCGA-A8-A07I-01A-11W-A019-09	18	0	45	0	0	0	0	0	0
TCGA-A8-A07J-01A-11W-A019-09	5	9	73	0	0	0	0	4	0
TCGA-A8-A07L-01A-11W-A019-09	2	0	88	12	16	0	0	0	0
TCGA-A8-A07O-01A-11W-A019-09	18	15	0	30	0	0	0	0	0
TCGA-A8-A07P-01A-11W-A019-09	18	0	0	56	0	0	0	0	0
TCGA-A8-A07U-01A-11W-A050-09	17	7	52	21	0	0	0	18	0
TCGA-A8-A07W-01A-11W-A019-09	38	0	89	29	0	0	0	0	0
TCGA-A8-A07Z-01A-11W-A019-09	8	0	0	18	0	0	0	0	0
TCGA-A8-A081-01A-11W-A019-09	27	12	36	36	0	0	0	18	0
TCGA-A8-A082-01A-11W-A019-09	7	0	0	13	8	0	0	0	0
TCGA-A8-A083-01A-21W-A019-09	1	0	0	33	0	0	0	0	0
TCGA-A8-A085-01A-11W-A019-09	2	0	64	11	0	0	0	17	0
TCGA-A8-A08B-01A-11W-A019-09	6	15	0	29	0	0	11	0	0
TCGA-A8-A08C-01A-11W-A019-09	0	0	8	1	0	0	0	0	0
TCGA-A8-A08F-01A-11W-A019-09	0	0	108	7	21	0	0	0	0
TCGA-A8-A08G-01A-11W-A019-09	13	0	0	39	0	0	0	0	0
TCGA-A8-A08H-01A-21W-A019-09	2	82	122	23	0	0	0	0	0
TCGA-A8-A08J-01A-11W-A019-09	8	4	0	20	0	0	6	3	0
TCGA-A8-A08L-01A-11W-A019-09	12	36	129	15	0	0	0	68	0
TCGA-A8-A08O-01A-21W-A071-09	3	0	0	29	0	0	0	0	0
TCGA-A8-A08P-01A-11W-A019-09	9	6	0	45	12	0	0	10	0
TCGA-A8-A08R-01A-11W-A050-09	23	10	196	7	0	0	0	39	0
TCGA-A8-A08S-01A-11W-A050-09	24	0	0	43	0	0	0	0	0
TCGA-A8-A08T-01A-21W-A019-09	9	0	0	49	0	3	9	0	0
TCGA-A8-A08X-01A-21W-A019-09	0	0	0	32	16	0	0	0	0
TCGA-A8-A08Z-01A-21W-A019-09	17	6	0	21	0	0	0	0	0
TCGA-A8-A090-01A-11W-A019-09	9	5	15	15	0	0	0	2	0
TCGA-A8-A091-01A-11W-A019-09	11	7	0	12	0	0	0	0	0
TCGA-A8-A092-01A-11W-A019-09	10	32	0	26	0	0	10	18	0
TCGA-A8-A093-01A-11W-A019-09	14	49	0	26	0	0	27	21	0
TCGA-A8-A094-01A-11W-A019-09	11	64	0	74	0	0	0	68	0
TCGA-A8-A095-01A-11W-A019-09	15	76	0	35	0	0	0	74	0
TCGA-A8-A096-01A-11W-A019-09	15	0	0	30	0	0	0	0	0
TCGA-A8-A097-01A-11W-A050-09	9	4	78	17	0	0	0	13	0
TCGA-A8-A099-01A-11W-A019-09	9	0	25	8	0	0	0	0	0
TCGA-A8-A09A-01A-11W-A019-09	0	19	149	0	32	0	0	0	45
TCGA-A8-A09B-01A-11W-A019-09	10	4	25	13	0	0	0	0	0
TCGA-A8-A09C-01A-11W-A019-09	6	0	0	52	0	0	0	0	0
TCGA-A8-A09D-01A-11W-A019-09	4	0	0	63	0	0	0	0	0
TCGA-A8-A09E-01A-11W-A019-09	6	0	0	86	0	0	0	0	0
TCGA-A8-A09G-01A-21W-A019-09	12	101	0	43	0	0	0	155	0
TCGA-A8-A09I-01A-22W-A050-09	38	28	0	58	0	0	0	38	0
TCGA-A8-A09K-01A-11W-A019-09	8	5	0	38	0	0	0	0	0
TCGA-A8-A09M-01A-11W-A019-09	18	0	137	14	0	0	0	0	0
TCGA-A8-A09N-01A-11W-A019-09	14	23	0	80	0	0	0	29	0
TCGA-A8-A09Q-01A-11W-A019-09	40	0	76	59	0	0	0	0	0
TCGA-A8-A09T-01A-11W-A019-09	5	0	0	17	7	0	0	0	0
TCGA-A8-A09V-01A-11D-A045-09	6	0	24	1	0	0	0	0	0
TCGA-A8-A09W-01A-11W-A019-09	9	0	40	31	13	0	0	0	0
TCGA-A8-A09X-01A-11W-A019-09	17	13	30	6	0	0	0	4	0
TCGA-A8-A09Z-01A-11W-A019-09	41	0	0	667	614	0	0	0	0
TCGA-A8-A0A1-01A-11W-A019-09	22	0	25	20	0	0	0	0	0
TCGA-A8-A0A2-01A-11W-A050-09	16	0	0	30	0	6	0	0	0
TCGA-A8-A0A4-01A-11W-A019-09	14	0	59	0	0	0	0	0	0
TCGA-A8-A0A6-01A-12W-A071-09	1	7	0	25	10	0	0	0	0
TCGA-A8-A0A7-01A-11W-A019-09	11	134	0	77	0	0	0	56	0
TCGA-A8-A0A9-01A-11W-A019-09	24	9	0	21	0	0	0	14	0
TCGA-A8-A0AB-01A-11W-A050-09	11	0	29	0	0	0	0	0	0
TCGA-A8-A0AD-01A-11W-A071-09	5	0	0	24	0	0	0	0	0
TCGA-AC-A23C-01A-12D-A167-09	10	27	56	15	0	0	0	17	0
TCGA-AC-A23E-01A-11D-A159-09	8	0	0	12	0	0	0	0	0
TCGA-AC-A23H-01A-11D-A159-09	134	2374	0	293	0	0	0	2901	0
TCGA-AC-A2B8-01A-11D-A17D-09	9	46	0	20	0	0	0	35	0
TCGA-AC-A2BK-01A-11D-A21Q-09	7	0	69	0	28	0	0	0	0
TCGA-AC-A2BM-01A-11D-A21Q-09	0	0	0	9	6	0	0	4	0
TCGA-AC-A2FB-01A-11D-A17D-09	3	4	0	6	0	0	0	0	0
TCGA-AC-A2FF-01A-11D-A17D-09	2	2	0	6	0	0	0	2	0
TCGA-AC-A2FG-01A-11D-A17D-09	8	6	23	0	0	0	0	0	0
TCGA-AC-A2FO-01A-11D-A17W-09	2	12	0	0	0	0	6	7	0
TCGA-AC-A2QH-01A-11D-A18P-09	21	7	0	0	0	5	0	0	0
TCGA-AC-A3HN-01A-11D-A20S-09	4	0	0	21	0	0	0	0	0
TCGA-AC-A3OD-01A-11D-A21Q-09	6	4	0	10	9	0	5	0	0
TCGA-AC-A3QP-01A-11D-A22X-09	4	0	0	24	0	0	5	0	0
TCGA-AC-A3QQ-01A-11D-A228-09	5	0	0	21	11	0	0	0	0
TCGA-AC-A3W5-01A-11D-A228-09	15	27	111	18	0	0	0	38	0
TCGA-AC-A3YI-01A-21D-A23C-09	2	0	0	12	0	0	5	0	0
TCGA-AC-A3YJ-01A-11D-A22X-09	7	0	0	25	0	0	0	0	0
TCGA-AC-A4ZE-01A-11D-A41F-09	8	6	0	20	18	0	0	0	17
TCGA-AC-A5EH-01A-11D-A28B-09	10	14	108	26	23	0	0	10	0
TCGA-AC-A5EI-01A-11D-A27P-09	15	10	0	15	0	0	0	0	0
TCGA-AC-A5XS-01A-11D-A29N-09	11	263	0	52	0	0	86	275	0
TCGA-AC-A5XU-01A-11D-A28B-09	41	12	0	45	0	0	0	7	0
TCGA-AC-A62V-01A-11D-A31U-09	17	0	0	42	33	0	0	0	0
TCGA-AC-A62X-01A-11D-A29N-09	38	0	0	34	0	0	0	0	0
TCGA-AC-A62Y-01A-11D-A29N-09	13	15	0	42	0	0	0	13	0
TCGA-AC-A6IV-01A-12D-A33E-09	4	0	0	13	0	0	6	0	0
TCGA-AC-A6IW-01A-12D-A33E-09	13	25	0	76	26	0	0	63	0
TCGA-AC-A6IX-01A-12D-A32I-09	5	13	0	19	12	0	0	8	0
TCGA-AC-A6NO-01A-12D-A33E-09	8	0	0	30	0	0	0	0	0
TCGA-AC-A7VB-01A-11D-A351-09	9	0	0	12	10	0	0	0	0
TCGA-AC-A7VC-01A-11D-A351-09	3	0	0	12	8	0	5	0	0
TCGA-AC-A8OP-01A-11D-A36J-09	47	13	109	45	0	0	0	8	0
TCGA-AC-A8OQ-01A-11D-A41F-09	32	17	55	24	0	0	0	0	0
TCGA-AC-A8OR-01A-21D-A41F-09	0	0	0	1	14	0	0	0	33
TCGA-AC-A8OS-01A-12D-A41F-09	15	12	36	5	0	0	0	4	0
TCGA-AN-A03X-01A-21W-A019-09	7	0	65	10	0	0	0	0	0
TCGA-AN-A03Y-01A-21W-A019-09	16	6	0	30	0	0	0	0	0
TCGA-AN-A041-01A-11W-A050-09	12	8	32	0	0	0	0	0	0
TCGA-AN-A046-01A-21W-A050-09	460	0	0	0	0	1884	4316	0	0
TCGA-AN-A049-01A-21W-A019-09	6	0	0	24	0	0	6	0	0
TCGA-AN-A04A-01A-21W-A050-09	8	0	0	30	14	0	0	0	0
TCGA-AN-A04C-01A-21W-A050-09	14	0	0	72	16	0	0	0	0
TCGA-AN-A04D-01A-21W-A050-09	0	0	78	6	20	0	0	0	0
TCGA-AN-A0AJ-01A-11W-A019-09	20	0	0	44	0	0	15	16	0
TCGA-AN-A0AK-01A-21W-A019-09	0	0	0	570	791	0	0	0	0
TCGA-AN-A0AL-01A-11W-A019-09	7	0	69	4	0	0	0	0	0
TCGA-AN-A0AM-01A-11W-A050-09	20	7	64	14	0	0	0	6	0
TCGA-AN-A0AR-01A-11W-A019-09	11	0	125	4	0	0	0	0	0
TCGA-AN-A0AS-01A-11W-A019-09	16	5	27	0	0	0	0	0	0
TCGA-AN-A0AT-01A-11D-A045-09	0	0	99	6	20	0	0	0	0
TCGA-AN-A0FD-01A-11W-A050-09	8	0	27	1	0	0	0	0	0
TCGA-AN-A0FF-01A-11W-A050-09	6	0	0	19	0	0	0	0	0
TCGA-AN-A0FJ-01A-11W-A019-09	19	21	70	0	0	0	0	15	0
TCGA-AN-A0FK-01A-11W-A050-09	4	0	0	41	15	0	0	0	0
TCGA-AN-A0FL-01A-11W-A050-09	25	0	92	53	0	0	0	23	0
TCGA-AN-A0FN-01A-11W-A050-09	0	0	46	28	12	0	0	0	0
TCGA-AN-A0FS-01A-11W-A050-09	15	15	0	54	0	0	0	13	0
TCGA-AN-A0FT-01A-11W-A050-09	35	19	0	54	0	0	0	15	0
TCGA-AN-A0FV-01A-11W-A019-09	2	18	36	15	21	0	0	17	0
TCGA-AN-A0FW-01A-11W-A050-09	8	0	86	20	0	0	8	0	0
TCGA-AN-A0FX-01A-11W-A050-09	16	0	0	160	0	0	0	0	0
TCGA-AN-A0FY-01A-11W-A050-09	22	0	0	39	0	0	0	0	0
TCGA-AN-A0FZ-01A-11W-A050-09	22	8	0	29	22	0	0	0	0
TCGA-AN-A0G0-01A-11W-A050-09	21	0	0	20	0	0	0	0	0
TCGA-AN-A0XN-01A-21D-A10G-09	17	0	100	42	0	0	0	0	0
TCGA-AN-A0XO-01A-11D-A10G-09	5	0	0	19	0	0	12	0	0
TCGA-AN-A0XP-01A-11D-A117-09	0	4	20	0	8	0	0	0	0
TCGA-AN-A0XR-01A-11D-A10G-09	4	4	18	0	0	0	0	2	0
TCGA-AN-A0XS-01A-22D-A10G-09	2	7	0	11	10	0	0	0	0
TCGA-AN-A0XT-01A-11D-A10G-09	3	0	0	10	6	0	0	0	0
TCGA-AN-A0XU-01A-11D-A10G-09	13	6	86	0	0	0	0	14	0
TCGA-AN-A0XV-01A-11D-A10G-09	6	0	0	20	9	0	0	0	0
TCGA-AN-A0XW-01A-11D-A10G-09	13	142	0	16	0	0	0	209	0
TCGA-AO-A03L-01A-41W-A071-09	8	0	0	30	0	0	0	0	0
TCGA-AO-A03O-01A-11W-A019-09	29	0	54	13	0	0	0	0	0
TCGA-AO-A03P-01A-11W-A019-09	7	7	33	0	16	0	0	0	0
TCGA-AO-A03R-01A-21W-A050-09	2	0	24	28	10	0	0	0	0
TCGA-AO-A03T-01A-21W-A050-09	8	7	66	28	0	0	0	13	0
TCGA-AO-A03V-01A-11D-A10Y-09	11	8	0	35	0	0	0	9	0
TCGA-AO-A0J2-01A-11W-A050-09	5	0	67	0	10	0	0	0	0
TCGA-AO-A0J3-01A-11W-A050-09	10	12	0	19	14	0	12	4	18
TCGA-AO-A0J4-01A-11W-A050-09	13	6	78	12	0	0	0	35	0
TCGA-AO-A0J5-01A-11W-A050-09	14	0	0	68	0	0	0	0	0
TCGA-AO-A0J6-01A-11W-A050-09	2	6	82	0	17	0	0	13	0
TCGA-AO-A0J7-01A-11W-A050-09	4	6	0	16	0	0	0	0	0
TCGA-AO-A0J8-01A-21D-A045-09	4	0	0	25	0	0	0	0	0
TCGA-AO-A0J9-01A-11W-A050-09	14	67	0	68	0	0	0	36	0
TCGA-AO-A0JA-01A-11W-A071-09	7	13	0	16	0	0	0	0	0
TCGA-AO-A0JB-01A-11W-A071-09	5	0	0	109	0	0	0	0	28
TCGA-AO-A0JC-01A-11W-A071-09	7	82	0	0	0	0	17	70	0
TCGA-AO-A0JD-01A-11W-A071-09	23	0	93	19	0	0	0	0	0
TCGA-AO-A0JE-01A-11W-A071-09	6	12	0	13	0	0	8	16	0
TCGA-AO-A0JF-01A-11W-A071-09	2	3	18	13	0	0	0	0	0
TCGA-AO-A0JG-01A-31D-A099-09	1	0	9	5	0	3	0	0	0
TCGA-AO-A0JI-01A-21W-A100-09	7	0	21	3	0	0	0	0	0
TCGA-AO-A0JJ-01A-11W-A071-09	5	0	26	7	0	0	0	0	0
TCGA-AO-A0JM-01A-21W-A071-09	19	0	0	29	0	0	10	0	0
TCGA-AO-A124-01A-11D-A10M-09	17	0	81	57	0	0	0	0	0
TCGA-AO-A128-01A-11D-A10M-09	245	0	0	595	355	0	0	0	0
TCGA-AO-A12A-01A-21D-A10Y-09	3	0	0	7	5	0	0	0	0
TCGA-AO-A12D-01A-11D-A10Y-09	10	23	0	23	0	0	0	8	0
TCGA-AO-A12F-01A-11D-A10Y-09	2	0	0	12	20	0	0	0	0
TCGA-AO-A12H-01A-11D-A10Y-09	9	0	0	21	0	0	0	0	0
TCGA-AO-A1KO-01A-31D-A188-09	0	0	0	7	0	1	0	0	0
TCGA-AO-A1KP-01A-11D-A13L-09	8	0	0	13	0	0	0	0	0
TCGA-AO-A1KR-01A-12D-A142-09	7	0	45	29	0	0	0	0	0
TCGA-AO-A1KS-01A-11D-A13L-09	14	15	0	17	0	0	7	4	0
TCGA-AO-A1KT-01A-11D-A13L-09	20	0	0	29	0	0	0	0	0
TCGA-AQ-A04H-01B-11D-A10M-09	37	0	24	18	0	0	0	0	0
TCGA-AQ-A04J-01A-02W-A050-09	5	9	73	12	0	0	0	0	0
TCGA-AQ-A0Y5-01A-11D-A14K-09	21	14	0	15	0	0	0	11	0
TCGA-AQ-A1H2-01A-11D-A13L-09	8	0	0	24	0	0	0	0	0
TCGA-AQ-A1H3-01A-31D-A13L-09	17	0	0	8	0	0	0	0	0
TCGA-AQ-A54O-01A-11D-A25Q-09	2	0	0	19	6	0	0	0	0
TCGA-AQ-A7U7-01A-22D-A351-09	10	30	0	19	0	0	0	35	0
TCGA-AR-A0TP-01A-11D-A099-09	9	0	61	0	0	0	0	0	0
TCGA-AR-A0TQ-01A-11D-A099-09	2	9	0	0	13	0	0	0	16
TCGA-AR-A0TR-01A-11D-A099-09	7	0	0	22	12	0	0	0	0
TCGA-AR-A0TS-01A-11D-A10Y-09	9	0	71	0	12	0	0	0	0
TCGA-AR-A0TT-01A-31D-A099-09	11	5	23	21	0	0	0	7	0
TCGA-AR-A0TU-01A-31D-A10G-09	10	0	155	18	0	0	0	0	0
TCGA-AR-A0TV-01A-21D-A099-09	15	0	0	61	0	0	0	0	0
TCGA-AR-A0TW-01A-11D-A099-09	20	0	25	12	0	0	0	0	0
TCGA-AR-A0TX-01A-11D-A099-09	18	150	0	45	0	0	0	159	0
TCGA-AR-A0TY-01A-12W-A12T-09	23	0	165	31	0	0	0	0	0
TCGA-AR-A0TZ-01A-12D-A099-09	9	9	0	16	0	0	9	13	0
TCGA-AR-A0U0-01A-11D-A10G-09	0	0	0	145	0	0	0	0	82
TCGA-AR-A0U1-01A-11D-A10Y-09	5	0	90	2	0	0	0	0	0
TCGA-AR-A0U2-01A-11D-A10G-09	5	0	47	23	24	0	0	0	0
TCGA-AR-A0U3-01A-11D-A10G-09	5	0	0	13	11	2	5	0	0
TCGA-AR-A1AH-01A-11D-A12B-09	14	0	69	12	0	9	0	0	0
TCGA-AR-A1AI-01A-11D-A12Q-09	6	0	0	34	10	0	13	15	0
TCGA-AR-A1AJ-01A-21D-A12Q-09	15	12	0	12	0	0	0	8	0
TCGA-AR-A1AK-01A-21D-A12Q-09	12	17	0	19	0	0	8	18	0
TCGA-AR-A1AL-01A-21D-A12Q-09	6	4	0	18	0	0	0	2	0
TCGA-AR-A1AN-01A-11D-A12Q-09	12	0	0	11	0	0	0	4	0
TCGA-AR-A1AO-01A-11D-A12Q-09	14	11	55	2	0	0	11	13	0
TCGA-AR-A1AP-01A-11D-A12Q-09	20	4	0	0	0	0	6	6	0
TCGA-AR-A1AQ-01A-11D-A12Q-09	0	0	0	19	19	0	0	0	0
TCGA-AR-A1AR-01A-31D-A135-09	12	0	40	5	0	0	0	0	0
TCGA-AR-A1AS-01A-11D-A12Q-09	0	10	0	11	14	0	0	4	0
TCGA-AR-A1AT-01A-11D-A12Q-09	1	0	16	6	6	0	0	0	0
TCGA-AR-A1AU-01A-11D-A12Q-09	9	0	0	15	0	0	0	0	0
TCGA-AR-A1AV-01A-21D-A12Q-09	16	0	0	38	0	0	0	0	0
TCGA-AR-A1AW-01A-21D-A12Q-09	1	0	0	31	12	0	0	0	0
TCGA-AR-A1AX-01A-11D-A12Q-09	6	0	0	21	0	0	0	0	0
TCGA-AR-A1AY-01A-21D-A12Q-09	17	7	35	0	0	0	0	0	0
TCGA-AR-A24H-01A-11D-A167-09	16	8	114	0	0	0	0	14	0
TCGA-AR-A24K-01A-11D-A167-09	5	0	0	28	0	0	0	0	0
TCGA-AR-A24L-01A-11D-A167-09	3	0	39	0	0	0	0	0	0
TCGA-AR-A24M-01A-11D-A167-09	7	0	0	23	0	0	0	0	0
TCGA-AR-A24N-01A-11D-A167-09	15	5	0	20	0	0	0	0	0
TCGA-AR-A24O-01A-11D-A167-09	8	0	0	15	0	0	0	0	0
TCGA-AR-A24P-01A-11D-A167-09	5	0	0	15	0	0	5	0	0
TCGA-AR-A24Q-01A-12D-A167-09	0	14	145	0	25	0	0	17	0
TCGA-AR-A24R-01A-11D-A167-09	7	3	0	11	0	0	0	0	0
TCGA-AR-A24S-01A-11D-A167-09	16	6	25	3	0	0	0	3	0
TCGA-AR-A24T-01A-11D-A167-09	9	0	0	12	0	0	0	0	0
TCGA-AR-A24U-01A-11D-A167-09	6	8	0	7	7	0	0	12	0
TCGA-AR-A24V-01A-21D-A167-09	9	0	0	18	0	0	0	0	0
TCGA-AR-A24W-01A-11D-A17G-09	1	0	0	12	0	0	0	0	0
TCGA-AR-A24X-01A-11D-A167-09	4	0	0	34	0	0	8	0	0
TCGA-AR-A24Z-01A-11D-A167-09	0	0	0	32	15	0	0	0	0
TCGA-AR-A250-01A-31D-A167-09	11	16	0	32	18	0	15	38	0
TCGA-AR-A251-01A-12D-A167-09	10	7	133	5	0	0	0	16	0
TCGA-AR-A252-01A-11D-A167-09	4	0	0	3	7	0	0	0	0
TCGA-AR-A254-01A-21D-A167-09	12	0	0	26	0	0	0	0	0
TCGA-AR-A255-01A-11D-A167-09	8	7	0	38	0	7	9	12	0
TCGA-AR-A256-01A-11D-A167-09	13	14	151	37	0	0	0	10	0
TCGA-AR-A2LE-01A-11D-A17W-09	8	156	0	24	0	0	51	112	0
TCGA-AR-A2LH-01A-31D-A18P-09	5	22	0	0	0	0	9	17	0
TCGA-AR-A2LK-01A-11D-A17W-09	15	4	0	23	0	0	0	0	0
TCGA-AR-A2LL-01A-11D-A17W-09	15	0	16	4	0	0	0	0	0
TCGA-AR-A2LM-01A-11D-A17W-09	2	0	0	8	0	0	5	0	0
TCGA-AR-A2LN-01A-21D-A18P-09	5	14	0	17	0	0	8	5	0
TCGA-AR-A2LO-01A-31D-A18P-09	6	0	0	13	0	0	0	0	0
TCGA-AR-A2LQ-01A-22D-A18P-09	4	0	0	9	0	0	0	0	0
TCGA-AR-A2LR-01A-12D-A18P-09	5	0	31	22	9	0	0	0	0
TCGA-AR-A5QM-01A-11D-A27P-09	9	0	0	23	0	0	0	0	0
TCGA-AR-A5QN-01A-12D-A28B-09	7	5	0	18	17	0	0	0	0
TCGA-AR-A5QP-01A-11D-A28B-09	7	3	0	18	0	0	0	0	0
TCGA-AR-A5QQ-01A-11D-A28B-09	4	0	47	30	12	0	0	0	0
TCGA-B6-A0I1-01A-11D-A21Q-09	18	7	32	14	0	0	0	0	0
TCGA-B6-A0I2-01A-11W-A050-09	13	7	0	29	0	0	0	23	0
TCGA-B6-A0I5-01A-11W-A100-09	4	0	0	18	9	0	0	0	0
TCGA-B6-A0I6-01A-11D-A128-09	5	0	81	0	12	0	0	0	0
TCGA-B6-A0I8-01A-11W-A050-09	20	11	95	10	0	0	0	6	0
TCGA-B6-A0I9-01A-11W-A050-09	32	0	29	23	0	0	0	0	0
TCGA-B6-A0IA-01A-11W-A050-09	2	0	62	30	0	0	0	0	0
TCGA-B6-A0IB-01A-11W-A050-09	3	0	30	22	26	0	0	0	0
TCGA-B6-A0IC-01A-11W-A050-09	8	0	0	26	0	0	0	0	14
TCGA-B6-A0IE-01A-11W-A050-09	11	0	27	21	0	0	0	0	0
TCGA-B6-A0IH-01A-11D-A10Y-09	0	0	0	16	14	0	6	0	0
TCGA-B6-A0IJ-01A-11W-A050-09	11	8	101	0	0	0	0	24	0
TCGA-B6-A0IK-01A-12W-A071-09	23	92	0	68	0	0	0	45	0
TCGA-B6-A0IM-01A-11W-A050-09	11	0	29	13	0	0	0	0	0
TCGA-B6-A0IN-01A-11W-A050-09	10	0	0	49	0	0	0	0	0
TCGA-B6-A0RE-01A-11W-A071-09	22	22	96	26	0	0	0	22	0
TCGA-B6-A0RG-01A-11W-A071-09	6	5	42	17	0	0	0	9	0
TCGA-B6-A0RH-01A-21D-A10Y-09	9	10	0	14	0	0	0	3	0
TCGA-B6-A0RI-01A-11W-A071-09	2	5	0	6	0	0	9	8	0
TCGA-B6-A0RL-01A-11D-A099-09	7	10	0	23	22	0	0	0	0
TCGA-B6-A0RM-01A-11D-A099-09	14	6	0	13	0	0	0	0	0
TCGA-B6-A0RN-01A-12D-A099-09	11	0	0	21	0	0	0	0	0
TCGA-B6-A0RO-01A-22D-A099-09	0	0	21	3	7	0	8	0	0
TCGA-B6-A0RP-01A-21D-A099-09	1	0	0	17	7	0	0	0	0
TCGA-B6-A0RQ-01A-11D-A10Y-09	5	14	0	18	8	0	0	4	0
TCGA-B6-A0RS-01A-11D-A099-09	11	11	110	21	0	0	0	10	0
TCGA-B6-A0RT-01A-21D-A099-09	5	0	41	0	0	0	0	9	0
TCGA-B6-A0RU-01A-11D-A099-09	10	0	25	15	0	0	6	0	0
TCGA-B6-A0RV-01A-11D-A099-09	9	24	0	5	0	0	0	23	0
TCGA-B6-A0WS-01A-11D-A10Y-09	1	0	0	18	0	0	0	0	0
TCGA-B6-A0WT-01A-11D-A10G-09	2	0	0	11	5	0	4	0	0
TCGA-B6-A0WV-01A-11D-A10G-09	5	0	0	30	0	0	0	0	0
TCGA-B6-A0WW-01A-11D-A10G-09	6	5	0	22	0	0	0	6	0
TCGA-B6-A0WX-01A-11D-A10G-09	13	0	0	29	0	0	0	0	0
TCGA-B6-A0WY-01A-11D-A10G-09	3	0	0	22	9	0	0	0	0
TCGA-B6-A0WZ-01A-11D-A10G-09	5	36	0	23	0	0	0	21	0
TCGA-B6-A0X0-01A-21D-A10Y-09	4	0	14	0	0	0	5	0	0
TCGA-B6-A0X1-01A-11D-A10G-09	5	0	0	53	0	0	10	14	0
TCGA-B6-A0X4-01A-11D-A10G-09	5	0	0	11	0	2	10	0	0
TCGA-B6-A0X5-01A-21D-A10G-09	4	0	0	26	0	4	12	0	0
TCGA-B6-A1KC-01B-11D-A159-09	16	0	0	13	0	0	0	0	0
TCGA-B6-A1KF-01A-11D-A13L-09	12	7	39	0	0	0	0	0	0
TCGA-B6-A1KI-01A-11D-A14K-09	9	0	0	13	0	0	0	0	0
TCGA-B6-A1KN-01A-11D-A13L-09	12	0	0	42	0	11	0	0	0
TCGA-B6-A2IU-01A-32D-A19T-09	1	11	0	13	20	0	0	0	0
TCGA-B6-A401-01A-11D-A23C-09	2	0	0	14	10	0	0	0	0
TCGA-B6-A409-01A-11D-A243-09	16	0	0	46	0	0	0	0	0
TCGA-B6-A40B-01A-11D-A23C-09	2	10	29	4	13	0	0	4	0
TCGA-B6-A40C-01A-11D-A23C-09	18	0	0	29	0	0	0	0	0
TCGA-BH-A0AU-01A-11D-A12Q-09	1	0	0	4	9	0	0	0	8
TCGA-BH-A0AV-01A-31D-A10Y-09	3	0	0	62	0	0	0	9	0
TCGA-BH-A0AW-01A-11W-A071-09	7	52	0	42	35	0	0	48	0
TCGA-BH-A0AY-01A-21W-A019-09	13	9	44	17	0	0	10	0	0
TCGA-BH-A0AZ-01A-21D-A12Q-09	4	6	47	0	0	0	0	5	0
TCGA-BH-A0B0-01A-21D-A10Y-09	5	44	0	2	0	0	14	18	0
TCGA-BH-A0B1-01A-12W-A071-09	16	0	50	36	0	0	0	0	0
TCGA-BH-A0B3-01A-11W-A071-09	11	0	36	9	0	0	0	0	0
TCGA-BH-A0B4-01A-11W-A019-09	8	0	67	12	0	0	0	0	0
TCGA-BH-A0B5-01A-11D-A12Q-09	4	24	0	14	0	0	0	25	0
TCGA-BH-A0B6-01A-11D-A19Y-09	42	551	0	127	0	0	0	515	0
TCGA-BH-A0B7-01A-12D-A10Y-09	5	0	0	18	12	0	9	0	0
TCGA-BH-A0B8-01A-21W-A071-09	0	9	49	12	24	0	0	0	0
TCGA-BH-A0B9-01A-11W-A071-09	9	3	28	0	0	0	0	7	0
TCGA-BH-A0BA-01A-11W-A071-09	9	6	0	38	0	0	0	6	0
TCGA-BH-A0BC-01A-22D-A099-09	11	6	0	14	0	0	5	3	0
TCGA-BH-A0BD-01A-11W-A050-09	5	4	0	23	0	0	0	0	0
TCGA-BH-A0BF-01A-21D-A12Q-09	4	0	0	26	0	0	0	5	0
TCGA-BH-A0BG-01A-11D-A10Y-09	4	5	27	0	7	0	0	0	0
TCGA-BH-A0BJ-01A-11W-A071-09	7	0	0	37	0	0	0	0	0
TCGA-BH-A0BL-01A-11D-A10Y-09	13	0	51	0	0	0	0	0	0
TCGA-BH-A0BM-01A-11W-A071-09	0	6	45	0	11	0	0	0	0
TCGA-BH-A0BO-01A-23D-A12B-09	7	0	0	22	0	0	0	0	0
TCGA-BH-A0BP-01A-11D-A10Y-09	10	20	69	0	25	0	17	27	0
TCGA-BH-A0BQ-01A-21D-A10Y-09	5	0	0	13	10	0	0	0	0
TCGA-BH-A0BR-01A-21W-A12T-09	10	15	0	18	0	0	14	5	0
TCGA-BH-A0BS-01A-11D-A12Q-09	2	0	0	19	0	0	0	0	0
TCGA-BH-A0BT-01A-11D-A12Q-09	6	0	0	21	13	0	0	0	0
TCGA-BH-A0BV-01A-11W-A019-09	6	5	0	24	0	0	0	0	0
TCGA-BH-A0BW-01A-11D-A10Y-09	9	0	58	13	12	0	0	0	0
TCGA-BH-A0BZ-01A-31D-A12Q-09	4	10	194	1	31	0	0	21	0
TCGA-BH-A0C0-01A-21W-A071-09	6	0	85	10	0	0	0	0	0
TCGA-BH-A0C1-01B-11D-A12B-09	2	8	0	0	33	0	0	0	0
TCGA-BH-A0C3-01A-21D-A12Q-09	6	0	0	10	0	0	0	0	0
TCGA-BH-A0C7-01B-11D-A10Y-09	15	0	0	43	0	0	0	0	0
TCGA-BH-A0DD-01A-31D-A12Q-09	12	4	0	12	0	0	0	0	0
TCGA-BH-A0DE-01A-11D-A10Y-09	9	0	0	26	0	0	0	0	0
TCGA-BH-A0DG-01A-21D-A12Q-09	3	0	0	15	0	0	8	6	0
TCGA-BH-A0DH-01A-11D-A099-09	11	10	0	13	12	0	0	0	0
TCGA-BH-A0DI-01A-21D-A12Q-09	7	8	21	0	0	0	0	8	0
TCGA-BH-A0DK-01A-21W-A071-09	18	0	92	0	0	0	0	0	0
TCGA-BH-A0DL-01A-11D-A10Y-09	12	10	0	18	18	0	0	6	0
TCGA-BH-A0DO-01B-11D-A12B-09	1	0	0	20	0	0	5	0	0
TCGA-BH-A0DP-01A-21W-A071-09	1	0	0	52	0	0	0	0	0
TCGA-BH-A0DQ-01A-11D-A099-09	1	0	0	19	14	0	0	0	0
TCGA-BH-A0DS-01A-11W-A071-09	19	0	27	24	0	0	0	0	0
TCGA-BH-A0DT-01A-21D-A12B-09	5	3	0	7	0	0	0	0	0
TCGA-BH-A0DV-01A-21D-A12Q-09	0	3	0	11	0	0	0	0	0
TCGA-BH-A0DX-01A-11D-A10Y-09	15	28	0	12	0	0	0	13	0
TCGA-BH-A0DZ-01A-11W-A019-09	8	127	0	26	0	0	33	175	0
TCGA-BH-A0E0-01A-11W-A071-09	22	0	0	22	0	0	0	0	0
TCGA-BH-A0E1-01A-11W-A071-09	12	6	0	11	0	0	0	11	0
TCGA-BH-A0E2-01A-11W-A071-09	9	0	0	58	0	0	0	0	0
TCGA-BH-A0E7-01A-11W-A050-09	14	0	0	34	0	0	0	0	0
TCGA-BH-A0E9-01B-11D-A10Y-09	9	0	0	22	0	0	0	0	0
TCGA-BH-A0EA-01A-11D-A10Y-09	1	0	0	16	9	0	0	0	0
TCGA-BH-A0EB-01A-11W-A050-09	6	0	28	14	15	0	0	0	0
TCGA-BH-A0EE-01A-11W-A050-09	24	35	0	62	0	0	30	17	0
TCGA-BH-A0EI-01A-11D-A10Y-09	5	0	0	15	0	0	0	0	0
TCGA-BH-A0GY-01A-11W-A071-09	4	0	0	53	13	0	0	0	0
TCGA-BH-A0GZ-01A-11W-A071-09	13	5	0	23	0	0	0	0	0
TCGA-BH-A0H0-01A-11W-A071-09	2	0	0	27	0	0	0	0	0
TCGA-BH-A0H3-01A-11D-A12Q-09	4	0	0	11	0	0	0	0	0
TCGA-BH-A0H5-01A-21D-A10Y-09	3	52	0	0	0	0	27	62	0
TCGA-BH-A0H6-01A-21W-A071-09	13	0	0	16	0	0	0	0	0
TCGA-BH-A0H7-01A-13W-A071-09	20	8	0	50	0	0	0	8	0
TCGA-BH-A0H9-01A-11W-A071-09	7	7	24	16	0	0	0	0	0
TCGA-BH-A0HA-01A-11D-A12Q-09	105	0	0	218	0	0	0	0	0
TCGA-BH-A0HB-01A-11W-A071-09	4	0	0	21	16	0	8	0	0
TCGA-BH-A0HF-01A-11W-A071-09	0	168	0	972	359	0	0	0	0
TCGA-BH-A0HI-01A-11D-A099-09	7	5	0	14	0	3	2	0	0
TCGA-BH-A0HK-01A-11W-A071-09	7	50	0	37	22	0	0	31	0
TCGA-BH-A0HL-01A-11W-A050-09	12	0	19	13	0	0	0	0	0
TCGA-BH-A0HN-01A-11D-A099-09	10	0	0	13	0	0	6	0	0
TCGA-BH-A0HO-01A-11W-A050-09	2	0	0	15	5	3	0	0	0
TCGA-BH-A0HP-01A-12D-A099-09	13	125	0	5	0	0	29	136	0
TCGA-BH-A0HQ-01A-11W-A050-09	10	11	0	34	0	0	0	0	0
TCGA-BH-A0HU-01A-11W-A050-09	2	0	31	4	6	0	0	0	0
TCGA-BH-A0HW-01A-11W-A050-09	10	0	0	12	15	0	0	0	0
TCGA-BH-A0HX-01A-21W-A071-09	4	9	64	0	11	0	0	0	0
TCGA-BH-A0HY-01A-11W-A071-09	10	0	0	41	13	0	12	0	0
TCGA-BH-A0RX-01A-21D-A099-09	18	0	0	17	0	0	6	0	0
TCGA-BH-A0W3-01A-11D-A10G-09	3	0	0	17	0	0	0	0	0
TCGA-BH-A0W4-01A-11D-A10G-09	8	0	0	19	0	0	9	0	0
TCGA-BH-A0W5-01A-11D-A10G-09	6	0	0	17	0	0	0	0	0
TCGA-BH-A0W7-01A-11D-A10Y-09	8	97	0	25	0	0	0	109	0
TCGA-BH-A0WA-01A-11D-A10G-09	4	13	73	0	12	0	0	0	0
TCGA-BH-A18F-01A-11D-A12B-09	11	12	0	19	0	0	9	0	0
TCGA-BH-A18G-01A-11D-A12B-09	96	0	0	671	660	0	0	0	0
TCGA-BH-A18H-01A-11D-A12B-09	0	6	0	28	14	0	0	5	0
TCGA-BH-A18I-01A-11D-A12B-09	5	0	0	0	12	0	8	0	0
TCGA-BH-A18J-01A-11D-A12B-09	8	51	0	18	0	0	0	28	0
TCGA-BH-A18K-01A-11D-A12B-09	7	12	0	31	0	0	0	12	0
TCGA-BH-A18L-01A-32D-A12B-09	23	0	0	38	0	0	0	0	0
TCGA-BH-A18M-01A-11D-A12B-09	8	0	0	4	0	0	0	3	0
TCGA-BH-A18N-01A-11D-A12B-09	13	0	0	25	0	0	0	0	0
TCGA-BH-A18P-01A-11D-A12B-09	13	149	0	33	0	0	39	133	0
TCGA-BH-A18Q-01A-12D-A12B-09	3	0	64	22	0	0	0	0	0
TCGA-BH-A18R-01A-11D-A12B-09	4	0	0	30	0	0	0	0	0
TCGA-BH-A18S-01A-11D-A12B-09	5	0	28	0	0	0	0	0	0
TCGA-BH-A18T-01A-11D-A12B-09	10	4	55	6	0	0	0	11	0
TCGA-BH-A18U-01A-21D-A12B-09	21	43	0	57	0	0	0	26	0
TCGA-BH-A18V-01A-11D-A12B-09	9	26	133	0	0	0	0	59	0
TCGA-BH-A1EN-01A-11D-A17G-09	21	0	0	49	0	0	0	0	0
TCGA-BH-A1EO-01A-11D-A135-09	19	0	0	19	0	0	0	0	0
TCGA-BH-A1ES-01A-11D-A135-09	1	0	0	9	0	0	5	0	0
TCGA-BH-A1ET-01A-11D-A135-09	8	0	14	12	0	0	0	0	0
TCGA-BH-A1EU-01A-11D-A135-09	3	0	0	18	0	0	0	0	0
TCGA-BH-A1EV-01A-11D-A135-09	10	21	0	29	0	0	24	25	0
TCGA-BH-A1EW-01A-11D-A135-09	1	0	0	8	0	0	2	0	0
TCGA-BH-A1EX-01A-11D-A13L-09	7	0	0	12	0	0	6	0	0
TCGA-BH-A1EY-01A-11D-A13L-09	9	4	0	19	0	0	8	8	0
TCGA-BH-A1F0-01A-11D-A135-09	8	0	0	60	0	0	0	12	0
TCGA-BH-A1F2-01A-31D-A13L-09	21	9	0	23	0	0	0	5	0
TCGA-BH-A1F5-01A-12D-A13L-09	7	0	28	0	0	0	6	0	0
TCGA-BH-A1F6-01A-11D-A13L-09	14	0	0	34	0	0	0	0	0
TCGA-BH-A1F8-01A-11D-A13L-09	17	66	0	44	0	0	0	46	0
TCGA-BH-A1FC-01A-11D-A13L-09	25	12	44	9	0	0	0	13	0
TCGA-BH-A1FD-01A-11W-A14Q-09	2	0	0	31	8	0	0	0	0
TCGA-BH-A1FE-01A-11D-A13L-09	2	5	15	0	0	0	3	0	0
TCGA-BH-A1FG-01A-11D-A13L-09	9	0	0	17	0	0	0	0	0
TCGA-BH-A1FH-01A-12D-A13L-09	11	0	0	10	0	0	0	0	0
TCGA-BH-A1FJ-01A-11D-A13L-09	16	4	0	15	0	0	0	0	0
TCGA-BH-A1FL-01A-11D-A13L-09	5	0	0	18	0	0	0	0	0
TCGA-BH-A1FM-01A-11D-A13L-09	17	7	0	26	0	0	0	7	0
TCGA-BH-A1FN-01A-11D-A13L-09	6	28	56	7	0	0	0	34	0
TCGA-BH-A1FR-01A-11D-A13L-09	6	0	10	0	0	0	0	0	0
TCGA-BH-A1FU-01A-11D-A14G-09	4	0	50	22	13	0	13	12	0
TCGA-BH-A201-01A-11D-A14K-09	2	0	0	16	0	2	3	0	0
TCGA-BH-A202-01A-11D-A14K-09	7	4	17	0	0	0	0	0	0
TCGA-BH-A203-01A-12D-A167-09	19	7	0	18	20	0	11	8	0
TCGA-BH-A204-01A-11D-A159-09	10	0	24	16	0	0	0	0	0
TCGA-BH-A208-01A-11D-A159-09	10	16	0	35	0	0	0	24	0
TCGA-BH-A209-01A-11D-A17G-09	3	33	0	35	0	0	0	45	0
TCGA-BH-A28Q-01A-11D-A16D-09	5	0	0	9	11	0	0	0	0
TCGA-BH-A2L8-01A-11D-A18P-09	19	251	0	35	0	0	0	238	0
TCGA-BH-A42U-01A-12D-A243-09	3	6	0	4	0	0	0	4	7
TCGA-BH-A42V-01A-11D-A243-09	6	19	0	9	0	0	9	14	0
TCGA-BH-A5IZ-01A-11D-A27P-09	15	0	75	4	0	0	0	0	0
TCGA-BH-A5J0-01A-11D-A27P-09	11	29	0	19	0	0	17	13	0
TCGA-BH-A6R8-01A-21D-A33E-09	12	0	17	3	0	0	7	0	0
TCGA-BH-A6R9-01A-21D-A32I-09	4	0	15	0	0	3	0	0	0
TCGA-BH-A8FY-01A-11D-A36J-09	2	0	31	4	10	0	0	0	0
TCGA-BH-A8FZ-01A-11D-A351-09	5	0	62	4	11	0	0	0	0
TCGA-BH-A8G0-01A-11D-A351-09	7	0	0	16	0	0	0	0	0
TCGA-BH-AB28-01A-31D-A41F-09	10	0	0	26	0	0	0	0	0
TCGA-C8-A12K-01A-21D-A10Y-09	10	11	100	0	0	0	0	38	0
TCGA-C8-A12L-01A-11D-A10Y-09	4	0	57	0	13	0	0	0	0
TCGA-C8-A12M-01A-11D-A135-09	22	0	41	0	0	0	11	0	0
TCGA-C8-A12N-01A-11D-A10Y-09	6	0	0	12	7	0	0	0	0
TCGA-C8-A12O-01A-11D-A10Y-09	19	0	0	20	0	0	0	0	0
TCGA-C8-A12P-01A-11D-A10Y-09	18	50	0	46	0	0	17	53	0
TCGA-C8-A12Q-01A-11D-A10Y-09	8	40	0	27	0	0	17	31	0
TCGA-C8-A12T-01A-11D-A10Y-09	12	70	0	26	0	0	0	80	0
TCGA-C8-A12U-01A-11D-A10Y-09	18	0	0	41	0	0	0	0	0
TCGA-C8-A12V-01A-11D-A10Y-09	7	0	36	5	0	0	0	0	0
TCGA-C8-A12W-01A-11D-A10Y-09	34	0	0	24	0	0	9	0	0
TCGA-C8-A12X-01A-11D-A10Y-09	7	0	0	25	20	0	8	0	0
TCGA-C8-A12Y-01A-11D-A12B-09	10	5	0	12	20	0	0	0	0
TCGA-C8-A12Z-01A-11D-A10Y-09	7	9	0	19	11	0	0	9	0
TCGA-C8-A130-01A-31D-A10Y-09	19	0	0	28	0	0	0	0	0
TCGA-C8-A131-01A-11D-A10Y-09	2	7	0	24	18	0	14	0	0
TCGA-C8-A132-01A-31D-A10Y-09	9	12	0	36	0	0	0	22	0
TCGA-C8-A133-01A-32D-A12B-09	1	0	0	30	0	0	0	0	0
TCGA-C8-A134-01A-11D-A10Y-09	11	0	83	0	0	8	0	0	0
TCGA-C8-A135-01A-11D-A10Y-09	18	4	0	23	19	0	0	8	0
TCGA-C8-A137-01A-11D-A10Y-09	13	12	0	9	0	0	13	11	0
TCGA-C8-A138-01A-11D-A10Y-09	15	0	0	24	0	7	0	0	0
TCGA-C8-A1HE-01A-11D-A188-09	5	19	0	32	0	0	0	8	0
TCGA-C8-A1HF-01A-11D-A135-09	5	6	0	20	0	0	0	6	0
TCGA-C8-A1HG-01A-11D-A135-09	19	5	0	32	0	0	0	0	0
TCGA-C8-A1HI-01A-11D-A135-09	26	7	0	25	0	0	0	0	0
TCGA-C8-A1HJ-01A-11D-A13L-09	7	0	109	1	0	0	0	0	0
TCGA-C8-A1HK-01A-21D-A13L-09	0	5	0	14	13	0	7	23	0
TCGA-C8-A1HL-01A-11D-A135-09	1	0	0	14	13	0	0	0	0
TCGA-C8-A1HM-01A-12D-A135-09	23	114	0	67	0	0	0	221	0
TCGA-C8-A1HN-01A-11D-A135-09	18	0	30	11	0	0	0	0	0
TCGA-C8-A1HO-01A-11D-A13L-09	7	5	17	8	0	0	0	0	0
TCGA-C8-A26V-01A-11D-A16D-09	12	17	0	26	0	0	0	30	0
TCGA-C8-A26W-01A-11D-A16D-09	3	14	0	24	0	0	10	10	0
TCGA-C8-A26X-01A-31D-A16D-09	7	0	0	46	17	0	0	0	0
TCGA-C8-A26Y-01A-11D-A16D-09	29	298	0	141	0	0	0	340	0
TCGA-C8-A26Z-01A-11D-A16D-09	17	0	0	28	0	0	0	0	0
TCGA-C8-A273-01A-11D-A16D-09	10	0	0	8	0	0	0	0	0
TCGA-C8-A274-01A-11D-A16D-09	17	102	0	39	0	0	0	81	0
TCGA-C8-A275-01A-21D-A16D-09	6	29	0	41	0	0	0	45	0
TCGA-C8-A278-01A-11D-A167-09	13	7	0	17	0	0	0	6	0
TCGA-C8-A27A-01A-11D-A167-09	9	0	0	21	0	0	6	0	0
TCGA-C8-A27B-01A-11D-A167-09	8	14	74	0	0	0	0	61	0
TCGA-C8-A3M7-01A-12D-A21Q-09	24	106	0	0	0	0	29	47	0
TCGA-C8-A3M8-01A-11D-A20S-09	16	0	27	10	0	0	0	0	0
TCGA-C8-A8HP-01A-11D-A36J-09	15	85	0	24	0	0	20	97	0
TCGA-C8-A8HQ-01A-11D-A36J-09	21	141	0	17	0	0	36	121	0
TCGA-C8-A8HR-01A-11D-A36J-09	11	0	0	44	0	0	0	0	0
TCGA-C8-A9FZ-01A-11D-A41F-09	4	0	0	1	22	0	0	0	0
TCGA-D8-A13Y-01A-11D-A10Y-09	3	9	0	36	11	0	0	11	0
TCGA-D8-A13Z-01A-11D-A10Y-09	20	0	62	7	0	0	0	12	0
TCGA-D8-A140-01A-11D-A10Y-09	17	20	48	14	26	0	0	0	0
TCGA-D8-A141-01A-11D-A10Y-09	5	0	0	15	0	0	0	0	0
TCGA-D8-A142-01A-11D-A10Y-09	42	0	0	90	0	0	0	14	0
TCGA-D8-A143-01A-11D-A10Y-09	11	0	41	0	0	0	0	0	0
TCGA-D8-A145-01A-11D-A10Y-09	4	0	19	7	13	0	0	0	0
TCGA-D8-A146-01A-31D-A10Y-09	9	5	0	18	0	0	8	0	0
TCGA-D8-A147-01A-11D-A10Y-09	11	19	119	4	0	0	0	33	0
TCGA-D8-A1J8-01A-11D-A13L-09	11	236	0	153	232	0	0	248	0
TCGA-D8-A1J9-01A-11D-A13L-09	13	98	0	30	0	0	0	103	0
TCGA-D8-A1JA-01A-11D-A13L-09	45	337	0	29	0	0	0	662	0
TCGA-D8-A1JB-01A-11D-A13L-09	5	0	30	13	0	0	0	0	0
TCGA-D8-A1JC-01A-11D-A13L-09	15	25	0	28	0	0	12	31	0
TCGA-D8-A1JD-01A-11D-A13L-09	10	8	84	0	0	0	0	5	0
TCGA-D8-A1JE-01A-11D-A13L-09	11	0	14	10	0	0	0	0	0
TCGA-D8-A1JF-01A-11D-A13L-09	4	0	0	26	14	0	0	0	0
TCGA-D8-A1JG-01B-11D-A13L-09	28	0	0	52	0	35	35	0	0
TCGA-D8-A1JH-01A-11D-A188-09	3	0	0	26	0	0	0	0	0
TCGA-D8-A1JI-01A-11D-A13L-09	1	0	0	24	11	0	0	0	0
TCGA-D8-A1JJ-01A-31D-A14K-09	5	23	0	18	16	0	8	11	0
TCGA-D8-A1JK-01A-11D-A13L-09	10	0	0	208	0	0	0	0	0
TCGA-D8-A1JL-01A-11D-A13L-09	9	0	71	41	0	0	0	0	0
TCGA-D8-A1JM-01A-11D-A13L-09	12	0	0	25	0	0	0	0	14
TCGA-D8-A1JN-01A-11D-A13L-09	12	82	0	0	0	0	49	51	0
TCGA-D8-A1JP-01A-11D-A13L-09	2	0	98	20	0	0	0	0	0
TCGA-D8-A1JS-01A-11D-A13L-09	10	0	0	15	0	0	0	0	0
TCGA-D8-A1JT-01A-31D-A13L-09	9	0	0	29	0	0	0	0	0
TCGA-D8-A1JU-01A-11D-A13L-09	5	0	0	12	0	0	0	0	0
TCGA-D8-A1X5-01A-11D-A14G-09	14	4	0	21	0	5	0	0	15
TCGA-D8-A1X6-01A-11D-A14K-09	1	0	0	21	16	0	0	0	0
TCGA-D8-A1X7-01A-11D-A14K-09	8	0	13	9	0	0	0	0	0
TCGA-D8-A1X8-01A-11D-A14K-09	8	0	0	22	0	0	0	0	17
TCGA-D8-A1X9-01A-12D-A159-09	8	0	65	0	0	0	0	0	22
TCGA-D8-A1XA-01A-11D-A14G-09	6	0	0	18	0	0	0	0	0
TCGA-D8-A1XB-01A-11D-A14G-09	8	4	0	25	0	0	0	0	0
TCGA-D8-A1XC-01A-11D-A14G-09	0	0	0	14	16	0	0	0	0
TCGA-D8-A1XF-01A-11D-A14G-09	15	0	0	12	0	0	13	0	15
TCGA-D8-A1XG-01A-11D-A14G-09	0	0	21	0	10	0	0	0	0
TCGA-D8-A1XJ-01A-11D-A14K-09	20	26	0	33	0	0	14	0	0
TCGA-D8-A1XK-01A-21D-A14K-09	114	0	0	1081	0	0	0	0	0
TCGA-D8-A1XL-01A-11D-A14K-09	12	0	63	26	0	0	0	0	0
TCGA-D8-A1XM-01A-21D-A14K-09	14	14	0	16	0	0	13	6	0
TCGA-D8-A1XO-01A-11D-A14K-09	6	5	17	0	0	0	0	0	0
TCGA-D8-A1XQ-01A-11D-A14K-09	198	0	0	734	0	0	0	0	0
TCGA-D8-A1XR-01A-11D-A14K-09	1	0	0	12	13	0	0	0	0
TCGA-D8-A1XS-01A-11D-A14K-09	6	4	0	0	0	0	5	0	10
TCGA-D8-A1XT-01A-11D-A14K-09	8	0	0	28	0	0	0	0	0
TCGA-D8-A1XU-01A-11D-A14K-09	5	6	0	17	0	0	0	0	0
TCGA-D8-A1XV-01A-11D-A14K-09	9	0	0	22	0	0	0	0	0
TCGA-D8-A1XW-01A-11D-A14K-09	12	0	84	18	0	0	0	0	0
TCGA-D8-A1XY-01A-11D-A14K-09	19	5	0	21	12	0	0	0	0
TCGA-D8-A1XZ-01A-11D-A14K-09	15	0	0	28	27	0	0	9	0
TCGA-D8-A1Y0-01A-11D-A14K-09	10	3	53	0	0	0	0	11	0
TCGA-D8-A1Y1-01A-21D-A14K-09	145	20	0	63	0	0	0	0	0
TCGA-D8-A1Y2-01A-11D-A159-09	9	5	0	4	0	0	0	2	0
TCGA-D8-A1Y3-01A-11D-A159-09	21	0	0	40	0	0	0	0	0
TCGA-D8-A27E-01A-11D-A16D-09	0	0	0	9	4	0	0	0	0
TCGA-D8-A27F-01A-11D-A16D-09	8	0	0	44	0	0	0	13	0
TCGA-D8-A27G-01A-11D-A16D-09	27	473	0	73	0	0	0	461	0
TCGA-D8-A27I-01A-11D-A16D-09	9	4	0	20	0	0	0	3	0
TCGA-D8-A27K-01A-11D-A16D-09	4	0	0	18	0	0	0	0	0
TCGA-D8-A27L-01A-11D-A16D-09	7	15	0	20	0	0	0	6	0
TCGA-D8-A27M-01A-11D-A16D-09	3	0	45	0	8	0	8	10	0
TCGA-D8-A27N-01A-11D-A16D-09	18	0	27	7	0	0	0	0	0
TCGA-D8-A27P-01A-11D-A16D-09	1	0	0	13	14	0	0	0	0
TCGA-D8-A27R-01A-11D-A16D-09	5	0	24	0	0	0	5	0	0
TCGA-D8-A27T-01A-11D-A16D-09	11	5	0	13	0	0	0	0	0
TCGA-D8-A27V-01A-12D-A17D-09	11	89	0	46	0	0	0	92	0
TCGA-D8-A27W-01A-11D-A16D-09	22	0	0	23	0	0	0	0	0
TCGA-D8-A3Z6-01A-11D-A23C-09	6	6	0	15	10	0	0	0	0
TCGA-D8-A4Z1-01A-21D-A25Q-09	3	22	0	13	0	0	12	23	0
TCGA-D8-A73U-01A-11D-A33E-09	10	87	0	38	0	0	17	36	0
TCGA-D8-A73W-01A-22D-A351-09	0	0	0	23	23	0	0	0	0
TCGA-D8-A73X-01A-11D-A32I-09	13	5	0	28	0	0	0	0	0
TCGA-E2-A10A-01A-21D-A10Y-09	1	3	0	10	0	0	0	0	7
TCGA-E2-A10C-01A-21D-A10M-09	17	221	0	27	0	0	0	185	0
TCGA-E2-A14N-01A-31D-A135-09	9	0	48	17	0	0	0	8	0
TCGA-E2-A14O-01A-31D-A10Y-09	13	0	0	10	0	0	9	0	0
TCGA-E2-A14P-01A-31D-A12B-09	26	18	0	41	0	0	0	10	0
TCGA-E2-A14Q-01A-11D-A12B-09	9	0	0	25	0	0	0	0	0
TCGA-E2-A14R-01A-11D-A10Y-09	13	0	72	38	0	0	0	15	0
TCGA-E2-A14T-01A-11D-A10Y-09	9	0	0	10	11	0	8	0	0
TCGA-E2-A14V-01A-11D-A12B-09	22	15	29	14	0	0	9	21	0
TCGA-E2-A14W-01A-11D-A12B-09	5	0	60	13	0	0	7	0	0
TCGA-E2-A14X-01A-11D-A10Y-09	18	6	0	14	0	0	0	0	0
TCGA-E2-A14Y-01A-21D-A12B-09	5	11	0	12	0	0	0	13	0
TCGA-E2-A14Z-01A-11D-A10Y-09	7	17	41	4	0	0	10	0	0
TCGA-E2-A150-01A-11D-A12B-09	11	0	32	21	15	0	0	0	0
TCGA-E2-A152-01A-11D-A12B-09	7	47	0	18	0	0	25	56	0
TCGA-E2-A153-01A-12D-A12B-09	13	3	0	8	0	0	0	0	0
TCGA-E2-A154-01A-11D-A10Y-09	22	0	0	0	0	0	11	0	19
TCGA-E2-A155-01A-11D-A12B-09	8	10	0	34	26	0	0	0	0
TCGA-E2-A156-01A-11D-A12B-09	7	0	14	1	0	0	0	0	0
TCGA-E2-A158-01A-11D-A12B-09	10	0	49	22	0	0	0	0	0
TCGA-E2-A159-01A-11D-A10Y-09	8	51	0	29	0	0	0	74	0
TCGA-E2-A15A-01A-11D-A12B-09	13	0	43	0	0	0	0	0	0
TCGA-E2-A15C-01A-31D-A12B-09	14	0	0	28	0	0	0	0	0
TCGA-E2-A15D-01A-11D-A10Y-09	5	0	0	14	8	0	0	0	0
TCGA-E2-A15E-01A-11D-A12B-09	13	0	0	23	0	0	0	5	0
TCGA-E2-A15G-01A-11D-A12B-09	14	0	0	54	0	0	0	0	0
TCGA-E2-A15H-01A-11D-A12B-09	4	0	0	13	17	0	0	0	0
TCGA-E2-A15I-01A-21D-A135-09	9	4	0	8	0	0	0	0	12
TCGA-E2-A15J-01A-11D-A12Q-09	4	0	0	15	7	0	0	0	0
TCGA-E2-A15K-01A-11D-A12Q-09	16	0	0	34	0	0	0	0	0
TCGA-E2-A15L-01A-11D-A12B-09	12	0	0	23	0	0	0	0	0
TCGA-E2-A15M-01A-11D-A12B-09	14	20	0	32	29	0	0	17	0
TCGA-E2-A15O-01A-11D-A10Y-09	10	0	17	8	0	0	0	0	0
TCGA-E2-A15P-01A-11D-A10Y-09	7	0	0	23	0	0	0	0	0
TCGA-E2-A15R-01A-11D-A10Y-09	13	0	0	28	0	0	0	0	0
TCGA-E2-A15S-01A-11D-A10Y-09	8	5	50	0	0	0	0	0	0
TCGA-E2-A15T-01A-11D-A10Y-09	17	0	0	23	0	0	0	0	0
TCGA-E2-A1AZ-01A-11D-A12Q-09	3	7	0	18	0	0	17	20	0
TCGA-E2-A1B0-01A-11D-A12Q-09	11	0	0	37	0	0	8	0	0
TCGA-E2-A1B1-01A-21D-A12Q-09	8	14	0	18	0	0	0	16	0
TCGA-E2-A1B4-01A-11D-A12Q-09	1	5	0	30	0	0	6	0	0
TCGA-E2-A1B5-01A-21D-A12Q-09	8	11	0	15	0	0	0	7	0
TCGA-E2-A1B6-01A-31D-A12Q-09	11	0	35	0	0	0	0	0	0
TCGA-E2-A1BC-01A-11D-A14G-09	6	0	0	19	0	0	0	0	12
TCGA-E2-A1BD-01A-11D-A12Q-09	11	0	0	24	0	0	0	0	0
TCGA-E2-A1IE-01A-11D-A188-09	7	0	0	11	0	0	0	0	10
TCGA-E2-A1IF-01A-11D-A142-09	2	0	0	15	0	0	0	0	0
TCGA-E2-A1IG-01A-11D-A142-09	19	0	27	0	0	0	0	0	0
TCGA-E2-A1IH-01A-11D-A188-09	13	15	0	31	0	0	0	23	0
TCGA-E2-A1II-01A-11D-A142-09	8	0	0	23	0	0	0	0	0
TCGA-E2-A1IJ-01A-11D-A142-09	2	0	0	15	0	0	0	0	0
TCGA-E2-A1IK-01A-11D-A17G-09	4	0	0	0	0	0	12	0	0
TCGA-E2-A1IL-01A-11D-A14G-09	1	0	0	8	7	0	5	0	11
TCGA-E2-A1IN-01A-11D-A13L-09	15	82	0	33	0	0	0	92	0
TCGA-E2-A1IO-01A-11D-A142-09	3	0	0	4	0	0	4	0	0
TCGA-E2-A1IU-01A-11D-A14G-09	2	0	0	19	0	0	10	0	0
TCGA-E2-A1L6-01A-11D-A13L-09	1	0	0	16	0	0	6	0	0
TCGA-E2-A1L7-01A-11D-A142-09	9	0	52	6	0	0	0	0	0
TCGA-E2-A1L8-01A-11D-A13L-09	4	0	0	29	0	0	0	0	0
TCGA-E2-A1L9-01A-11D-A13L-09	6	0	0	9	9	0	4	0	0
TCGA-E2-A1LA-01A-11D-A142-09	7	0	69	24	0	0	0	0	0
TCGA-E2-A1LB-01A-11D-A142-09	6	12	0	18	0	0	6	13	0
TCGA-E2-A1LG-01A-21D-A14K-09	10	48	0	26	0	0	0	93	0
TCGA-E2-A1LH-01A-11D-A14G-09	19	14	133	0	0	0	0	37	0
TCGA-E2-A1LI-01A-12D-A159-09	2	7	0	11	0	0	0	7	0
TCGA-E2-A1LK-01A-21D-A14G-09	30	0	0	16	0	0	7	0	0
TCGA-E2-A1LL-01A-11D-A142-09	7	0	65	0	0	0	0	0	0
TCGA-E2-A1LS-01A-12D-A159-09	10	0	57	3	0	0	0	0	0
TCGA-E2-A2P6-01A-11D-A19Y-09	16	72	0	36	0	0	18	31	0
TCGA-E2-A56Z-01A-12D-A29N-09	15	0	25	6	0	0	7	0	0
TCGA-E2-A570-01A-11D-A29N-09	8	0	0	20	0	0	0	0	0
TCGA-E2-A572-01A-13D-A31U-09	11	0	0	14	0	0	0	0	0
TCGA-E2-A573-01A-11D-A29N-09	11	0	0	59	0	0	0	0	0
TCGA-E2-A574-01A-11D-A29N-09	18	28	0	47	0	0	16	38	0
TCGA-E2-A576-01A-11D-A31U-09	18	0	28	9	0	0	7	0	0
TCGA-E2-A9RU-01A-11D-A41F-09	26	14	36	1	0	4	13	7	0
TCGA-E9-A1N3-01A-12D-A159-09	2	0	22	0	5	3	0	0	0
TCGA-E9-A1N4-01A-11D-A14K-09	7	5	0	6	0	0	8	7	0
TCGA-E9-A1N5-01A-11D-A14G-09	2	6	0	32	0	0	0	3	0
TCGA-E9-A1N8-01A-11D-A142-09	1	0	24	0	0	0	7	0	0
TCGA-E9-A1N9-01A-11D-A14G-09	14	0	0	52	0	0	0	0	0
TCGA-E9-A1NA-01A-11D-A142-09	14	7	59	17	0	0	0	11	0
TCGA-E9-A1NC-01A-12W-A16L-09	9	0	164	45	0	0	0	0	0
TCGA-E9-A1ND-01A-11D-A142-09	23	9	63	2	0	0	0	9	0
TCGA-E9-A1NE-01A-21D-A14K-09	3	0	36	0	7	5	0	0	0
TCGA-E9-A1NF-01A-11D-A14G-09	8	12	22	13	0	0	0	0	0
TCGA-E9-A1NG-01A-21D-A14K-09	3	0	0	18	0	0	0	0	0
TCGA-E9-A1NH-01A-11D-A14G-09	7	0	0	25	0	0	0	0	0
TCGA-E9-A1NI-01A-11W-A16H-09	11	0	125	21	0	0	0	0	0
TCGA-E9-A1QZ-01A-21D-A167-09	7	0	0	2	0	0	0	0	12
TCGA-E9-A1R0-01A-22D-A16D-09	7	6	0	13	7	0	0	5	0
TCGA-E9-A1R2-01A-11D-A14G-09	3	2	39	0	0	0	0	10	0
TCGA-E9-A1R3-01A-31D-A14K-09	4	3	0	18	0	0	0	0	0
TCGA-E9-A1R4-01A-21D-A14G-09	13	43	0	49	0	0	0	41	0
TCGA-E9-A1R5-01A-11D-A14K-09	19	0	0	23	0	0	0	0	0
TCGA-E9-A1R6-01A-11D-A14G-09	9	0	0	16	0	2	5	0	0
TCGA-E9-A1R7-01A-11D-A14K-09	0	7	0	32	14	0	0	3	0
TCGA-E9-A1RA-01A-11D-A14G-09	6	4	0	13	0	0	0	0	0
TCGA-E9-A1RB-01A-11D-A17G-09	0	0	0	15	21	0	0	0	0
TCGA-E9-A1RC-01A-11D-A159-09	18	0	0	32	0	0	0	0	0
TCGA-E9-A1RD-01A-11D-A159-09	2	6	0	6	5	0	0	1	0
TCGA-E9-A1RE-01A-11D-A159-09	15	0	0	26	17	0	0	0	0
TCGA-E9-A1RF-01A-11D-A159-09	24	0	111	22	0	0	0	0	0
TCGA-E9-A1RG-01A-11D-A14G-09	7	0	0	34	0	0	0	0	0
TCGA-E9-A1RH-01A-21D-A167-09	10	0	45	34	18	0	0	0	0
TCGA-E9-A1RI-01A-11D-A167-09	5	2	16	0	0	0	0	0	0
TCGA-E9-A226-01A-21D-A159-09	7	9	0	14	0	0	14	22	0
TCGA-E9-A227-01A-11D-A159-09	1	0	0	15	0	0	0	0	0
TCGA-E9-A228-01A-31D-A159-09	16	11	0	20	0	0	0	5	0
TCGA-E9-A229-01A-31D-A17G-09	8	1	0	16	0	0	0	4	0
TCGA-E9-A22A-01A-11D-A159-09	7	7	0	11	0	0	0	7	0
TCGA-E9-A22B-01A-11D-A159-09	18	9	0	39	0	0	0	5	0
TCGA-E9-A22D-01A-11D-A159-09	11	0	0	9	0	0	3	0	0
TCGA-E9-A22E-01A-11D-A159-09	11	12	99	0	0	0	0	22	0
TCGA-E9-A22G-01A-11D-A159-09	2	0	72	31	0	0	0	0	0
TCGA-E9-A22H-01A-11D-A159-09	10	0	0	16	0	0	0	0	0
TCGA-E9-A243-01A-21D-A167-09	9	6	59	0	0	0	0	9	0
TCGA-E9-A244-01A-11D-A167-09	20	0	75	6	0	0	0	0	0
TCGA-E9-A245-01A-22D-A16D-09	2	0	0	30	0	0	0	0	0
TCGA-E9-A247-01A-11D-A167-09	8	0	0	13	26	0	0	7	0
TCGA-E9-A248-01A-11D-A167-09	18	5	0	0	0	0	0	0	0
TCGA-E9-A249-01A-11D-A167-09	5	0	0	7	12	0	0	0	0
TCGA-E9-A24A-01A-11D-A167-09	6	0	0	12	0	3	0	0	0
TCGA-E9-A295-01A-11D-A16D-09	25	0	0	34	0	0	0	0	32
TCGA-E9-A2JS-01A-11D-A17W-09	20	0	0	21	0	0	9	0	24
TCGA-E9-A2JT-01A-22D-A18P-09	2	11	0	1	0	0	0	8	0
TCGA-E9-A3HO-01A-11D-A20S-09	4	0	49	15	0	0	0	0	0
TCGA-E9-A3QA-01A-61D-A228-09	3	11	36	9	0	0	0	15	0
TCGA-E9-A3X8-01A-31D-A22X-09	4	0	0	24	0	0	0	7	0
TCGA-E9-A54Y-01A-11D-A25Q-09	13	6	0	33	0	0	0	0	0
TCGA-E9-A5FK-01A-11D-A27P-09	5	0	0	24	0	0	0	0	0
TCGA-E9-A5FL-01A-11D-A27P-09	8	6	88	0	13	0	0	15	0
TCGA-E9-A5UO-01A-11D-A28B-09	10	0	0	24	0	0	0	0	0
TCGA-E9-A6HE-01A-11D-A31U-09	6	0	0	7	8	0	0	0	0
TCGA-EW-A1IW-01A-11D-A13L-09	16	37	0	33	0	0	0	24	0
TCGA-EW-A1IX-01A-12D-A142-09	1	12	0	18	0	0	0	17	0
TCGA-EW-A1IY-01A-11D-A188-09	1	9	0	7	0	0	15	3	0
TCGA-EW-A1IZ-01A-11D-A188-09	88	0	0	188	124	0	0	0	0
TCGA-EW-A1J1-01A-11D-A188-09	8	0	0	8	0	0	7	0	0
TCGA-EW-A1J2-01A-21D-A13L-09	7	3	0	18	0	0	0	0	0
TCGA-EW-A1J3-01A-11D-A13L-09	6	0	0	22	0	0	0	0	0
TCGA-EW-A1J5-01A-11D-A13L-09	19	234	0	39	0	0	0	194	0
TCGA-EW-A1J6-01A-11D-A188-09	11	0	0	31	0	0	0	0	0
TCGA-EW-A1OV-01A-11D-A142-09	12	69	0	16	0	0	0	35	0
TCGA-EW-A1OX-01A-11D-A142-09	5	0	0	25	0	0	0	7	0
TCGA-EW-A1OY-01A-11D-A142-09	25	0	0	43	0	0	0	0	0
TCGA-EW-A1OZ-01A-11D-A142-09	23	0	0	47	0	0	0	0	0
TCGA-EW-A1P0-01A-11D-A142-09	3	0	16	2	0	0	0	0	0
TCGA-EW-A1P1-01A-31D-A14G-09	2	0	25	0	0	0	0	0	0
TCGA-EW-A1P3-01A-11D-A142-09	5	0	0	24	0	0	0	0	0
TCGA-EW-A1P4-01A-21D-A142-09	9	0	0	57	0	0	0	9	0
TCGA-EW-A1P5-01A-11D-A142-09	13	0	0	9	0	0	0	0	0
TCGA-EW-A1P6-01A-11D-A142-09	8	0	0	20	0	0	0	0	0
TCGA-EW-A1P7-01A-21D-A142-09	0	0	17	0	5	0	0	0	0
TCGA-EW-A1P8-01A-11D-A142-09	5	0	26	17	0	0	0	0	0
TCGA-EW-A1PA-01A-11D-A142-09	4	4	26	0	0	0	10	0	0
TCGA-EW-A1PB-01A-11D-A142-09	8	25	79	0	0	0	0	46	0
TCGA-EW-A1PD-01A-11D-A142-09	5	8	64	1	0	0	0	10	0
TCGA-EW-A1PE-01A-11D-A142-09	1	10	0	7	16	0	0	0	0
TCGA-EW-A1PG-01A-11D-A142-09	3	0	0	4	0	0	8	0	0
TCGA-EW-A1PH-01A-11D-A14K-09	9	0	0	29	11	0	0	0	0
TCGA-EW-A2FR-01A-11D-A21Q-09	10	6	0	26	0	0	0	8	0
TCGA-EW-A2FS-01A-11D-A17D-09	8	0	0	36	0	0	0	0	0
TCGA-EW-A2FV-01A-11D-A17D-09	7	0	0	24	0	0	5	0	0
TCGA-EW-A2FW-01A-11D-A17D-09	11	0	0	14	0	0	0	0	0
TCGA-EW-A423-01A-11D-A243-09	19	6	0	39	0	0	0	9	0
TCGA-EW-A6S9-01A-22D-A33E-09	9	0	0	17	0	0	0	0	0
TCGA-EW-A6SA-01A-21D-A32I-09	27	9	47	24	0	0	0	0	0
TCGA-EW-A6SB-01A-12D-A32I-09	22	0	0	51	0	0	0	0	0
TCGA-EW-A6SC-01A-12D-A32I-09	7	4	0	22	0	0	0	0	0
TCGA-EW-A6SD-01A-12D-A33E-09	12	16	0	19	0	0	0	19	0
TCGA-GI-A2C8-01A-11D-A16D-09	16	4	95	3	0	0	0	11	0
TCGA-GM-A2D9-01A-11D-A18P-09	20	269	0	38	0	0	41	197	0
TCGA-GM-A2DA-01A-11D-A18P-09	14	4	0	16	0	0	0	5	0
TCGA-GM-A2DB-01A-31D-A19Y-09	26	0	91	6	0	0	0	0	0
TCGA-GM-A2DC-01A-11D-A18P-09	15	0	0	10	0	0	0	0	0
TCGA-GM-A2DD-01A-11D-A17W-09	1	0	29	18	18	0	0	0	0
TCGA-GM-A2DF-01A-11D-A17W-09	9	0	38	0	0	0	0	0	0
TCGA-GM-A2DH-01A-11D-A17W-09	17	33	85	8	0	0	0	66	0
TCGA-GM-A2DI-01A-31D-A18P-09	7	29	0	4	0	0	10	21	0
TCGA-GM-A2DK-01A-21D-A17W-09	7	0	0	23	0	0	0	0	0
TCGA-GM-A2DL-01A-11D-A18P-09	8	8	0	14	0	0	0	5	15
TCGA-GM-A2DM-01A-11D-A17W-09	1	0	0	19	0	0	3	0	0
TCGA-GM-A2DN-01A-11D-A17W-09	4	0	0	17	0	0	0	0	0
TCGA-GM-A2DO-01A-11D-A19Y-09	3	82	0	25	0	0	24	77	0
TCGA-GM-A3NW-01A-21D-A228-09	11	29	0	13	15	0	0	23	0
TCGA-GM-A3XL-01A-11D-A22X-09	8	10	70	17	0	0	0	28	0
TCGA-GM-A4E0-01A-12D-A25Q-09	9	0	0	17	0	0	0	0	12
TCGA-GM-A5PV-01A-11D-A28B-09	6	8	17	9	0	0	0	0	0
TCGA-GM-A5PX-01A-12D-A28B-09	5	4	0	24	0	0	0	2	0
TCGA-HN-A2NL-01A-11D-A18P-09	8	0	0	58	0	0	0	0	19
TCGA-HN-A2OB-01A-21D-A27P-09	9	0	0	11	0	0	0	0	0
TCGA-JL-A3YX-01A-11D-A22X-09	2	14	0	13	8	0	0	6	0
TCGA-LD-A66U-01A-11D-A31U-09	3	0	0	16	15	0	0	0	0
TCGA-LD-A74U-01A-13D-A33E-09	28	149	0	52	0	0	0	94	0
TCGA-LD-A7W5-01A-22D-A351-09	18	7	0	25	0	0	0	5	0
TCGA-LD-A7W6-01A-81D-A351-09	12	6	0	28	0	0	0	0	0
TCGA-LD-A9QF-01A-32D-A41F-09	17	0	0	17	0	0	0	0	0
TCGA-LL-A440-01A-11D-A243-09	4	0	0	7	0	0	0	0	0
TCGA-LL-A50Y-01A-11D-A25Q-09	12	0	0	31	0	0	0	0	0
TCGA-LL-A5YL-01A-12D-A29N-09	17	22	0	26	0	0	14	8	0
TCGA-LL-A5YM-01A-11D-A28B-09	9	0	0	24	0	0	0	0	0
TCGA-LL-A5YN-01A-11D-A28B-09	7	0	0	29	0	0	0	0	0
TCGA-LL-A5YO-01A-21D-A28B-09	2	3	29	9	0	0	0	12	0
TCGA-LL-A5YP-01A-21D-A28B-09	6	8	80	0	0	0	0	0	0
TCGA-LL-A6FP-01A-11D-A31U-09	7	9	0	49	0	0	11	0	0
TCGA-LL-A6FQ-01A-11D-A31U-09	16	0	0	35	0	0	0	0	0
TCGA-LL-A6FR-01A-12D-A31U-09	11	0	0	33	0	0	0	0	0
TCGA-LL-A73Y-01A-11D-A33E-09	12	33	0	47	0	0	0	81	0
TCGA-LL-A73Z-01A-11D-A32I-09	3	0	29	9	17	0	0	0	0
TCGA-LL-A740-01A-21D-A32I-09	9	0	0	52	0	0	0	0	0
TCGA-LL-A7SZ-01A-32D-A351-09	19	5	0	34	0	0	0	0	0
TCGA-LL-A7T0-01A-31D-A351-09	19	0	0	33	0	0	0	0	17
TCGA-LL-A8F5-01A-11D-A36J-09	22	0	116	52	0	0	0	0	0
TCGA-LL-A9Q3-01A-11D-A41F-09	8	9	0	26	19	0	0	0	0
TCGA-OK-A5Q2-01A-11D-A27P-09	13	0	0	14	0	0	11	0	0
TCGA-OL-A5D6-01A-21D-A27P-09	16	6	31	0	0	0	0	0	0
TCGA-OL-A5D7-01A-11D-A27P-09	6	5	41	0	10	0	0	7	0
TCGA-OL-A5D8-01A-11D-A27P-09	7	0	0	26	0	0	0	0	0
TCGA-OL-A5DA-01A-11D-A27P-09	11	24	0	21	0	0	14	27	0
TCGA-OL-A5RU-01A-11D-A28B-09	7	0	0	21	13	0	0	0	0
TCGA-OL-A5RV-01A-12D-A28B-09	8	0	0	10	0	0	0	0	0
TCGA-OL-A5RW-01A-11D-A28B-09	8	38	97	22	0	0	0	73	0
TCGA-OL-A5RX-01A-11D-A28B-09	1	0	0	13	19	0	0	0	0
TCGA-OL-A5RY-01A-21D-A28B-09	2	0	0	6	8	0	0	0	0
TCGA-OL-A5RZ-01A-11D-A28B-09	31	11	75	0	0	0	13	0	0
TCGA-OL-A5S0-01A-11D-A28B-09	6	0	0	21	11	0	0	0	0
TCGA-OL-A66H-01A-11D-A29N-09	2	0	0	10	10	0	0	0	0
TCGA-OL-A66I-01A-21D-A29N-09	11	0	0	33	0	0	0	0	0
TCGA-OL-A66J-01A-11D-A29N-09	18	8	21	13	0	0	0	0	0
TCGA-OL-A66K-01A-11D-A29N-09	6	0	0	17	20	0	0	0	0
TCGA-OL-A66L-01A-12D-A31U-09	4	37	0	12	0	0	10	22	0
TCGA-OL-A66N-01A-12D-A31U-09	19	0	0	27	0	0	0	0	0
TCGA-OL-A66O-01A-11D-A31U-09	9	0	18	0	0	0	0	0	0
TCGA-OL-A66P-01A-11D-A31U-09	10	0	0	88	0	0	0	0	0
TCGA-OL-A6VO-01A-12D-A33E-09	14	0	0	19	0	0	0	0	0
TCGA-OL-A6VQ-01A-12D-A41F-09	6	25	0	5	0	0	0	10	42
TCGA-OL-A6VR-01A-32D-A33E-09	3	0	0	2	7	0	0	0	0
TCGA-OL-A97C-01A-32D-A41F-09	7	0	0	45	15	0	0	0	0
TCGA-PE-A5DC-01A-12D-A27P-09	9	0	95	13	19	0	0	0	0
TCGA-PE-A5DD-01A-12D-A27P-09	10	19	0	33	0	0	0	9	0
TCGA-PE-A5DE-01A-11D-A27P-09	20	294	0	14	0	0	113	185	0
TCGA-PL-A8LV-01A-21D-A41F-09	11	14	63	30	0	0	0	23	0
TCGA-PL-A8LX-01A-11D-A41F-09	3	0	0	20	20	0	0	0	0
TCGA-PL-A8LY-01A-11D-A41F-09	2	0	0	0	0	0	0	0	4
TCGA-PL-A8LZ-01A-31D-A36J-09	5	12	57	4	0	0	10	0	33
TCGA-S3-A6ZF-01A-32D-A32I-09	16	0	0	25	0	0	0	0	0
TCGA-S3-A6ZG-01A-22D-A32I-09	13	0	0	27	0	0	9	0	0
TCGA-S3-A6ZH-01A-22D-A32I-09	8	0	0	11	14	0	8	0	0
TCGA-S3-AA0Z-01A-11D-A41F-09	6	11	0	33	14	0	0	10	0
TCGA-S3-AA10-01A-21D-A41F-09	3	0	0	92	0	0	0	0	72
TCGA-S3-AA11-01A-31D-A41F-09	4	0	31	31	0	0	0	0	24
TCGA-S3-AA12-01A-11D-A41F-09	11	0	24	18	0	0	0	0	0
TCGA-S3-AA14-01A-11D-A41F-09	9	3	0	9	0	0	0	3	0
TCGA-S3-AA15-01A-11D-A41F-09	4	14	0	0	0	0	10	26	0
TCGA-S3-AA17-01A-11D-A41F-09	19	7	80	37	0	0	0	0	0
TCGA-UL-AAZ6-01A-11D-A41F-09	9	11	89	0	17	0	0	0	0
TCGA-UU-A93S-01A-21D-A41F-09	6	0	70	31	25	0	0	0	49
TCGA-V7-A7HQ-01A-11D-A33E-09	1	0	0	19	0	0	0	5	0
TCGA-W8-A86G-01A-21D-A36J-09	11	0	19	0	0	0	0	0	0
TCGA-WT-AB41-01A-11D-A41F-09	11	21	0	22	0	0	0	0	0
TCGA-WT-AB44-01A-11D-A41F-09	10	0	0	19	19	0	0	0	0
TCGA-XX-A899-01A-11D-A36J-09	2	8	0	14	0	0	12	10	0
TCGA-XX-A89A-01A-11D-A36J-09	16	58	0	26	0	0	26	98	0
TCGA-Z7-A8R5-01A-42D-A41F-09	23	0	0	11	0	0	0	0	0
TCGA-Z7-A8R6-01A-11D-A41F-09	0	33	0	0	31	0	13	19	0
