Samples	SBS96A	SBS96B	SBS96C	SBS96D	SBS96E	SBS96F	SBS96G	SBS96H	SBS96I	SBS96J	SBS96K	SBS96L	SBS96M
TCGA-3C-AAAU-01A-11D-A41F-09	0	0	0	19	14	0	0	13	0	0	0	0	0
TCGA-3C-AALI-01A-11D-A41F-09	217	288	116	0	0	0	86	82	0	0	0	0	0
TCGA-3C-AALJ-01A-31D-A41F-09	0	0	19	0	0	31	4	0	0	0	0	0	0
TCGA-3C-AALK-01A-11D-A41F-09	7	5	0	19	0	0	0	0	13	19	0	0	0
TCGA-4H-AAAK-01A-12D-A41F-09	0	0	0	11	0	0	8	0	6	0	0	0	8
TCGA-5L-AAT0-01A-12D-A41F-09	75	47	39	0	0	0	19	77	0	0	0	0	0
TCGA-5L-AAT1-01A-12D-A41F-09	614	529	327	0	0	0	140	326	0	0	0	0	0
TCGA-5T-A9QA-01A-11D-A41F-09	0	0	0	22	0	0	0	11	0	0	0	0	31
TCGA-A1-A0SD-01A-11D-A10Y-09	0	0	0	5	0	34	0	0	0	0	0	0	0
TCGA-A1-A0SE-01A-11D-A099-09	0	0	0	3	0	0	4	13	0	0	0	12	0
TCGA-A1-A0SF-01A-11D-A142-09	22	4	0	9	0	0	0	19	0	0	0	0	0
TCGA-A1-A0SG-01A-11D-A142-09	0	0	0	11	0	0	8	9	0	0	0	0	0
TCGA-A1-A0SH-01A-11D-A099-09	29	26	27	0	0	0	0	24	0	20	0	0	0
TCGA-A1-A0SI-01A-11D-A142-09	64	88	64	0	0	0	15	28	0	0	0	0	0
TCGA-A1-A0SJ-01A-11D-A099-09	3	0	0	14	0	0	0	5	0	0	0	0	6
TCGA-A1-A0SK-01A-12D-A099-09	0	0	9	0	0	46	4	0	0	0	24	0	0
TCGA-A1-A0SM-01A-11D-A099-09	0	0	0	8	0	0	7	0	0	0	0	23	0
TCGA-A1-A0SN-01A-11D-A142-09	4	17	0	14	0	0	8	10	0	0	0	30	0
TCGA-A1-A0SO-01A-22D-A099-09	16	16	0	0	0	76	0	0	48	60	80	0	73
TCGA-A1-A0SP-01A-11D-A099-09	0	0	0	15	0	0	0	8	14	0	13	0	7
TCGA-A1-A0SQ-01A-21D-A142-09	3	0	5	17	0	0	3	6	0	0	0	0	0
TCGA-A2-A04N-01A-11D-A10Y-09	5	0	0	10	0	0	10	0	8	0	0	20	0
TCGA-A2-A04P-01A-31D-A128-09	0	8	26	10	0	0	0	0	14	0	52	35	17
TCGA-A2-A04Q-01A-21W-A050-09	0	4	0	8	0	0	0	9	9	10	13	0	10
TCGA-A2-A04R-01A-41D-A117-09	0	8	0	11	0	0	0	0	10	19	28	0	22
TCGA-A2-A04T-01A-21W-A050-09	7	8	0	0	0	33	0	0	13	0	37	0	18
TCGA-A2-A04U-01A-11D-A10Y-09	0	0	8	0	0	36	6	0	0	0	13	0	0
TCGA-A2-A04V-01A-21W-A050-09	4	0	0	0	0	35	3	0	6	0	0	0	0
TCGA-A2-A04W-01A-31D-A10Y-09	35	45	66	0	0	0	16	20	0	0	0	0	0
TCGA-A2-A04X-01A-21W-A050-09	18	14	0	9	0	0	0	7	0	0	0	0	0
TCGA-A2-A04Y-01A-21W-A050-09	4	0	13	0	0	22	7	0	0	0	0	0	13
TCGA-A2-A0CK-01A-11D-A228-09	3	0	0	10	0	7	0	3	0	0	0	0	5
TCGA-A2-A0CL-01A-11D-A10Y-09	45	49	22	0	0	28	11	11	0	0	0	0	0
TCGA-A2-A0CM-01A-31W-A050-09	12	14	0	0	0	0	0	15	11	0	0	19	10
TCGA-A2-A0CP-01A-11W-A050-09	0	0	0	0	0	0	0	0	32	0	0	96	28
TCGA-A2-A0CQ-01A-21W-A050-09	0	0	0	13	0	0	0	0	18	9	20	0	0
TCGA-A2-A0CR-01A-11D-A228-09	81	80	0	0	0	0	10	28	0	0	0	0	0
TCGA-A2-A0CS-01A-11D-A10Y-09	0	0	0	19	0	0	0	0	0	0	0	30	0
TCGA-A2-A0CT-01A-31W-A071-09	22	17	0	19	0	39	11	24	0	0	0	0	0
TCGA-A2-A0CU-01A-12W-A050-09	5	4	0	9	0	0	3	0	19	0	0	23	0
TCGA-A2-A0CV-01A-31D-A10Y-09	0	0	0	13	0	0	4	0	0	0	0	0	6
TCGA-A2-A0CW-01A-21D-A10Y-09	18	7	0	0	0	38	6	0	0	0	0	0	0
TCGA-A2-A0CX-01A-21W-A019-09	140	89	53	0	0	0	31	54	0	0	0	0	0
TCGA-A2-A0D0-01A-11W-A019-09	0	13	0	11	0	0	4	0	11	0	28	26	0
TCGA-A2-A0D1-01A-11W-A050-09	13	8	0	0	24	40	6	0	0	0	23	0	0
TCGA-A2-A0D2-01A-21W-A050-09	0	15	0	0	22	0	0	11	15	0	45	0	0
TCGA-A2-A0D3-01A-11D-A10Y-09	0	0	0	29	0	0	4	0	0	0	0	0	0
TCGA-A2-A0D4-01A-11W-A019-09	0	0	12	6	0	0	4	0	0	0	0	21	0
TCGA-A2-A0EM-01A-11W-A050-09	0	0	0	6	0	0	0	7	9	0	0	26	0
TCGA-A2-A0EN-01A-13D-A099-09	0	0	0	0	0	31	6	0	0	0	0	0	0
TCGA-A2-A0EO-01A-11W-A050-09	5	0	0	0	0	17	0	0	8	0	0	21	0
TCGA-A2-A0EP-01A-52D-A22X-09	0	4	0	0	3	4	0	7	0	0	0	0	0
TCGA-A2-A0EQ-01A-11W-A050-09	61	109	99	0	0	0	0	36	0	0	0	0	0
TCGA-A2-A0ER-01A-21W-A050-09	0	0	0	12	13	0	0	0	0	0	23	0	0
TCGA-A2-A0ES-01A-11D-A10Y-09	0	0	0	4	0	0	0	4	4	0	0	0	0
TCGA-A2-A0ET-01A-31D-A045-09	0	0	8	22	0	0	8	10	0	0	0	0	12
TCGA-A2-A0EU-01A-22W-A071-09	4	0	0	16	0	27	5	0	0	0	0	0	0
TCGA-A2-A0EV-01A-11W-A050-09	0	0	0	17	0	0	18	25	21	0	0	0	0
TCGA-A2-A0EW-01A-21D-A10Y-09	0	0	0	6	8	0	4	0	0	0	0	0	0
TCGA-A2-A0EX-01A-21W-A050-09	4	0	0	0	0	24	0	0	8	0	0	0	0
TCGA-A2-A0EY-01A-11W-A050-09	107	59	0	0	0	58	40	46	0	0	0	0	0
TCGA-A2-A0ST-01A-12D-A099-09	1	2	0	0	4	10	0	4	0	0	0	0	0
TCGA-A2-A0SU-01A-11D-A099-09	0	0	0	9	0	0	0	0	10	0	0	15	0
TCGA-A2-A0SV-01A-11D-A099-09	0	0	0	9	0	13	4	0	15	0	0	0	0
TCGA-A2-A0SW-01A-11D-A099-09	6	6	0	0	12	27	0	12	0	0	0	0	0
TCGA-A2-A0SX-01A-12D-A099-09	8	0	0	11	0	0	0	0	0	23	0	0	0
TCGA-A2-A0SY-01A-31D-A099-09	41	55	0	0	0	23	17	26	0	0	0	0	0
TCGA-A2-A0T0-01A-22D-A099-09	9	16	0	13	34	0	0	0	17	23	68	0	30
TCGA-A2-A0T1-01A-21D-A099-09	0	0	0	0	7	17	4	0	0	0	0	0	0
TCGA-A2-A0T2-01A-11W-A097-09	3	0	0	0	7	16	0	0	0	0	11	0	0
TCGA-A2-A0T3-01A-21D-A10Y-09	0	0	8	16	0	0	0	0	0	0	0	0	15
TCGA-A2-A0T4-01A-31D-A099-09	3	0	0	10	0	0	0	0	6	0	14	0	0
TCGA-A2-A0T5-01A-21D-A099-09	1	0	0	5	0	0	0	0	0	0	0	8	0
TCGA-A2-A0T6-01A-11D-A099-09	3	0	0	9	0	11	2	0	0	0	0	0	0
TCGA-A2-A0T7-01A-21D-A099-09	2	0	0	9	0	8	2	0	0	0	0	0	0
TCGA-A2-A0YC-01A-11D-A117-09	5	0	0	8	0	0	0	0	0	0	15	0	0
TCGA-A2-A0YD-01A-11D-A10G-09	20	12	15	0	0	17	18	10	0	0	0	0	0
TCGA-A2-A0YE-01A-11D-A10G-09	5	0	0	12	0	0	0	6	0	9	0	0	8
TCGA-A2-A0YF-01A-21D-A10G-09	0	0	0	6	0	0	0	0	0	20	0	12	0
TCGA-A2-A0YG-01A-21D-A10G-09	4	0	0	8	0	26	6	9	15	0	0	0	0
TCGA-A2-A0YH-01A-11D-A10G-09	13	22	15	0	0	35	6	10	0	0	0	0	0
TCGA-A2-A0YI-01A-31D-A10M-09	0	1	0	0	0	5	1	3	0	0	0	0	3
TCGA-A2-A0YJ-01A-11D-A10G-09	0	6	0	22	0	0	7	0	15	0	36	0	0
TCGA-A2-A0YK-01A-22D-A117-09	162	171	58	0	0	0	25	51	0	0	0	0	0
TCGA-A2-A0YL-01A-21D-A10G-09	13	8	0	0	0	16	0	10	0	0	0	0	0
TCGA-A2-A0YM-01A-11D-A10G-09	14	10	31	28	0	0	12	0	0	0	0	0	0
TCGA-A2-A0YT-01A-11D-A10G-09	6	0	0	26	0	0	18	0	0	0	24	0	0
TCGA-A2-A1FV-01A-11D-A13L-09	7	0	0	11	0	18	0	0	6	0	0	0	0
TCGA-A2-A1FW-01A-11D-A13L-09	0	0	0	11	19	37	9	12	0	0	0	0	0
TCGA-A2-A1FX-01A-11D-A13L-09	0	0	0	6	0	0	3	5	0	13	0	0	0
TCGA-A2-A1FZ-01A-51D-A17G-09	0	0	0	0	9	16	0	3	0	0	0	0	0
TCGA-A2-A1G0-01A-11D-A13L-09	5	0	0	0	0	12	0	0	6	0	0	0	0
TCGA-A2-A1G1-01A-21D-A13L-09	2	0	0	0	0	23	0	0	0	0	14	0	0
TCGA-A2-A1G4-01A-11D-A13L-09	6	0	0	0	0	26	0	0	0	0	0	0	0
TCGA-A2-A1G6-01A-11D-A13L-09	0	2	0	0	0	0	0	0	0	0	7	0	0
TCGA-A2-A259-01A-11D-A16D-09	4	0	0	0	0	12	0	0	5	0	0	0	0
TCGA-A2-A25A-01A-12D-A16D-09	30	25	0	0	0	0	0	0	0	119	0	0	324
TCGA-A2-A25B-01A-11D-A167-09	0	0	15	11	0	0	9	16	18	0	34	0	21
TCGA-A2-A25C-01A-11D-A167-09	0	0	0	0	12	0	0	10	0	19	0	0	0
TCGA-A2-A25D-01A-12D-A16D-09	6	5	0	0	0	28	0	7	14	0	0	0	0
TCGA-A2-A25E-01A-11D-A167-09	5	0	11	5	0	0	0	0	8	0	26	0	8
TCGA-A2-A25F-01A-11D-A167-09	0	0	0	0	0	0	0	0	0	0	0	7	0
TCGA-A2-A3KD-01A-12D-A20S-09	0	0	0	9	0	0	0	6	4	0	0	0	0
TCGA-A2-A3XT-01A-11D-A22X-09	5	19	21	0	0	25	0	0	0	18	31	0	0
TCGA-A2-A3XU-01A-12D-A22X-09	0	0	0	21	0	0	0	0	0	11	0	0	0
TCGA-A2-A3XV-01A-21D-A23C-09	0	0	0	11	0	0	5	0	14	0	0	18	0
TCGA-A2-A3XW-01A-11D-A23C-09	3	0	0	6	0	0	5	0	0	0	0	0	0
TCGA-A2-A3XX-01A-21D-A23C-09	3	0	0	10	0	0	7	0	9	0	19	0	9
TCGA-A2-A3XZ-01A-42D-A23C-09	8	11	9	11	0	0	7	8	0	0	0	0	0
TCGA-A2-A3Y0-01A-11D-A23C-09	12	45	0	22	34	0	0	0	36	0	80	0	22
TCGA-A2-A4S1-01A-21D-A25Q-09	4	6	0	19	0	0	0	0	0	17	0	38	12
TCGA-A2-A4S2-01A-12D-A25Q-09	6	0	0	0	0	22	0	0	6	0	0	0	6
TCGA-A2-A4S3-01A-21D-A25Q-09	7	0	31	0	0	43	0	0	0	28	0	0	0
TCGA-A7-A0CD-01A-11W-A019-09	0	0	0	10	0	24	0	0	6	0	0	0	0
TCGA-A7-A0CE-01A-11W-A019-09	0	15	0	10	0	0	12	23	0	0	45	66	0
TCGA-A7-A0CG-01A-11W-A019-09	18	6	0	26	0	0	8	0	0	0	21	0	0
TCGA-A7-A0CJ-01A-21W-A019-09	5	0	0	10	16	22	5	0	19	0	0	0	18
TCGA-A7-A0D9-01A-31W-A071-09	7	0	0	8	0	0	0	0	0	11	0	0	0
TCGA-A7-A0DA-01A-31D-A10Y-09	8	11	0	11	0	0	7	0	15	0	60	30	26
TCGA-A7-A0DB-01A-11D-A272-09	12	10	0	7	0	17	0	0	0	11	0	0	0
TCGA-A7-A13D-01A-13D-A272-09	0	10	30	0	0	25	6	12	0	0	54	0	0
TCGA-A7-A13E-01A-11D-A272-09	0	0	11	0	0	20	0	10	0	0	0	0	0
TCGA-A7-A13F-01A-11D-A12Q-09	0	0	8	9	0	11	7	6	0	0	0	0	0
TCGA-A7-A13G-01A-11D-A13L-09	10	0	0	9	0	0	0	0	11	0	0	0	0
TCGA-A7-A26E-01A-11D-A272-09	20	0	0	10	0	24	11	0	0	0	0	0	0
TCGA-A7-A26F-01A-21D-A167-09	3	0	0	0	0	43	5	0	0	0	0	0	0
TCGA-A7-A26G-01A-21D-A167-09	12	0	24	7	0	0	0	0	11	0	0	0	16
TCGA-A7-A26H-01A-11D-A167-09	31	39	0	18	0	29	0	26	0	0	0	0	0
TCGA-A7-A26I-01A-11D-A167-09	7	0	0	0	0	17	3	5	0	0	14	0	0
TCGA-A7-A26J-01A-11D-A272-09	0	0	0	0	0	28	0	12	0	0	0	0	0
TCGA-A7-A2KD-01A-31D-A21Q-09	6	0	0	19	0	17	0	0	0	13	0	0	0
TCGA-A7-A3RF-01A-11D-A228-09	0	0	0	0	0	16	0	0	7	0	0	15	0
TCGA-A7-A425-01A-11D-A243-09	0	0	0	0	0	35	0	5	0	0	0	0	0
TCGA-A7-A4SC-01A-12D-A25Q-09	0	0	0	13	0	0	5	7	0	0	0	0	11
TCGA-A7-A4SD-01A-11D-A25Q-09	0	0	15	32	0	0	6	0	11	0	0	0	0
TCGA-A7-A4SE-01A-11D-A25Q-09	16	33	0	0	0	21	0	0	19	0	41	0	19
TCGA-A7-A56D-01A-11D-A27P-09	58	42	0	36	0	0	20	35	0	0	0	0	0
TCGA-A7-A5ZW-01A-12D-A29N-09	5	5	0	0	8	15	3	0	0	0	0	0	0
TCGA-A7-A5ZX-01A-12D-A29N-09	3	0	0	5	0	0	5	10	0	0	0	10	6
TCGA-A7-A6VV-01A-22D-A33E-09	4	5	10	15	0	0	0	0	15	13	0	0	0
TCGA-A7-A6VW-01A-21D-A33E-09	4	4	0	0	0	26	3	0	9	0	0	29	10
TCGA-A7-A6VX-01A-12D-A33E-09	28	0	37	0	0	0	0	16	19	0	67	0	29
TCGA-A7-A6VY-01A-12D-A33E-09	0	15	26	15	0	0	7	20	0	0	55	0	0
TCGA-A8-A06O-01A-11W-A019-09	0	0	0	24	0	53	0	0	0	14	0	0	0
TCGA-A8-A06P-01A-11W-A019-09	10	0	9	11	21	0	0	0	0	0	0	23	11
TCGA-A8-A06Q-01A-11W-A050-09	107	73	49	0	0	0	27	56	0	0	0	0	0
TCGA-A8-A06R-01A-11D-A015-09	5	0	0	16	11	18	0	7	9	0	0	0	0
TCGA-A8-A06T-01A-11W-A019-09	0	0	10	0	11	0	0	0	10	0	0	0	6
TCGA-A8-A06U-01A-11W-A019-09	5	0	18	12	26	18	0	0	10	0	0	0	0
TCGA-A8-A06X-01A-21W-A019-09	0	16	0	0	0	72	0	0	39	46	88	0	52
TCGA-A8-A06Y-01A-21W-A019-09	3	4	0	0	0	20	4	0	0	0	0	0	11
TCGA-A8-A06Z-01A-11W-A019-09	0	0	0	0	0	27	0	0	14	0	19	22	14
TCGA-A8-A075-01A-11D-A099-09	9	9	0	0	0	26	0	25	0	0	18	0	0
TCGA-A8-A076-01A-21W-A019-09	7	0	0	18	0	41	11	18	0	0	0	0	0
TCGA-A8-A079-01A-21W-A019-09	0	6	0	0	0	63	0	0	15	23	0	0	0
TCGA-A8-A07B-01A-11W-A019-09	14	11	19	0	0	28	0	0	12	0	0	0	0
TCGA-A8-A07F-01A-11W-A019-09	0	0	0	15	0	0	0	6	0	0	0	17	0
TCGA-A8-A07G-01A-11W-A050-09	8	0	12	14	0	0	0	0	22	0	20	0	17
TCGA-A8-A07I-01A-11W-A019-09	0	6	0	10	0	28	6	0	0	0	0	0	14
TCGA-A8-A07J-01A-11W-A019-09	6	5	0	0	0	0	0	13	0	29	0	39	0
TCGA-A8-A07L-01A-11W-A019-09	0	0	15	0	19	24	0	0	22	0	25	0	17
TCGA-A8-A07O-01A-11W-A019-09	17	0	0	10	0	30	7	0	0	0	0	0	0
TCGA-A8-A07P-01A-11W-A019-09	8	0	0	22	0	0	0	0	10	15	0	25	0
TCGA-A8-A07U-01A-11W-A050-09	0	13	23	0	0	42	6	18	0	0	0	0	16
TCGA-A8-A07W-01A-11W-A019-09	0	14	0	39	43	0	0	24	0	0	48	0	0
TCGA-A8-A07Z-01A-11W-A019-09	0	0	0	4	8	11	0	3	0	0	0	0	0
TCGA-A8-A081-01A-11W-A019-09	10	18	25	34	0	0	0	22	0	33	0	0	0
TCGA-A8-A082-01A-11W-A019-09	0	0	7	16	0	0	0	4	0	0	0	0	0
TCGA-A8-A083-01A-21W-A019-09	0	0	0	0	9	0	0	7	0	0	0	17	0
TCGA-A8-A085-01A-11W-A019-09	4	19	0	0	0	0	0	0	24	0	0	36	15
TCGA-A8-A08B-01A-11W-A019-09	15	0	0	9	0	0	11	17	15	0	0	0	0
TCGA-A8-A08C-01A-11W-A019-09	1	0	0	0	0	0	0	0	0	0	0	7	0
TCGA-A8-A08F-01A-11W-A019-09	0	0	18	8	29	0	0	0	16	0	0	54	19
TCGA-A8-A08G-01A-11W-A019-09	0	0	11	15	15	0	7	8	0	0	0	0	0
TCGA-A8-A08H-01A-21W-A019-09	82	0	0	0	0	0	0	41	0	0	0	118	0
TCGA-A8-A08J-01A-11W-A019-09	0	0	8	0	0	18	5	12	0	0	0	0	0
TCGA-A8-A08L-01A-11W-A019-09	38	63	53	0	0	0	0	21	0	45	62	0	0
TCGA-A8-A08O-01A-21W-A071-09	0	3	0	0	0	18	6	0	7	0	0	0	0
TCGA-A8-A08P-01A-11W-A019-09	7	12	0	17	0	0	5	0	10	0	0	39	0
TCGA-A8-A08R-01A-11W-A050-09	0	46	40	0	42	57	0	32	0	0	85	0	0
TCGA-A8-A08S-01A-11W-A050-09	5	0	0	21	14	23	5	0	0	0	0	0	0
TCGA-A8-A08T-01A-21W-A019-09	0	4	0	9	0	0	11	0	14	0	0	23	10
TCGA-A8-A08X-01A-21W-A019-09	0	0	0	19	19	0	0	0	13	0	0	0	0
TCGA-A8-A08Z-01A-21W-A019-09	7	0	0	14	0	18	0	0	7	0	0	0	0
TCGA-A8-A090-01A-11W-A019-09	3	2	0	9	0	0	3	8	0	0	0	15	6
TCGA-A8-A091-01A-11W-A019-09	8	0	0	14	0	0	0	0	0	0	0	0	9
TCGA-A8-A092-01A-11W-A019-09	31	17	0	0	0	24	13	12	0	0	0	0	0
TCGA-A8-A093-01A-11W-A019-09	60	22	0	18	0	0	30	17	0	0	0	0	0
TCGA-A8-A094-01A-11W-A019-09	68	77	0	0	0	42	12	30	0	0	0	0	0
TCGA-A8-A095-01A-11W-A019-09	88	60	44	0	0	0	24	0	0	0	0	0	0
TCGA-A8-A096-01A-11W-A019-09	0	0	0	15	9	0	0	0	0	0	0	21	0
TCGA-A8-A097-01A-11W-A050-09	0	21	0	8	0	0	0	10	19	0	0	47	29
TCGA-A8-A099-01A-11W-A019-09	0	4	0	13	0	0	0	11	0	0	0	0	14
TCGA-A8-A09A-01A-11W-A019-09	18	0	33	0	0	38	0	25	39	0	0	76	44
TCGA-A8-A09B-01A-11W-A019-09	4	0	0	6	0	13	3	0	13	0	13	0	0
TCGA-A8-A09C-01A-11W-A019-09	0	0	0	0	0	18	0	0	12	0	0	28	0
TCGA-A8-A09D-01A-11W-A019-09	7	0	0	5	18	0	0	8	12	0	0	19	0
TCGA-A8-A09E-01A-11W-A019-09	0	0	0	0	0	33	0	10	23	0	0	32	0
TCGA-A8-A09G-01A-21W-A019-09	93	90	134	0	0	0	17	0	0	0	0	0	0
TCGA-A8-A09I-01A-22W-A050-09	25	23	40	21	0	30	9	22	0	0	0	0	0
TCGA-A8-A09K-01A-11W-A019-09	4	0	0	10	0	0	0	11	7	0	0	19	0
TCGA-A8-A09M-01A-11W-A019-09	0	9	0	0	0	35	0	14	18	43	61	0	0
TCGA-A8-A09N-01A-11W-A019-09	18	17	20	15	0	0	6	0	0	0	0	79	0
TCGA-A8-A09Q-01A-11W-A019-09	0	0	25	23	0	102	15	0	0	31	0	0	0
TCGA-A8-A09T-01A-11W-A019-09	4	0	0	0	0	20	0	0	0	0	0	0	6
TCGA-A8-A09V-01A-11D-A045-09	0	3	0	10	0	0	0	7	0	0	11	0	0
TCGA-A8-A09W-01A-11W-A019-09	0	0	19	19	23	0	0	0	0	0	43	0	0
TCGA-A8-A09X-01A-11W-A019-09	14	0	12	0	0	36	4	0	0	13	0	0	0
TCGA-A8-A09Z-01A-11W-A019-09	0	0	0	336	748	0	0	0	361	0	0	0	0
TCGA-A8-A0A1-01A-11W-A019-09	3	0	0	18	0	15	0	0	12	0	0	20	0
TCGA-A8-A0A2-01A-11W-A050-09	0	0	0	0	0	36	0	0	0	18	0	0	0
TCGA-A8-A0A4-01A-11W-A019-09	0	0	0	14	0	0	0	10	0	0	0	44	13
TCGA-A8-A0A6-01A-12W-A071-09	6	0	0	8	0	0	5	0	12	0	0	16	0
TCGA-A8-A0A7-01A-11W-A019-09	142	68	0	0	0	0	20	61	0	0	0	0	0
TCGA-A8-A0A9-01A-11W-A019-09	7	7	12	12	0	31	5	0	0	0	0	0	0
TCGA-A8-A0AB-01A-11W-A050-09	0	0	8	8	0	14	0	0	0	0	12	0	0
TCGA-A8-A0AD-01A-11W-A071-09	4	0	0	0	0	23	0	0	9	0	0	0	0
TCGA-AC-A23C-01A-12D-A167-09	27	15	25	0	22	0	0	13	0	28	0	0	0
TCGA-AC-A23E-01A-11D-A159-09	0	0	0	6	0	9	3	0	4	0	0	0	0
TCGA-AC-A23H-01A-11D-A159-09	1969	2072	1396	0	0	0	205	454	0	0	0	0	0
TCGA-AC-A2B8-01A-11D-A17D-09	40	34	0	0	0	18	0	29	0	0	0	0	0
TCGA-AC-A2BK-01A-11D-A21Q-09	0	0	15	24	16	0	0	0	0	0	40	0	14
TCGA-AC-A2BM-01A-11D-A21Q-09	0	5	0	0	0	0	2	0	11	0	0	0	0
TCGA-AC-A2FB-01A-11D-A17D-09	4	0	0	0	0	9	0	0	0	0	0	0	0
TCGA-AC-A2FF-01A-11D-A17D-09	0	2	0	0	0	5	0	5	0	0	0	0	0
TCGA-AC-A2FG-01A-11D-A17D-09	4	0	7	0	0	21	3	3	0	0	0	0	0
TCGA-AC-A2FO-01A-11D-A17W-09	7	5	0	0	0	0	3	13	0	0	0	0	0
TCGA-AC-A2QH-01A-11D-A18P-09	5	0	0	6	0	17	0	0	0	8	0	0	0
TCGA-AC-A3HN-01A-11D-A20S-09	4	0	0	9	7	0	0	0	0	0	0	0	7
TCGA-AC-A3OD-01A-11D-A21Q-09	5	0	0	14	0	0	6	0	10	0	0	0	0
TCGA-AC-A3QP-01A-11D-A22X-09	0	0	6	0	8	14	7	0	0	0	0	0	0
TCGA-AC-A3QQ-01A-11D-A228-09	0	0	0	13	0	0	0	0	9	0	0	15	0
TCGA-AC-A3W5-01A-11D-A228-09	26	47	0	16	0	0	10	0	34	0	68	0	21
TCGA-AC-A3YI-01A-21D-A23C-09	0	0	0	0	8	0	5	4	0	0	0	0	0
TCGA-AC-A3YJ-01A-11D-A22X-09	0	0	0	11	0	0	0	6	7	0	0	10	0
TCGA-AC-A4ZE-01A-11D-A41F-09	7	0	0	18	15	0	0	0	10	0	0	0	22
TCGA-AC-A5EH-01A-11D-A28B-09	15	13	0	21	0	0	0	0	31	27	73	0	29
TCGA-AC-A5EI-01A-11D-A27P-09	9	0	0	0	0	29	3	0	0	0	0	0	0
TCGA-AC-A5XS-01A-11D-A29N-09	188	172	183	0	0	0	49	144	0	0	0	0	0
TCGA-AC-A5XU-01A-11D-A28B-09	8	0	18	51	0	0	0	29	0	0	0	0	0
TCGA-AC-A62V-01A-11D-A31U-09	0	0	0	41	0	0	8	10	14	0	29	0	0
TCGA-AC-A62X-01A-11D-A29N-09	0	0	0	46	0	0	0	11	0	26	0	0	0
TCGA-AC-A62Y-01A-11D-A29N-09	14	16	0	8	13	26	0	9	0	0	0	0	0
TCGA-AC-A6IV-01A-12D-A33E-09	0	0	0	0	0	13	5	0	6	0	0	0	0
TCGA-AC-A6IW-01A-12D-A33E-09	22	40	66	25	0	0	0	28	0	0	34	0	0
TCGA-AC-A6IX-01A-12D-A32I-09	15	6	14	14	0	0	0	0	12	0	0	0	0
TCGA-AC-A6NO-01A-12D-A33E-09	0	0	7	6	8	13	0	7	0	0	0	0	0
TCGA-AC-A7VB-01A-11D-A351-09	0	0	0	14	0	10	0	0	10	0	0	0	0
TCGA-AC-A7VC-01A-11D-A351-09	0	0	0	0	0	14	5	0	9	0	0	0	0
TCGA-AC-A8OP-01A-11D-A36J-09	9	11	0	45	31	0	15	16	17	24	39	0	32
TCGA-AC-A8OQ-01A-11D-A41F-09	21	0	0	0	0	85	15	0	17	0	0	0	0
TCGA-AC-A8OR-01A-21D-A41F-09	0	0	0	14	0	0	0	0	0	0	0	0	35
TCGA-AC-A8OS-01A-12D-A41F-09	14	5	0	8	0	24	0	0	9	0	0	0	11
TCGA-AN-A03X-01A-21W-A019-09	0	0	0	0	0	35	0	0	0	16	0	38	0
TCGA-AN-A03Y-01A-21W-A019-09	8	0	0	10	0	23	5	0	7	0	0	0	0
TCGA-AN-A041-01A-11W-A050-09	7	0	0	0	11	24	4	0	7	0	0	0	0
TCGA-AN-A046-01A-21W-A050-09	0	0	0	0	0	0	3269	0	0	3895	0	0	0
TCGA-AN-A049-01A-21W-A019-09	0	0	0	12	0	0	5	9	0	0	14	0	0
TCGA-AN-A04A-01A-21W-A050-09	0	0	0	12	0	16	0	6	21	0	0	0	0
TCGA-AN-A04C-01A-21W-A050-09	0	5	0	27	0	0	5	17	11	0	0	24	18
TCGA-AN-A04D-01A-21W-A050-09	0	9	0	9	0	0	0	0	20	0	24	51	0
TCGA-AN-A0AJ-01A-11W-A019-09	0	21	0	26	0	0	17	15	0	0	25	0	0
TCGA-AN-A0AK-01A-21W-A019-09	0	0	0	417	645	0	0	0	399	0	0	0	0
TCGA-AN-A0AL-01A-11W-A019-09	0	9	0	0	0	12	0	0	16	11	0	23	18
TCGA-AN-A0AM-01A-11W-A050-09	7	9	0	22	0	0	0	0	22	0	0	28	25
TCGA-AN-A0AR-01A-11W-A019-09	0	12	18	12	0	0	0	0	15	21	50	0	22
TCGA-AN-A0AS-01A-11W-A019-09	6	0	0	0	0	42	5	0	0	0	0	0	0
TCGA-AN-A0AT-01A-11D-A045-09	5	12	0	0	22	21	0	0	24	0	35	0	16
TCGA-AN-A0FD-01A-11W-A050-09	0	0	0	0	0	22	0	0	7	0	0	0	8
TCGA-AN-A0FF-01A-11W-A050-09	0	0	0	8	10	0	0	3	7	0	0	0	0
TCGA-AN-A0FJ-01A-11W-A019-09	22	10	35	0	0	38	0	0	0	0	25	0	0
TCGA-AN-A0FK-01A-11W-A050-09	5	0	0	25	0	0	8	0	26	0	0	0	0
TCGA-AN-A0FL-01A-11W-A050-09	8	17	30	29	0	0	0	0	19	0	36	43	24
TCGA-AN-A0FN-01A-11W-A050-09	6	0	11	0	0	0	4	0	22	0	0	30	14
TCGA-AN-A0FS-01A-11W-A050-09	17	12	0	0	0	36	0	0	17	21	0	0	0
TCGA-AN-A0FT-01A-11W-A050-09	14	10	22	21	0	36	7	22	0	0	0	0	0
TCGA-AN-A0FV-01A-11W-A019-09	24	15	17	11	0	0	0	0	18	0	0	30	0
TCGA-AN-A0FW-01A-11W-A050-09	5	10	0	14	0	0	9	10	21	0	0	47	19
TCGA-AN-A0FX-01A-11W-A050-09	8	8	0	14	0	0	9	0	23	0	35	60	22
TCGA-AN-A0FY-01A-11W-A050-09	4	0	0	14	0	32	4	0	8	0	0	0	0
TCGA-AN-A0FZ-01A-11W-A050-09	9	0	0	38	0	0	0	0	16	23	0	0	0
TCGA-AN-A0G0-01A-11W-A050-09	0	0	0	4	0	30	0	0	0	9	0	0	0
TCGA-AN-A0XN-01A-21D-A10G-09	0	7	16	13	22	0	6	0	16	0	28	35	28
TCGA-AN-A0XO-01A-11D-A10G-09	4	0	0	3	7	0	7	6	0	0	9	0	0
TCGA-AN-A0XP-01A-11D-A117-09	5	4	0	4	12	0	0	0	7	0	0	0	0
TCGA-AN-A0XR-01A-11D-A10G-09	5	0	0	0	0	21	0	0	8	0	0	0	0
TCGA-AN-A0XS-01A-22D-A10G-09	8	0	0	6	0	0	3	0	5	0	0	0	8
TCGA-AN-A0XT-01A-11D-A10G-09	0	0	0	3	0	10	0	0	6	0	0	0	0
TCGA-AN-A0XU-01A-11D-A10G-09	6	19	0	0	0	35	6	0	13	17	38	0	0
TCGA-AN-A0XV-01A-11D-A10G-09	0	0	13	12	10	0	4	0	0	0	0	0	0
TCGA-AN-A0XW-01A-11D-A10G-09	118	133	128	0	0	0	0	32	0	0	0	0	0
TCGA-AO-A03L-01A-41W-A071-09	0	5	0	0	0	22	0	0	6	6	0	0	0
TCGA-AO-A03O-01A-11W-A019-09	0	8	14	39	0	0	0	0	0	0	42	0	0
TCGA-AO-A03P-01A-11W-A019-09	7	0	0	9	0	17	6	0	13	0	15	0	0
TCGA-AO-A03R-01A-21W-A050-09	0	0	0	11	0	0	0	9	22	0	0	24	0
TCGA-AO-A03T-01A-21W-A050-09	8	15	0	10	0	0	0	0	25	0	0	45	26
TCGA-AO-A03V-01A-11D-A10Y-09	6	0	30	0	0	18	5	8	0	0	0	0	0
TCGA-AO-A0J2-01A-11W-A050-09	0	0	22	8	14	0	0	0	0	0	0	42	0
TCGA-AO-A0J3-01A-11W-A050-09	15	7	0	24	0	0	12	0	23	0	0	0	18
TCGA-AO-A0J4-01A-11W-A050-09	0	35	38	15	0	0	0	16	0	0	57	0	0
TCGA-AO-A0J5-01A-11W-A050-09	6	0	0	0	14	38	5	0	16	0	0	0	11
TCGA-AO-A0J6-01A-11W-A050-09	6	17	0	9	0	0	0	0	12	19	65	0	0
TCGA-AO-A0J7-01A-11W-A050-09	6	0	0	6	0	0	2	12	0	0	0	0	0
TCGA-AO-A0J8-01A-21D-A045-09	0	0	0	7	0	0	5	0	16	0	0	0	0
TCGA-AO-A0J9-01A-11W-A050-09	75	44	0	16	0	0	13	23	24	0	0	0	0
TCGA-AO-A0JA-01A-11W-A071-09	16	0	0	0	0	16	0	8	0	0	0	0	0
TCGA-AO-A0JB-01A-11W-A071-09	9	0	0	8	19	0	0	12	35	0	31	0	39
TCGA-AO-A0JC-01A-11W-A071-09	62	47	34	0	0	0	11	30	0	0	0	0	0
TCGA-AO-A0JD-01A-11W-A071-09	0	7	0	21	0	0	7	16	14	0	0	63	21
TCGA-AO-A0JE-01A-11W-A071-09	15	15	11	6	0	0	11	0	0	0	0	0	0
TCGA-AO-A0JF-01A-11W-A071-09	0	0	0	0	0	8	0	6	7	6	9	0	0
TCGA-AO-A0JG-01A-31D-A099-09	0	0	0	0	5	0	0	0	0	12	0	0	0
TCGA-AO-A0JI-01A-21W-A100-09	0	0	0	0	0	9	2	0	0	0	0	19	0
TCGA-AO-A0JJ-01A-11W-A071-09	1	0	0	0	0	10	0	0	5	9	0	10	0
TCGA-AO-A0JM-01A-21W-A071-09	4	6	0	12	0	27	11	0	0	0	0	0	0
TCGA-AO-A124-01A-11D-A10M-09	0	0	0	0	17	29	8	10	15	17	55	0	16
TCGA-AO-A128-01A-11D-A10M-09	0	0	0	449	696	0	0	0	129	0	0	0	0
TCGA-AO-A12A-01A-21D-A10Y-09	2	0	0	14	0	0	0	0	0	0	0	0	0
TCGA-AO-A12D-01A-11D-A10Y-09	19	8	0	0	0	21	6	15	0	0	0	0	0
TCGA-AO-A12F-01A-11D-A10Y-09	0	0	0	21	0	0	0	0	0	18	0	0	0
TCGA-AO-A12H-01A-11D-A10Y-09	0	0	0	0	0	24	2	4	0	0	0	0	0
TCGA-AO-A1KO-01A-31D-A188-09	0	0	0	0	0	0	0	0	3	4	0	0	0
TCGA-AO-A1KP-01A-11D-A13L-09	0	0	0	8	0	0	0	0	4	0	0	9	0
TCGA-AO-A1KR-01A-12D-A142-09	6	5	10	0	0	19	4	0	11	0	29	0	0
TCGA-AO-A1KS-01A-11D-A13L-09	17	4	0	8	0	23	7	0	0	0	0	0	0
TCGA-AO-A1KT-01A-11D-A13L-09	4	0	0	9	11	22	4	0	0	0	0	0	0
TCGA-AQ-A04H-01B-11D-A10M-09	0	0	0	33	0	42	8	0	0	0	0	0	0
TCGA-AQ-A04J-01A-02W-A050-09	9	0	0	0	0	17	0	0	28	0	0	39	15
TCGA-AQ-A0Y5-01A-11D-A14K-09	14	9	0	20	0	0	6	0	0	0	16	0	0
TCGA-AQ-A1H2-01A-11D-A13L-09	0	0	0	12	0	0	4	0	0	0	0	20	0
TCGA-AQ-A1H3-01A-31D-A13L-09	0	0	0	9	0	18	0	0	0	0	0	0	0
TCGA-AQ-A54O-01A-11D-A25Q-09	5	0	0	10	0	0	0	0	7	0	0	0	7
TCGA-AQ-A7U7-01A-22D-A351-09	27	18	39	0	0	0	6	10	0	0	0	0	0
TCGA-AR-A0TP-01A-11D-A099-09	4	5	0	0	0	23	0	0	10	0	22	0	11
TCGA-AR-A0TQ-01A-11D-A099-09	8	0	0	12	0	0	0	6	0	0	0	0	14
TCGA-AR-A0TR-01A-11D-A099-09	0	0	0	14	13	0	5	0	10	0	0	0	0
TCGA-AR-A0TS-01A-11D-A10Y-09	6	11	0	20	0	0	0	0	11	0	25	0	21
TCGA-AR-A0TT-01A-31D-A099-09	7	10	0	14	0	0	0	0	14	0	0	25	0
TCGA-AR-A0TU-01A-31D-A10G-09	7	13	0	0	0	27	0	0	22	26	0	77	24
TCGA-AR-A0TV-01A-21D-A099-09	6	0	11	10	0	34	0	0	16	0	0	0	0
TCGA-AR-A0TW-01A-11D-A099-09	0	0	14	9	0	28	6	0	0	0	0	0	0
TCGA-AR-A0TX-01A-11D-A099-09	137	119	81	0	0	0	27	39	0	0	0	0	0
TCGA-AR-A0TY-01A-12W-A12T-09	7	10	0	25	0	0	0	0	0	39	0	121	32
TCGA-AR-A0TZ-01A-12D-A099-09	12	15	0	9	0	12	9	0	0	0	0	0	0
TCGA-AR-A0U0-01A-11D-A10G-09	12	0	46	0	0	0	0	15	0	27	0	105	37
TCGA-AR-A0U1-01A-11D-A10Y-09	0	7	0	4	15	0	0	0	0	0	20	40	12
TCGA-AR-A0U2-01A-11D-A10G-09	5	0	0	20	0	0	0	0	17	0	0	64	0
TCGA-AR-A0U3-01A-11D-A10G-09	0	0	0	13	0	0	4	9	0	9	0	0	0
TCGA-AR-A1AH-01A-11D-A12B-09	0	8	0	12	21	0	0	0	0	31	22	0	20
TCGA-AR-A1AI-01A-11D-A12Q-09	0	5	29	12	0	0	13	11	12	0	0	0	0
TCGA-AR-A1AJ-01A-21D-A12Q-09	12	8	0	8	0	15	4	0	0	0	0	0	0
TCGA-AR-A1AK-01A-21D-A12Q-09	15	17	0	13	0	0	7	14	0	0	0	0	9
TCGA-AR-A1AL-01A-21D-A12Q-09	3	3	0	8	8	0	0	6	0	0	0	0	0
TCGA-AR-A1AN-01A-11D-A12Q-09	0	0	11	19	0	0	0	0	0	0	0	0	0
TCGA-AR-A1AO-01A-11D-A12Q-09	8	11	13	10	0	0	8	15	0	0	30	0	14
TCGA-AR-A1AP-01A-11D-A12Q-09	2	0	13	14	0	0	4	5	0	0	0	0	0
TCGA-AR-A1AQ-01A-11D-A12Q-09	0	0	0	12	0	0	0	0	11	0	14	0	0
TCGA-AR-A1AR-01A-31D-A135-09	0	7	0	14	0	0	0	0	10	13	0	19	0
TCGA-AR-A1AS-01A-11D-A12Q-09	13	5	0	7	0	0	6	0	8	0	0	0	0
TCGA-AR-A1AT-01A-11D-A12Q-09	0	0	0	8	0	0	0	0	5	0	16	0	0
TCGA-AR-A1AU-01A-11D-A12Q-09	0	0	0	9	6	0	0	9	0	0	0	0	0
TCGA-AR-A1AV-01A-21D-A12Q-09	0	0	0	22	0	0	6	14	0	0	0	0	10
TCGA-AR-A1AW-01A-21D-A12Q-09	0	0	0	14	15	0	0	14	0	0	0	0	0
TCGA-AR-A1AX-01A-11D-A12Q-09	0	0	0	4	0	0	4	8	0	0	0	12	0
TCGA-AR-A1AY-01A-21D-A12Q-09	6	0	9	11	0	15	4	0	10	0	0	0	9
TCGA-AR-A24H-01A-11D-A167-09	8	18	0	0	0	35	0	0	21	29	50	0	0
TCGA-AR-A24K-01A-11D-A167-09	0	0	0	0	0	22	4	0	9	0	0	0	0
TCGA-AR-A24L-01A-11D-A167-09	3	5	0	0	0	0	0	0	8	0	19	0	11
TCGA-AR-A24M-01A-11D-A167-09	0	0	0	8	7	0	0	0	0	0	0	14	0
TCGA-AR-A24N-01A-11D-A167-09	4	0	0	9	0	13	0	0	8	0	0	0	7
TCGA-AR-A24O-01A-11D-A167-09	0	0	0	0	0	19	0	0	3	0	0	0	0
TCGA-AR-A24P-01A-11D-A167-09	0	0	5	5	0	0	4	0	0	0	0	11	0
TCGA-AR-A24Q-01A-12D-A167-09	17	11	32	0	0	0	0	0	26	31	61	0	39
TCGA-AR-A24R-01A-11D-A167-09	3	0	0	10	7	0	0	0	6	0	0	0	0
TCGA-AR-A24S-01A-11D-A167-09	7	4	0	19	11	0	0	0	0	0	13	0	0
TCGA-AR-A24T-01A-11D-A167-09	1	0	0	3	0	12	2	0	0	0	0	0	4
TCGA-AR-A24U-01A-11D-A167-09	11	10	9	12	0	0	0	0	0	0	0	0	0
TCGA-AR-A24V-01A-21D-A167-09	1	2	0	9	0	0	4	0	0	0	0	12	0
TCGA-AR-A24W-01A-11D-A17G-09	0	0	0	0	0	0	1	0	8	0	0	0	4
TCGA-AR-A24X-01A-11D-A167-09	0	0	0	5	0	0	6	5	0	0	0	23	7
TCGA-AR-A24Z-01A-11D-A167-09	4	4	0	10	0	0	0	0	7	0	0	26	0
TCGA-AR-A250-01A-31D-A167-09	22	31	51	22	0	0	16	0	0	0	0	0	0
TCGA-AR-A251-01A-12D-A167-09	7	26	0	12	0	0	0	0	23	0	51	44	24
TCGA-AR-A252-01A-11D-A167-09	0	0	0	9	0	0	0	4	0	0	0	0	0
TCGA-AR-A254-01A-21D-A167-09	3	0	0	8	0	16	5	6	0	0	0	0	0
TCGA-AR-A255-01A-11D-A167-09	10	9	10	9	0	0	9	0	0	22	0	0	15
TCGA-AR-A256-01A-11D-A167-09	11	0	43	0	0	0	0	24	0	42	90	0	28
TCGA-AR-A2LE-01A-11D-A17W-09	131	84	49	0	0	0	32	85	0	0	0	0	0
TCGA-AR-A2LH-01A-31D-A18P-09	16	7	18	0	0	0	5	13	0	0	0	0	0
TCGA-AR-A2LK-01A-11D-A17W-09	3	0	0	12	7	14	2	7	0	0	0	0	0
TCGA-AR-A2LL-01A-11D-A17W-09	0	0	0	0	0	34	3	0	0	0	0	0	0
TCGA-AR-A2LM-01A-11D-A17W-09	2	0	0	0	0	6	3	0	0	0	5	0	0
TCGA-AR-A2LN-01A-21D-A18P-09	10	5	0	0	0	11	5	16	0	0	0	0	0
TCGA-AR-A2LO-01A-31D-A18P-09	0	0	5	4	0	0	0	0	0	0	0	9	0
TCGA-AR-A2LQ-01A-22D-A18P-09	0	0	0	4	0	0	0	0	0	0	0	9	0
TCGA-AR-A2LR-01A-12D-A18P-09	0	4	0	14	0	0	6	0	16	0	0	20	9
TCGA-AR-A5QM-01A-11D-A27P-09	0	0	0	6	0	13	2	0	7	0	0	0	7
TCGA-AR-A5QN-01A-12D-A28B-09	5	0	0	17	0	0	5	0	13	0	0	0	9
TCGA-AR-A5QP-01A-11D-A28B-09	2	0	0	3	6	9	2	3	0	0	0	0	0
TCGA-AR-A5QQ-01A-11D-A28B-09	5	10	0	10	19	0	0	0	15	0	37	0	0
TCGA-B6-A0I1-01A-11D-A21Q-09	7	0	0	0	0	63	5	0	0	0	0	0	0
TCGA-B6-A0I2-01A-11W-A050-09	8	18	20	14	0	0	5	0	9	0	0	0	0
TCGA-B6-A0I5-01A-11W-A100-09	0	0	0	12	0	0	0	0	8	0	0	13	0
TCGA-B6-A0I6-01A-11D-A128-09	0	0	18	0	0	31	0	0	15	0	27	0	14
TCGA-B6-A0I8-01A-11W-A050-09	12	13	0	0	0	49	0	0	16	0	42	0	17
TCGA-B6-A0I9-01A-11W-A050-09	0	0	0	17	0	55	8	0	19	0	0	0	0
TCGA-B6-A0IA-01A-11W-A050-09	0	6	0	0	0	0	0	0	18	0	0	78	0
TCGA-B6-A0IB-01A-11W-A050-09	6	0	17	15	22	0	7	0	0	17	0	0	0
TCGA-B6-A0IC-01A-11W-A050-09	3	0	0	0	10	22	0	0	6	0	0	0	10
TCGA-B6-A0IE-01A-11W-A050-09	0	0	0	0	14	22	4	0	10	0	0	0	10
TCGA-B6-A0IH-01A-11D-A10Y-09	0	0	0	15	0	0	5	12	9	0	0	0	0
TCGA-B6-A0IJ-01A-11W-A050-09	9	18	31	0	0	20	0	0	0	26	55	0	0
TCGA-B6-A0IK-01A-12W-A071-09	99	37	41	21	0	0	16	26	0	0	0	0	0
TCGA-B6-A0IM-01A-11W-A050-09	0	0	0	6	0	23	4	0	0	0	20	0	0
TCGA-B6-A0IN-01A-11W-A050-09	0	0	0	14	0	0	0	14	9	0	0	24	0
TCGA-B6-A0RE-01A-11W-A071-09	20	20	28	0	26	43	10	0	0	0	35	0	17
TCGA-B6-A0RG-01A-11W-A071-09	7	15	0	9	0	0	0	0	12	0	37	0	0
TCGA-B6-A0RH-01A-21D-A10Y-09	9	4	0	0	0	22	3	0	0	0	0	0	0
TCGA-B6-A0RI-01A-11W-A071-09	4	6	0	0	0	0	6	0	0	0	0	15	0
TCGA-B6-A0RL-01A-11D-A099-09	14	0	0	26	0	0	5	0	23	0	0	0	0
TCGA-B6-A0RM-01A-11D-A099-09	6	0	0	9	0	15	0	0	0	0	0	0	7
TCGA-B6-A0RN-01A-12D-A099-09	0	0	0	11	8	13	2	0	0	0	0	0	0
TCGA-B6-A0RO-01A-22D-A099-09	0	0	0	0	7	0	8	0	12	0	12	0	0
TCGA-B6-A0RP-01A-21D-A099-09	0	0	0	8	0	0	2	0	6	0	0	12	0
TCGA-B6-A0RQ-01A-11D-A10Y-09	12	4	0	10	0	0	0	16	8	0	0	0	0
TCGA-B6-A0RS-01A-11D-A099-09	9	14	0	14	0	0	0	15	20	0	42	48	19
TCGA-B6-A0RT-01A-21D-A099-09	0	6	14	4	0	0	3	0	0	0	0	22	10
TCGA-B6-A0RU-01A-11D-A099-09	4	0	0	12	14	0	9	0	0	0	21	0	0
TCGA-B6-A0RV-01A-11D-A099-09	18	12	11	0	0	15	3	0	0	0	0	0	0
TCGA-B6-A0WS-01A-11D-A10Y-09	1	1	0	2	5	0	0	0	3	4	0	0	0
TCGA-B6-A0WT-01A-11D-A10G-09	0	0	0	10	6	0	2	5	0	0	0	0	0
TCGA-B6-A0WV-01A-11D-A10G-09	0	5	0	0	0	17	0	4	9	0	0	0	0
TCGA-B6-A0WW-01A-11D-A10G-09	9	7	0	12	0	0	0	0	0	14	0	0	0
TCGA-B6-A0WX-01A-11D-A10G-09	0	0	0	7	0	21	3	0	0	0	0	0	10
TCGA-B6-A0WY-01A-11D-A10G-09	4	0	7	7	10	0	5	0	0	0	0	0	0
TCGA-B6-A0WZ-01A-11D-A10G-09	37	14	17	0	0	0	5	17	0	0	0	0	0
TCGA-B6-A0X0-01A-21D-A10Y-09	0	0	0	4	0	0	4	0	0	0	0	12	4
TCGA-B6-A0X1-01A-11D-A10G-09	0	15	0	6	12	0	7	16	11	0	21	0	0
TCGA-B6-A0X4-01A-11D-A10G-09	0	0	0	0	0	11	11	4	0	0	0	0	0
TCGA-B6-A0X5-01A-21D-A10G-09	4	0	0	0	14	0	13	0	0	17	0	0	0
TCGA-B6-A1KC-01B-11D-A159-09	0	3	0	6	0	17	4	0	0	0	0	0	0
TCGA-B6-A1KF-01A-11D-A13L-09	6	0	0	8	0	32	6	12	0	0	0	0	0
TCGA-B6-A1KI-01A-11D-A14K-09	0	0	0	0	0	24	0	0	0	0	0	0	0
TCGA-B6-A1KN-01A-11D-A13L-09	0	0	0	15	0	0	0	0	12	45	0	0	0
TCGA-B6-A2IU-01A-32D-A19T-09	15	0	0	15	0	0	6	0	10	0	0	0	0
TCGA-B6-A401-01A-11D-A23C-09	0	0	0	9	0	0	3	0	10	0	0	0	6
TCGA-B6-A409-01A-11D-A243-09	5	0	15	11	0	22	0	8	0	0	0	0	0
TCGA-B6-A40B-01A-11D-A23C-09	10	0	17	14	0	0	0	13	0	0	0	0	12
TCGA-B6-A40C-01A-11D-A23C-09	3	0	0	9	0	26	0	4	0	8	0	0	0
TCGA-BH-A0AU-01A-11D-A12Q-09	0	0	3	3	0	7	0	0	3	0	0	0	4
TCGA-BH-A0AV-01A-31D-A10Y-09	0	10	0	0	16	0	0	8	20	0	24	0	0
TCGA-BH-A0AW-01A-11W-A071-09	51	34	48	17	0	0	17	28	0	0	0	0	0
TCGA-BH-A0AY-01A-21W-A019-09	14	0	0	0	0	47	14	0	25	0	0	0	0
TCGA-BH-A0AZ-01A-21D-A12Q-09	7	0	16	0	0	0	0	0	0	0	0	31	11
TCGA-BH-A0B0-01A-21D-A10Y-09	39	17	0	0	0	0	11	19	0	0	0	0	0
TCGA-BH-A0B1-01A-12W-A071-09	0	0	0	9	0	28	0	0	17	15	0	38	0
TCGA-BH-A0B3-01A-11W-A071-09	0	7	0	13	0	0	0	15	0	10	0	0	9
TCGA-BH-A0B4-01A-11W-A019-09	0	7	0	0	0	15	0	13	11	14	23	0	11
TCGA-BH-A0B5-01A-11D-A12Q-09	29	28	0	6	0	0	0	0	9	0	0	0	0
TCGA-BH-A0B6-01A-11D-A19Y-09	420	333	323	0	0	0	57	191	0	0	0	0	0
TCGA-BH-A0B7-01A-12D-A10Y-09	0	7	0	15	0	0	10	0	11	0	0	0	0
TCGA-BH-A0B8-01A-21W-A071-09	9	0	0	13	0	0	0	16	41	0	21	0	0
TCGA-BH-A0B9-01A-11W-A071-09	0	9	0	8	0	0	3	7	10	0	0	0	8
TCGA-BH-A0BA-01A-11W-A071-09	7	9	0	6	0	18	0	8	15	0	0	0	0
TCGA-BH-A0BC-01A-22D-A099-09	5	3	0	6	0	14	5	6	0	0	0	0	0
TCGA-BH-A0BD-01A-11W-A050-09	5	0	0	0	0	14	0	0	0	0	0	11	0
TCGA-BH-A0BF-01A-21D-A12Q-09	0	7	0	0	0	16	3	0	8	0	0	0	0
TCGA-BH-A0BG-01A-11D-A10Y-09	6	4	0	10	0	0	0	0	0	0	22	0	0
TCGA-BH-A0BJ-01A-11W-A071-09	0	0	0	0	0	25	0	10	0	10	0	0	0
TCGA-BH-A0BL-01A-11D-A10Y-09	4	0	0	14	0	0	5	0	0	0	26	0	20
TCGA-BH-A0BM-01A-11W-A071-09	6	4	0	0	11	0	0	0	15	0	0	30	0
TCGA-BH-A0BO-01A-23D-A12B-09	0	0	7	0	9	13	0	0	0	0	0	0	0
TCGA-BH-A0BP-01A-11D-A10Y-09	19	38	0	31	0	0	16	25	25	0	0	0	25
TCGA-BH-A0BQ-01A-21D-A10Y-09	3	0	0	10	0	0	3	0	9	0	0	0	0
TCGA-BH-A0BR-01A-21W-A12T-09	18	0	12	0	0	26	11	0	0	0	0	0	0
TCGA-BH-A0BS-01A-11D-A12Q-09	1	0	0	0	0	11	0	0	7	0	0	0	0
TCGA-BH-A0BT-01A-11D-A12Q-09	4	0	0	23	0	0	5	9	0	0	0	0	0
TCGA-BH-A0BV-01A-11W-A019-09	5	0	0	6	0	0	0	5	7	0	0	15	0
TCGA-BH-A0BW-01A-11D-A10Y-09	9	0	22	0	19	32	0	0	0	0	0	0	16
TCGA-BH-A0BZ-01A-31D-A12Q-09	11	33	0	17	0	0	0	0	43	60	114	0	0
TCGA-BH-A0C0-01A-21W-A071-09	4	0	12	0	15	0	5	8	0	0	18	26	22
TCGA-BH-A0C1-01B-11D-A12B-09	9	0	0	18	0	0	0	0	18	0	0	0	0
TCGA-BH-A0C3-01A-21D-A12Q-09	0	0	0	0	4	12	0	0	0	0	0	0	0
TCGA-BH-A0C7-01B-11D-A10Y-09	0	0	0	0	0	49	4	0	10	0	0	0	0
TCGA-BH-A0DD-01A-31D-A12Q-09	4	0	0	17	0	0	0	0	6	0	0	0	0
TCGA-BH-A0DE-01A-11D-A10Y-09	0	0	0	0	0	24	0	3	8	0	0	0	0
TCGA-BH-A0DG-01A-21D-A12Q-09	5	4	9	0	0	9	8	0	0	0	0	0	0
TCGA-BH-A0DH-01A-11D-A099-09	10	0	10	9	0	17	4	0	0	0	0	0	0
TCGA-BH-A0DI-01A-21D-A12Q-09	8	9	0	10	0	0	0	5	0	0	15	0	0
TCGA-BH-A0DK-01A-21W-A071-09	5	9	0	0	0	39	0	0	0	17	0	26	13
TCGA-BH-A0DL-01A-11D-A10Y-09	12	0	14	21	0	0	0	0	0	0	0	18	0
TCGA-BH-A0DO-01B-11D-A12B-09	3	4	0	5	0	0	5	0	10	0	0	0	0
TCGA-BH-A0DP-01A-21W-A071-09	7	3	0	0	0	0	4	0	15	0	0	26	0
TCGA-BH-A0DQ-01A-11D-A099-09	0	0	0	12	0	0	0	0	13	0	0	0	9
TCGA-BH-A0DS-01A-11W-A071-09	0	0	0	0	0	50	7	14	0	0	0	0	0
TCGA-BH-A0DT-01A-21D-A12B-09	2	0	0	2	0	6	0	0	3	0	0	0	0
TCGA-BH-A0DV-01A-21D-A12Q-09	3	0	0	0	0	0	0	0	3	0	0	5	3
TCGA-BH-A0DX-01A-11D-A10Y-09	27	10	0	0	0	36	0	0	0	0	0	0	0
TCGA-BH-A0DZ-01A-11W-A019-09	103	129	72	0	0	0	22	77	0	0	0	0	0
TCGA-BH-A0E0-01A-11W-A071-09	0	0	0	17	0	0	5	0	0	0	0	23	0
TCGA-BH-A0E1-01A-11W-A071-09	3	9	0	0	0	20	3	8	0	0	0	0	0
TCGA-BH-A0E2-01A-11W-A071-09	0	0	0	9	0	0	5	0	26	0	0	28	0
TCGA-BH-A0E7-01A-11W-A050-09	3	0	0	14	12	0	0	0	0	0	0	12	6
TCGA-BH-A0E9-01B-11D-A10Y-09	0	0	0	16	0	0	0	6	0	0	0	0	8
TCGA-BH-A0EA-01A-11D-A10Y-09	0	0	0	11	0	0	4	0	10	0	0	0	0
TCGA-BH-A0EB-01A-11W-A050-09	5	4	0	16	0	0	0	0	14	0	15	0	8
TCGA-BH-A0EE-01A-11W-A050-09	38	0	50	23	0	0	30	36	0	0	0	0	0
TCGA-BH-A0EI-01A-11D-A10Y-09	0	0	0	10	0	0	0	4	9	0	0	0	0
TCGA-BH-A0GY-01A-11W-A071-09	0	0	0	13	0	0	0	10	0	10	0	40	0
TCGA-BH-A0GZ-01A-11W-A071-09	6	0	0	13	0	0	0	0	14	0	0	0	10
TCGA-BH-A0H0-01A-11W-A071-09	0	0	0	4	0	0	0	0	11	0	0	18	0
TCGA-BH-A0H3-01A-11D-A12Q-09	1	0	0	0	0	14	0	0	0	0	0	0	0
TCGA-BH-A0H5-01A-21D-A10Y-09	41	47	18	0	0	0	18	33	0	0	0	0	0
TCGA-BH-A0H6-01A-21W-A071-09	0	0	0	5	0	20	0	5	0	0	0	0	0
TCGA-BH-A0H7-01A-13W-A071-09	10	0	22	22	17	0	6	12	0	0	0	0	0
TCGA-BH-A0H9-01A-11W-A071-09	8	4	0	6	0	0	5	0	0	0	0	34	0
TCGA-BH-A0HA-01A-11D-A12Q-09	17	0	0	81	141	81	0	0	32	0	0	0	0
TCGA-BH-A0HB-01A-11W-A071-09	0	5	0	17	0	0	10	0	19	0	0	0	0
TCGA-BH-A0HF-01A-11W-A071-09	142	0	0	71	0	0	0	335	1073	0	0	0	0
TCGA-BH-A0HI-01A-11D-A099-09	7	0	0	10	0	0	0	0	0	15	0	0	0
TCGA-BH-A0HK-01A-11W-A071-09	48	32	0	26	0	0	0	37	24	0	0	0	0
TCGA-BH-A0HL-01A-11W-A050-09	3	0	0	7	0	16	3	0	6	0	0	13	0
TCGA-BH-A0HN-01A-11D-A099-09	0	0	0	8	0	9	6	5	0	0	0	0	0
TCGA-BH-A0HO-01A-11W-A050-09	0	0	0	5	0	0	0	0	7	14	0	0	0
TCGA-BH-A0HP-01A-12D-A099-09	99	94	60	0	0	0	21	63	0	0	0	0	0
TCGA-BH-A0HQ-01A-11W-A050-09	11	0	0	11	0	0	3	0	14	0	0	16	0
TCGA-BH-A0HU-01A-11W-A050-09	3	3	0	4	0	0	0	0	9	0	0	29	0
TCGA-BH-A0HW-01A-11W-A050-09	0	0	0	20	10	0	0	0	12	0	0	0	0
TCGA-BH-A0HX-01A-21W-A071-09	8	6	0	0	0	22	0	10	13	0	20	0	14
TCGA-BH-A0HY-01A-11W-A071-09	0	0	11	13	12	0	9	11	0	0	0	25	0
TCGA-BH-A0RX-01A-21D-A099-09	3	0	0	18	0	17	8	0	0	0	0	0	0
TCGA-BH-A0W3-01A-11D-A10G-09	0	2	0	0	0	11	0	0	8	0	0	0	0
TCGA-BH-A0W4-01A-11D-A10G-09	3	0	9	0	0	16	7	0	0	0	0	0	0
TCGA-BH-A0W5-01A-11D-A10G-09	0	0	5	9	7	0	5	0	0	0	0	0	0
TCGA-BH-A0W7-01A-11D-A10Y-09	85	84	62	0	0	0	0	27	0	0	0	0	0
TCGA-BH-A0WA-01A-11D-A10G-09	9	5	0	9	0	0	0	17	15	0	25	33	0
TCGA-BH-A18F-01A-11D-A12B-09	12	0	0	5	0	19	8	7	7	0	0	0	0
TCGA-BH-A18G-01A-11D-A12B-09	0	0	0	428	826	0	0	0	286	0	0	0	0
TCGA-BH-A18H-01A-11D-A12B-09	4	4	0	0	9	20	0	7	9	0	0	0	0
TCGA-BH-A18I-01A-11D-A12B-09	0	2	0	12	0	0	6	4	0	0	0	0	0
TCGA-BH-A18J-01A-11D-A12B-09	55	15	38	0	0	0	0	0	0	0	0	0	0
TCGA-BH-A18K-01A-11D-A12B-09	16	7	22	8	0	0	0	0	9	0	0	0	0
TCGA-BH-A18L-01A-32D-A12B-09	0	0	0	30	0	0	0	10	0	23	0	0	0
TCGA-BH-A18M-01A-11D-A12B-09	0	2	0	0	0	12	1	0	0	0	0	0	0
TCGA-BH-A18N-01A-11D-A12B-09	0	0	0	14	14	0	0	0	0	0	10	0	0
TCGA-BH-A18P-01A-11D-A12B-09	136	142	0	0	0	0	30	87	0	0	0	0	0
TCGA-BH-A18Q-01A-12D-A12B-09	0	0	13	0	0	0	0	7	14	0	22	25	16
TCGA-BH-A18R-01A-11D-A12B-09	0	0	8	0	0	10	0	5	0	0	10	0	0
TCGA-BH-A18S-01A-11D-A12B-09	0	3	0	0	10	0	4	0	0	0	0	16	0
TCGA-BH-A18T-01A-11D-A12B-09	4	6	19	8	0	0	0	0	0	0	42	0	15
TCGA-BH-A18U-01A-21D-A12B-09	49	30	0	29	0	0	0	23	23	0	0	0	0
TCGA-BH-A18V-01A-11D-A12B-09	22	48	50	0	0	0	0	17	0	35	65	0	0
TCGA-BH-A1EN-01A-11D-A17G-09	6	0	0	24	0	0	5	0	13	0	0	28	0
TCGA-BH-A1EO-01A-11D-A135-09	3	0	0	24	0	0	5	0	7	0	0	0	0
TCGA-BH-A1ES-01A-11D-A135-09	2	2	0	0	0	0	4	0	0	0	0	0	7
TCGA-BH-A1ET-01A-11D-A135-09	0	0	0	11	0	0	0	0	9	14	0	0	0
TCGA-BH-A1EU-01A-11D-A135-09	0	0	0	0	6	11	0	4	0	0	0	0	0
TCGA-BH-A1EV-01A-11D-A135-09	23	19	19	14	0	0	21	15	0	0	0	0	0
TCGA-BH-A1EW-01A-11D-A135-09	2	0	0	0	0	0	0	7	3	0	0	0	0
TCGA-BH-A1EX-01A-11D-A13L-09	0	0	0	6	6	0	5	0	0	0	6	0	0
TCGA-BH-A1EY-01A-11D-A13L-09	5	6	11	6	0	13	9	0	0	0	0	0	0
TCGA-BH-A1F0-01A-11D-A135-09	0	9	13	10	0	0	5	12	14	0	22	0	0
TCGA-BH-A1F2-01A-31D-A13L-09	10	0	15	25	0	0	0	0	0	12	0	0	0
TCGA-BH-A1F5-01A-12D-A13L-09	3	0	0	9	0	0	4	5	8	0	0	14	0
TCGA-BH-A1F6-01A-11D-A13L-09	0	0	9	11	0	0	0	5	0	0	0	22	0
TCGA-BH-A1F8-01A-11D-A13L-09	62	35	25	0	0	27	11	25	0	0	0	0	0
TCGA-BH-A1FC-01A-11D-A13L-09	13	19	0	30	0	0	8	0	0	0	26	0	15
TCGA-BH-A1FD-01A-11W-A14Q-09	0	0	0	12	0	0	0	0	0	0	0	32	0
TCGA-BH-A1FE-01A-11D-A13L-09	7	0	0	3	0	0	4	0	9	0	0	0	0
TCGA-BH-A1FG-01A-11D-A13L-09	0	0	0	8	0	0	0	0	0	0	0	18	0
TCGA-BH-A1FH-01A-12D-A13L-09	0	0	0	0	0	21	0	6	0	0	0	0	0
TCGA-BH-A1FJ-01A-11D-A13L-09	0	0	0	0	0	28	0	5	5	0	0	0	0
TCGA-BH-A1FL-01A-11D-A13L-09	2	0	0	7	0	0	0	4	10	0	0	0	0
TCGA-BH-A1FM-01A-11D-A13L-09	9	5	10	12	0	15	9	0	0	0	0	0	0
TCGA-BH-A1FN-01A-11D-A13L-09	39	43	32	0	0	0	0	0	0	28	0	0	0
TCGA-BH-A1FR-01A-11D-A13L-09	0	1	0	6	0	0	0	0	0	0	5	0	3
TCGA-BH-A1FU-01A-11D-A14G-09	0	10	18	8	24	0	12	16	0	0	29	0	0
TCGA-BH-A201-01A-11D-A14K-09	1	0	0	2	10	0	3	0	0	6	0	0	0
TCGA-BH-A202-01A-11D-A14K-09	3	0	0	5	0	0	0	0	0	11	9	0	0
TCGA-BH-A203-01A-12D-A167-09	10	12	0	35	0	0	17	0	16	0	0	0	0
TCGA-BH-A204-01A-11D-A159-09	0	4	0	12	0	0	4	8	0	13	0	0	11
TCGA-BH-A208-01A-11D-A159-09	18	27	0	0	0	30	0	13	0	0	0	0	0
TCGA-BH-A209-01A-11D-A17G-09	28	26	47	0	0	0	8	17	0	0	0	0	0
TCGA-BH-A28Q-01A-11D-A16D-09	0	0	0	14	0	0	0	0	6	0	0	0	7
TCGA-BH-A2L8-01A-11D-A18P-09	207	175	105	0	0	0	0	91	0	0	0	0	0
TCGA-BH-A42U-01A-12D-A243-09	5	3	0	0	0	6	3	6	0	0	0	0	6
TCGA-BH-A42V-01A-11D-A243-09	15	13	0	0	0	12	7	8	0	0	0	0	0
TCGA-BH-A5IZ-01A-11D-A27P-09	0	0	24	0	0	40	0	18	0	0	0	0	15
TCGA-BH-A5J0-01A-11D-A27P-09	30	0	26	12	0	0	12	18	0	0	0	0	0
TCGA-BH-A6R8-01A-21D-A33E-09	0	0	0	4	0	21	6	7	0	0	0	0	0
TCGA-BH-A6R9-01A-21D-A32I-09	0	0	0	2	0	0	2	2	0	4	11	0	0
TCGA-BH-A8FY-01A-11D-A36J-09	0	0	0	6	0	0	0	15	11	0	14	0	8
TCGA-BH-A8FZ-01A-11D-A351-09	5	5	0	11	0	0	0	0	0	20	21	28	0
TCGA-BH-A8G0-01A-11D-A351-09	0	0	0	6	7	0	3	0	0	0	0	0	6
TCGA-BH-AB28-01A-31D-A41F-09	6	0	0	15	0	0	0	0	0	0	0	19	0
TCGA-C8-A12K-01A-21D-A10Y-09	12	50	0	0	0	33	0	0	28	0	45	0	0
TCGA-C8-A12L-01A-11D-A10Y-09	0	0	0	10	0	0	4	0	22	0	24	0	18
TCGA-C8-A12M-01A-11D-A135-09	0	0	0	23	16	0	13	0	15	0	0	0	12
TCGA-C8-A12N-01A-11D-A10Y-09	0	4	0	10	0	0	0	0	5	6	0	0	0
TCGA-C8-A12O-01A-11D-A10Y-09	0	0	0	12	0	17	6	4	0	0	0	0	0
TCGA-C8-A12P-01A-11D-A10Y-09	53	51	33	22	0	0	18	30	0	0	0	0	0
TCGA-C8-A12Q-01A-11D-A10Y-09	35	15	43	0	0	0	16	17	0	0	0	0	0
TCGA-C8-A12T-01A-11D-A10Y-09	61	62	46	0	0	0	11	20	0	0	0	0	0
TCGA-C8-A12U-01A-11D-A10Y-09	4	5	0	10	0	27	0	0	10	0	0	0	0
TCGA-C8-A12V-01A-11D-A10Y-09	0	0	11	0	0	26	3	0	9	0	0	0	0
TCGA-C8-A12W-01A-11D-A10Y-09	0	0	0	17	0	42	12	0	0	0	0	0	0
TCGA-C8-A12X-01A-11D-A10Y-09	0	0	0	23	0	0	7	0	10	0	0	23	0
TCGA-C8-A12Y-01A-11D-A12B-09	6	0	0	19	19	0	3	0	0	0	0	0	0
TCGA-C8-A12Z-01A-11D-A10Y-09	8	10	7	12	0	0	4	13	0	0	0	0	0
TCGA-C8-A130-01A-31D-A10Y-09	3	3	0	13	0	23	7	0	0	0	0	0	0
TCGA-C8-A131-01A-11D-A10Y-09	7	0	0	14	0	0	12	10	0	0	0	0	21
TCGA-C8-A132-01A-31D-A10Y-09	12	18	14	0	0	27	0	0	8	0	0	0	0
TCGA-C8-A133-01A-32D-A12B-09	4	0	0	0	0	9	0	0	9	10	0	0	0
TCGA-C8-A134-01A-11D-A10Y-09	0	8	0	8	0	0	0	0	19	27	33	0	13
TCGA-C8-A135-01A-11D-A10Y-09	4	8	0	28	0	19	8	0	10	0	0	0	0
TCGA-C8-A137-01A-11D-A10Y-09	6	6	8	0	0	21	9	9	0	0	0	0	0
TCGA-C8-A138-01A-11D-A10Y-09	0	0	0	0	0	30	0	4	0	15	0	0	0
TCGA-C8-A1HE-01A-11D-A188-09	16	7	0	6	0	0	3	8	8	0	0	14	0
TCGA-C8-A1HF-01A-11D-A135-09	8	4	9	7	0	0	3	7	0	0	0	0	0
TCGA-C8-A1HG-01A-11D-A135-09	4	0	0	21	0	18	0	16	0	0	0	0	0
TCGA-C8-A1HI-01A-11D-A135-09	7	0	0	0	0	55	0	0	0	0	0	0	0
TCGA-C8-A1HJ-01A-11D-A13L-09	0	11	0	8	25	0	0	0	0	0	63	0	23
TCGA-C8-A1HK-01A-21D-A13L-09	7	20	13	8	0	0	9	0	9	0	0	0	0
TCGA-C8-A1HL-01A-11D-A135-09	0	0	0	11	0	0	0	0	12	0	0	0	8
TCGA-C8-A1HM-01A-12D-A135-09	101	191	86	0	0	0	0	77	0	0	0	0	0
TCGA-C8-A1HN-01A-11D-A135-09	0	0	0	18	0	19	0	0	13	0	0	0	10
TCGA-C8-A1HO-01A-11D-A13L-09	5	0	7	0	0	25	3	0	0	0	0	0	0
TCGA-C8-A26V-01A-11D-A16D-09	21	27	24	13	0	0	9	0	0	0	0	0	0
TCGA-C8-A26W-01A-11D-A16D-09	15	10	0	0	14	0	11	14	0	0	0	0	0
TCGA-C8-A26X-01A-31D-A16D-09	3	0	0	17	0	0	5	0	16	0	0	24	10
TCGA-C8-A26Y-01A-11D-A16D-09	274	277	165	0	0	0	44	102	0	0	0	0	0
TCGA-C8-A26Z-01A-11D-A16D-09	0	0	0	27	0	0	4	7	0	0	0	0	12
TCGA-C8-A273-01A-11D-A16D-09	0	0	0	0	0	14	2	0	3	0	0	0	0
TCGA-C8-A274-01A-11D-A16D-09	109	67	53	13	0	0	14	0	0	0	0	0	0
TCGA-C8-A275-01A-21D-A16D-09	25	31	49	0	0	0	8	25	0	0	0	0	0
TCGA-C8-A278-01A-11D-A167-09	5	3	9	0	0	25	5	0	0	0	0	0	0
TCGA-C8-A27A-01A-11D-A167-09	5	4	0	5	0	15	6	0	0	0	0	0	0
TCGA-C8-A27B-01A-11D-A167-09	12	81	0	0	0	0	0	17	0	0	59	0	0
TCGA-C8-A3M7-01A-12D-A21Q-09	80	21	43	15	0	0	17	44	0	0	0	0	0
TCGA-C8-A3M8-01A-11D-A20S-09	5	0	12	15	11	0	0	0	0	0	14	0	0
TCGA-C8-A8HP-01A-11D-A36J-09	75	71	68	0	0	0	24	25	0	0	0	0	0
TCGA-C8-A8HQ-01A-11D-A36J-09	122	87	86	0	0	0	35	26	0	0	0	0	0
TCGA-C8-A8HR-01A-11D-A36J-09	0	5	0	11	0	0	0	7	0	0	0	33	0
TCGA-C8-A9FZ-01A-11D-A41F-09	0	0	0	19	11	0	0	0	0	0	0	0	0
TCGA-D8-A13Y-01A-11D-A10Y-09	10	0	27	0	0	21	4	15	0	0	0	0	0
TCGA-D8-A13Z-01A-11D-A10Y-09	0	15	0	23	0	0	6	0	14	0	47	0	0
TCGA-D8-A140-01A-11D-A10Y-09	16	0	12	29	0	0	6	26	21	0	0	0	21
TCGA-D8-A141-01A-11D-A10Y-09	0	0	0	6	0	13	0	0	0	0	0	0	0
TCGA-D8-A142-01A-11D-A10Y-09	0	9	25	19	0	86	0	17	0	0	0	0	0
TCGA-D8-A143-01A-11D-A10Y-09	3	0	0	12	0	0	0	0	7	0	18	0	13
TCGA-D8-A145-01A-11D-A10Y-09	0	3	0	16	0	0	0	0	9	0	0	18	0
TCGA-D8-A146-01A-31D-A10Y-09	3	0	0	8	11	0	8	9	0	0	0	0	0
TCGA-D8-A147-01A-11D-A10Y-09	14	36	22	0	0	28	0	27	0	0	48	0	21
TCGA-D8-A1J8-01A-11D-A13L-09	212	146	281	76	88	0	71	61	0	0	0	0	0
TCGA-D8-A1J9-01A-11D-A13L-09	86	68	72	0	0	0	28	0	0	0	0	0	0
TCGA-D8-A1JA-01A-11D-A13L-09	261	349	544	0	0	0	0	0	0	0	0	0	0
TCGA-D8-A1JB-01A-11D-A13L-09	4	4	0	0	0	12	0	0	10	11	0	0	9
TCGA-D8-A1JC-01A-11D-A13L-09	18	17	23	0	0	24	10	24	0	0	0	0	0
TCGA-D8-A1JD-01A-11D-A13L-09	8	13	0	0	0	21	7	0	21	0	22	0	22
TCGA-D8-A1JE-01A-11D-A13L-09	0	0	0	0	0	36	0	0	0	0	0	0	0
TCGA-D8-A1JF-01A-11D-A13L-09	0	0	0	0	11	23	4	0	9	0	0	0	0
TCGA-D8-A1JG-01B-11D-A13L-09	0	9	0	23	0	0	27	0	0	105	0	0	0
TCGA-D8-A1JH-01A-11D-A188-09	2	0	0	6	7	0	0	0	0	0	0	14	0
TCGA-D8-A1JI-01A-11D-A13L-09	0	0	0	0	0	19	3	0	15	0	0	0	0
TCGA-D8-A1JJ-01A-31D-A14K-09	29	6	27	14	0	0	10	0	0	0	0	0	0
TCGA-D8-A1JK-01A-11D-A13L-09	11	12	0	10	24	0	0	16	29	27	0	82	20
TCGA-D8-A1JL-01A-11D-A13L-09	0	11	0	0	22	24	11	0	19	0	30	0	15
TCGA-D8-A1JM-01A-11D-A13L-09	0	0	0	8	0	23	4	0	0	0	0	0	19
TCGA-D8-A1JN-01A-11D-A13L-09	65	30	40	0	0	0	30	39	0	0	0	0	0
TCGA-D8-A1JP-01A-11D-A13L-09	0	7	13	0	0	0	0	14	15	0	32	29	15
TCGA-D8-A1JS-01A-11D-A13L-09	0	0	0	4	0	16	0	5	0	0	0	0	0
TCGA-D8-A1JT-01A-31D-A13L-09	0	0	0	11	0	0	0	0	11	0	0	18	0
TCGA-D8-A1JU-01A-11D-A13L-09	1	0	0	0	4	9	0	0	2	0	0	0	0
TCGA-D8-A1X5-01A-11D-A14G-09	5	0	0	17	15	0	0	0	0	24	0	0	0
TCGA-D8-A1X6-01A-11D-A14K-09	3	0	0	16	0	0	0	0	9	11	0	0	0
TCGA-D8-A1X7-01A-11D-A14K-09	0	0	0	0	0	18	3	8	0	0	0	0	0
TCGA-D8-A1X8-01A-11D-A14K-09	0	0	0	0	0	29	0	0	9	15	0	0	0
TCGA-D8-A1X9-01A-12D-A159-09	0	9	0	0	0	43	0	0	0	24	0	0	30
TCGA-D8-A1XA-01A-11D-A14G-09	0	0	0	9	10	0	0	6	0	0	0	0	0
TCGA-D8-A1XB-01A-11D-A14G-09	6	0	0	14	9	0	4	0	8	0	0	0	0
TCGA-D8-A1XC-01A-11D-A14G-09	0	0	0	15	0	0	0	7	11	0	0	0	0
TCGA-D8-A1XF-01A-11D-A14G-09	0	3	0	17	0	0	11	10	0	0	0	0	13
TCGA-D8-A1XG-01A-11D-A14G-09	0	0	0	4	10	0	3	0	7	0	0	0	6
TCGA-D8-A1XJ-01A-11D-A14K-09	22	0	0	8	0	38	13	20	0	0	0	0	0
TCGA-D8-A1XK-01A-21D-A14K-09	0	0	0	105	940	0	0	0	0	0	0	223	0
TCGA-D8-A1XL-01A-11D-A14K-09	5	6	0	0	18	21	0	0	0	15	30	0	12
TCGA-D8-A1XM-01A-21D-A14K-09	10	4	0	0	0	27	11	10	0	0	0	0	0
TCGA-D8-A1XO-01A-11D-A14K-09	4	0	0	5	0	0	0	0	0	0	0	17	0
TCGA-D8-A1XQ-01A-11D-A14K-09	0	34	0	127	444	225	42	0	123	0	0	0	0
TCGA-D8-A1XR-01A-11D-A14K-09	0	0	0	11	11	0	0	6	0	0	0	0	0
TCGA-D8-A1XS-01A-11D-A14K-09	4	0	0	7	0	0	6	0	0	0	0	0	8
TCGA-D8-A1XT-01A-11D-A14K-09	0	0	0	21	0	0	0	18	0	0	0	0	0
TCGA-D8-A1XU-01A-11D-A14K-09	10	0	0	7	0	0	0	5	0	0	0	0	7
TCGA-D8-A1XV-01A-11D-A14K-09	0	0	7	4	0	26	0	0	0	0	0	0	0
TCGA-D8-A1XW-01A-11D-A14K-09	9	11	0	0	0	36	0	0	16	0	47	0	0
TCGA-D8-A1XY-01A-11D-A14K-09	4	0	0	31	0	0	0	10	0	0	0	0	10
TCGA-D8-A1XZ-01A-11D-A14K-09	0	0	25	33	0	0	8	0	19	0	0	0	0
TCGA-D8-A1Y0-01A-11D-A14K-09	0	11	12	0	0	27	0	8	0	23	0	0	0
TCGA-D8-A1Y1-01A-21D-A14K-09	18	0	0	86	0	124	15	0	0	0	0	0	0
TCGA-D8-A1Y2-01A-11D-A159-09	5	3	0	4	0	6	1	0	0	0	0	0	0
TCGA-D8-A1Y3-01A-11D-A159-09	4	0	0	20	0	31	5	0	0	0	0	0	0
TCGA-D8-A27E-01A-11D-A16D-09	0	0	0	0	0	0	2	0	4	0	0	0	6
TCGA-D8-A27F-01A-11D-A16D-09	0	12	0	0	0	17	0	0	10	12	19	0	0
TCGA-D8-A27G-01A-11D-A16D-09	399	376	110	0	0	0	51	156	0	0	0	0	0
TCGA-D8-A27I-01A-11D-A16D-09	5	3	0	0	0	24	3	0	0	0	0	0	0
TCGA-D8-A27K-01A-11D-A16D-09	0	0	0	6	0	10	0	0	7	0	0	0	0
TCGA-D8-A27L-01A-11D-A16D-09	12	0	18	5	0	0	0	13	0	0	0	0	0
TCGA-D8-A27M-01A-11D-A16D-09	0	14	0	12	0	0	7	0	8	0	25	0	11
TCGA-D8-A27N-01A-11D-A16D-09	0	0	0	22	0	21	0	0	12	0	0	0	0
TCGA-D8-A27P-01A-11D-A16D-09	0	0	0	11	0	0	0	0	10	0	0	0	9
TCGA-D8-A27R-01A-11D-A16D-09	0	0	6	0	0	11	4	0	0	0	0	14	0
TCGA-D8-A27T-01A-11D-A16D-09	3	0	0	15	0	0	0	5	0	0	0	0	6
TCGA-D8-A27V-01A-12D-A17D-09	68	52	79	0	0	0	14	35	0	0	0	0	0
TCGA-D8-A27W-01A-11D-A16D-09	2	0	9	11	0	21	4	0	0	0	0	0	0
TCGA-D8-A3Z6-01A-11D-A23C-09	7	0	0	13	8	0	0	0	0	7	0	0	0
TCGA-D8-A4Z1-01A-21D-A25Q-09	22	19	13	0	0	0	10	9	0	0	0	0	0
TCGA-D8-A73U-01A-11D-A33E-09	79	18	41	0	0	0	10	49	0	0	0	0	0
TCGA-D8-A73W-01A-22D-A351-09	4	0	0	20	0	0	0	0	16	0	0	0	10
TCGA-D8-A73X-01A-11D-A32I-09	6	0	0	7	10	20	4	0	0	0	0	0	0
TCGA-E2-A10A-01A-21D-A10Y-09	3	0	0	3	0	0	0	0	8	0	0	0	8
TCGA-E2-A10C-01A-21D-A10M-09	189	140	65	0	0	0	32	61	0	0	0	0	0
TCGA-E2-A14N-01A-31D-A135-09	4	12	0	8	0	0	6	0	11	0	31	0	15
TCGA-E2-A14O-01A-31D-A10Y-09	0	0	0	17	0	0	8	0	0	0	0	0	9
TCGA-E2-A14P-01A-31D-A12B-09	16	10	0	29	0	0	13	26	0	0	0	0	14
TCGA-E2-A14Q-01A-11D-A12B-09	6	0	0	11	0	20	0	0	0	0	0	0	0
TCGA-E2-A14R-01A-11D-A10Y-09	0	15	19	0	21	25	8	0	0	0	44	0	15
TCGA-E2-A14T-01A-11D-A10Y-09	4	4	0	13	0	0	6	0	0	0	0	13	0
TCGA-E2-A14V-01A-11D-A12B-09	14	21	16	10	0	34	14	9	0	0	0	0	0
TCGA-E2-A14W-01A-11D-A12B-09	0	6	19	0	0	0	6	7	9	0	29	0	11
TCGA-E2-A14X-01A-11D-A10Y-09	6	0	0	13	0	14	6	0	0	0	0	0	0
TCGA-E2-A14Y-01A-21D-A12B-09	14	16	0	12	0	0	0	0	0	0	0	0	0
TCGA-E2-A14Z-01A-11D-A10Y-09	19	0	10	8	0	0	10	8	0	0	16	0	13
TCGA-E2-A150-01A-11D-A12B-09	0	4	0	16	0	0	6	0	13	19	22	0	0
TCGA-E2-A152-01A-11D-A12B-09	43	36	50	0	0	0	20	16	0	0	0	0	0
TCGA-E2-A153-01A-12D-A12B-09	3	0	0	8	0	10	2	0	0	0	0	0	0
TCGA-E2-A154-01A-11D-A10Y-09	0	0	0	11	0	18	10	0	7	0	0	0	10
TCGA-E2-A155-01A-11D-A12B-09	13	0	0	22	0	0	0	0	14	15	18	0	0
TCGA-E2-A156-01A-11D-A12B-09	3	0	4	0	0	16	0	0	0	0	0	0	0
TCGA-E2-A158-01A-11D-A12B-09	0	0	13	0	0	27	4	0	14	0	32	0	0
TCGA-E2-A159-01A-11D-A10Y-09	44	39	77	0	0	0	0	21	0	0	0	0	0
TCGA-E2-A15A-01A-11D-A12B-09	0	0	0	14	0	0	0	0	12	18	0	0	16
TCGA-E2-A15C-01A-31D-A12B-09	0	0	0	27	0	0	0	7	11	0	0	0	0
TCGA-E2-A15D-01A-11D-A10Y-09	0	0	0	5	7	9	3	0	6	0	0	0	0
TCGA-E2-A15E-01A-11D-A12B-09	0	5	0	4	9	23	0	0	0	0	0	0	0
TCGA-E2-A15G-01A-11D-A12B-09	9	0	0	0	0	48	6	0	8	0	0	0	0
TCGA-E2-A15H-01A-11D-A12B-09	0	0	7	18	0	0	0	0	10	0	0	0	0
TCGA-E2-A15I-01A-21D-A135-09	3	0	0	7	0	12	0	5	0	7	0	0	0
TCGA-E2-A15J-01A-11D-A12Q-09	0	0	0	10	0	0	0	4	0	0	0	10	0
TCGA-E2-A15K-01A-11D-A12Q-09	0	0	0	17	0	21	0	17	0	0	0	0	0
TCGA-E2-A15L-01A-11D-A12B-09	0	3	0	7	7	14	2	0	0	0	0	0	0
TCGA-E2-A15M-01A-11D-A12B-09	22	8	29	31	0	0	0	9	0	0	0	0	21
TCGA-E2-A15O-01A-11D-A10Y-09	0	0	0	0	0	34	3	0	0	0	0	0	0
TCGA-E2-A15P-01A-11D-A10Y-09	0	0	0	10	12	0	3	4	0	0	0	0	0
TCGA-E2-A15R-01A-11D-A10Y-09	3	0	0	16	0	15	5	6	0	0	0	0	0
TCGA-E2-A15S-01A-11D-A10Y-09	7	0	11	0	14	24	0	0	0	0	0	0	10
TCGA-E2-A15T-01A-11D-A10Y-09	0	0	0	6	0	29	0	0	6	0	0	0	0
TCGA-E2-A1AZ-01A-11D-A12Q-09	8	7	25	0	0	0	12	0	0	0	0	0	11
TCGA-E2-A1B0-01A-11D-A12Q-09	0	4	0	10	11	0	7	7	0	0	0	18	0
TCGA-E2-A1B1-01A-21D-A12Q-09	8	17	0	9	0	0	0	29	0	0	0	0	0
TCGA-E2-A1B4-01A-11D-A12Q-09	4	0	8	4	0	0	4	13	0	0	0	0	8
TCGA-E2-A1B5-01A-21D-A12Q-09	12	5	7	0	0	13	4	0	0	0	0	0	0
TCGA-E2-A1B6-01A-31D-A12Q-09	0	0	7	10	0	0	0	0	0	0	23	0	8
TCGA-E2-A1BC-01A-11D-A14G-09	0	0	17	11	0	0	0	0	0	11	0	0	0
TCGA-E2-A1BD-01A-11D-A12Q-09	0	0	0	15	0	0	4	0	0	0	0	19	0
TCGA-E2-A1IE-01A-11D-A188-09	0	0	0	9	0	0	0	0	10	0	0	0	13
TCGA-E2-A1IF-01A-11D-A142-09	0	0	0	0	10	7	1	0	0	0	0	0	0
TCGA-E2-A1IG-01A-11D-A142-09	0	0	0	6	0	37	6	0	0	0	0	0	0
TCGA-E2-A1IH-01A-11D-A188-09	16	16	14	0	12	26	0	0	0	0	0	0	0
TCGA-E2-A1II-01A-11D-A142-09	0	0	0	6	0	0	0	0	0	8	16	0	0
TCGA-E2-A1IJ-01A-11D-A142-09	0	0	0	0	0	8	0	0	0	8	0	0	0
TCGA-E2-A1IK-01A-11D-A17G-09	0	1	0	2	0	0	5	0	0	0	0	8	0
TCGA-E2-A1IL-01A-11D-A14G-09	0	0	0	10	0	0	5	0	0	0	0	21	0
TCGA-E2-A1IN-01A-11D-A13L-09	81	87	36	0	0	0	0	34	0	0	0	0	0
TCGA-E2-A1IO-01A-11D-A142-09	1	0	0	0	0	9	2	0	0	0	0	0	0
TCGA-E2-A1IU-01A-11D-A14G-09	7	0	0	0	0	0	8	0	6	0	12	0	0
TCGA-E2-A1L6-01A-11D-A13L-09	2	0	0	0	6	0	7	0	7	0	0	0	0
TCGA-E2-A1L7-01A-11D-A142-09	0	4	0	0	13	26	0	6	0	12	14	0	0
TCGA-E2-A1L8-01A-11D-A13L-09	3	0	0	0	10	23	0	0	0	0	0	0	0
TCGA-E2-A1L9-01A-11D-A13L-09	0	0	0	11	0	0	5	0	5	0	0	0	7
TCGA-E2-A1LA-01A-11D-A142-09	0	0	18	9	22	0	0	0	0	0	57	0	0
TCGA-E2-A1LB-01A-11D-A142-09	8	6	18	0	0	11	4	8	0	0	0	0	0
TCGA-E2-A1LG-01A-21D-A14K-09	32	69	45	0	0	0	10	35	0	0	0	0	0
TCGA-E2-A1LH-01A-11D-A14G-09	18	42	0	0	0	45	0	0	0	34	79	0	0
TCGA-E2-A1LI-01A-12D-A159-09	5	7	0	0	0	0	3	0	0	0	13	0	0
TCGA-E2-A1LK-01A-21D-A14G-09	0	5	0	39	0	0	10	0	0	0	0	0	0
TCGA-E2-A1LL-01A-11D-A142-09	4	7	0	9	0	0	0	0	0	0	0	37	19
TCGA-E2-A1LS-01A-12D-A159-09	0	0	14	0	0	22	4	0	9	0	0	29	0
TCGA-E2-A2P6-01A-11D-A19Y-09	68	36	0	18	0	0	12	52	0	0	0	0	0
TCGA-E2-A56Z-01A-12D-A29N-09	0	0	0	10	11	19	7	0	7	0	0	0	0
TCGA-E2-A570-01A-11D-A29N-09	0	0	0	17	0	0	0	12	0	0	0	0	0
TCGA-E2-A572-01A-13D-A31U-09	0	0	5	3	0	19	0	0	0	0	0	0	0
TCGA-E2-A573-01A-11D-A29N-09	0	0	16	13	0	0	0	0	0	19	27	0	0
TCGA-E2-A574-01A-11D-A29N-09	25	34	24	21	0	0	15	34	0	0	0	0	0
TCGA-E2-A576-01A-11D-A31U-09	0	0	0	13	0	37	7	11	0	0	0	0	0
TCGA-E2-A9RU-01A-11D-A41F-09	11	12	0	41	0	0	16	26	0	0	0	0	0
TCGA-E9-A1N3-01A-12D-A159-09	0	0	7	0	0	13	0	0	0	13	0	0	0
TCGA-E9-A1N4-01A-11D-A14K-09	4	5	0	0	0	16	6	3	0	0	0	0	0
TCGA-E9-A1N5-01A-11D-A14G-09	10	3	0	0	0	0	0	0	8	9	0	15	0
TCGA-E9-A1N8-01A-11D-A142-09	3	2	0	0	8	0	5	0	0	0	0	16	0
TCGA-E9-A1N9-01A-11D-A14G-09	6	0	0	15	0	0	0	0	0	21	26	0	0
TCGA-E9-A1NA-01A-11D-A142-09	5	10	20	12	0	0	8	12	0	0	29	0	23
TCGA-E9-A1NC-01A-12W-A16L-09	0	0	0	0	51	0	0	24	0	0	0	157	0
TCGA-E9-A1ND-01A-11D-A142-09	9	11	0	21	14	0	0	0	10	0	0	36	11
TCGA-E9-A1NE-01A-21D-A14K-09	3	0	0	4	0	0	0	0	6	16	27	0	0
TCGA-E9-A1NF-01A-11D-A14G-09	19	0	11	9	0	0	8	0	11	0	0	0	0
TCGA-E9-A1NG-01A-21D-A14K-09	1	0	0	0	0	10	0	0	6	0	0	0	4
TCGA-E9-A1NH-01A-11D-A14G-09	0	0	0	0	8	24	0	0	0	0	0	0	0
TCGA-E9-A1NI-01A-11W-A16H-09	0	0	0	0	29	0	0	0	0	0	0	133	0
TCGA-E9-A1QZ-01A-21D-A167-09	0	0	0	3	0	10	0	0	0	0	0	0	8
TCGA-E9-A1R0-01A-22D-A16D-09	5	5	0	14	0	0	5	9	0	0	0	0	0
TCGA-E9-A1R2-01A-11D-A14G-09	0	17	0	7	18	0	0	0	0	0	0	0	17
TCGA-E9-A1R3-01A-31D-A14K-09	3	0	0	0	0	10	2	0	4	0	0	0	5
TCGA-E9-A1R4-01A-21D-A14G-09	44	15	78	0	0	0	11	0	0	0	0	0	0
TCGA-E9-A1R5-01A-11D-A14K-09	2	0	6	0	0	33	5	0	0	0	0	0	0
TCGA-E9-A1R6-01A-11D-A14G-09	0	0	0	6	0	16	9	0	0	0	0	0	7
TCGA-E9-A1R7-01A-11D-A14K-09	9	0	0	10	0	0	0	0	11	9	0	18	0
TCGA-E9-A1RA-01A-11D-A14G-09	5	0	0	0	0	17	0	4	0	0	0	0	0
TCGA-E9-A1RB-01A-11D-A17G-09	0	0	0	9	11	0	0	0	9	0	0	0	9
TCGA-E9-A1RC-01A-11D-A159-09	0	0	0	18	0	0	5	5	0	0	0	15	9
TCGA-E9-A1RD-01A-11D-A159-09	5	0	4	4	0	0	0	0	3	0	0	0	4
TCGA-E9-A1RE-01A-11D-A159-09	0	0	0	17	0	25	6	0	14	0	0	0	0
TCGA-E9-A1RF-01A-11D-A159-09	7	15	0	23	0	0	0	0	16	25	63	0	20
TCGA-E9-A1RG-01A-11D-A14G-09	4	3	0	0	10	23	0	0	0	0	0	0	0
TCGA-E9-A1RH-01A-21D-A167-09	7	11	0	22	0	0	6	0	20	16	29	0	0
TCGA-E9-A1RI-01A-11D-A167-09	5	0	0	0	0	12	0	0	0	6	0	0	0
TCGA-E9-A226-01A-21D-A159-09	6	22	0	10	0	0	10	21	0	0	0	0	0
TCGA-E9-A227-01A-11D-A159-09	0	2	0	0	0	0	0	6	0	0	8	0	0
TCGA-E9-A228-01A-31D-A159-09	7	5	0	20	0	0	0	11	0	0	0	0	7
TCGA-E9-A229-01A-31D-A17G-09	0	5	0	16	0	0	3	6	0	0	0	0	0
TCGA-E9-A22A-01A-11D-A159-09	6	4	0	0	0	15	0	0	0	0	10	0	0
TCGA-E9-A22B-01A-11D-A159-09	6	5	0	14	0	14	4	10	0	0	0	19	0
TCGA-E9-A22D-01A-11D-A159-09	0	0	0	9	0	14	8	0	0	0	0	0	0
TCGA-E9-A22E-01A-11D-A159-09	12	20	22	0	0	31	0	0	0	24	39	0	0
TCGA-E9-A22G-01A-11D-A159-09	0	8	0	0	35	0	0	0	0	16	39	0	17
TCGA-E9-A22H-01A-11D-A159-09	0	0	0	10	0	0	2	4	0	0	9	0	0
TCGA-E9-A243-01A-21D-A167-09	4	8	9	0	13	16	0	7	0	11	15	0	0
TCGA-E9-A244-01A-11D-A167-09	0	0	0	14	0	29	0	0	15	17	31	0	14
TCGA-E9-A245-01A-22D-A16D-09	0	0	0	0	0	0	0	9	0	0	0	25	0
TCGA-E9-A247-01A-11D-A167-09	0	0	12	19	11	0	3	0	0	0	12	0	0
TCGA-E9-A248-01A-11D-A167-09	5	0	0	19	0	0	0	0	0	0	0	0	0
TCGA-E9-A249-01A-11D-A167-09	0	0	0	12	0	0	2	0	0	0	0	0	11
TCGA-E9-A24A-01A-11D-A167-09	0	0	0	4	0	0	2	0	0	5	0	11	0
TCGA-E9-A295-01A-11D-A16D-09	0	0	0	16	0	36	6	0	0	23	0	0	17
TCGA-E9-A2JS-01A-11D-A17W-09	0	0	0	44	0	0	14	0	0	0	0	0	26
TCGA-E9-A2JT-01A-22D-A18P-09	10	4	5	0	0	0	2	0	0	0	0	0	0
TCGA-E9-A3HO-01A-11D-A20S-09	3	7	0	0	0	17	0	0	15	0	18	0	10
TCGA-E9-A3QA-01A-61D-A228-09	14	15	17	0	0	0	0	0	11	0	0	0	19
TCGA-E9-A3X8-01A-31D-A22X-09	0	9	0	10	0	0	0	11	0	0	0	0	9
TCGA-E9-A54Y-01A-11D-A25Q-09	8	0	0	16	0	0	4	12	0	0	0	0	13
TCGA-E9-A5FK-01A-11D-A27P-09	0	0	0	9	0	0	3	0	8	0	0	12	0
TCGA-E9-A5FL-01A-11D-A27P-09	7	14	15	10	0	0	8	0	18	0	0	43	21
TCGA-E9-A5UO-01A-11D-A28B-09	0	0	0	9	0	10	0	0	9	0	0	0	7
TCGA-E9-A6HE-01A-11D-A31U-09	0	0	0	12	0	0	2	3	5	0	0	0	0
TCGA-EW-A1IW-01A-11D-A13L-09	48	28	0	22	0	0	0	0	19	0	0	0	0
TCGA-EW-A1IX-01A-12D-A142-09	13	18	0	0	0	0	0	9	0	0	0	0	9
TCGA-EW-A1IY-01A-11D-A188-09	6	0	7	3	0	0	10	13	0	0	0	0	0
TCGA-EW-A1IZ-01A-11D-A188-09	0	0	0	109	136	89	30	0	69	0	0	0	0
TCGA-EW-A1J1-01A-11D-A188-09	0	0	0	6	0	0	4	0	0	0	6	0	7
TCGA-EW-A1J2-01A-21D-A13L-09	0	0	0	16	0	0	8	14	0	0	0	0	0
TCGA-EW-A1J3-01A-11D-A13L-09	0	0	0	6	0	0	0	11	0	0	0	11	0
TCGA-EW-A1J5-01A-11D-A13L-09	201	145	83	0	0	0	23	73	0	0	0	0	0
TCGA-EW-A1J6-01A-11D-A188-09	4	0	0	0	0	27	0	0	6	0	0	0	8
TCGA-EW-A1OV-01A-11D-A142-09	76	42	0	0	0	0	0	24	0	0	0	0	0
TCGA-EW-A1OX-01A-11D-A142-09	0	8	0	6	0	0	0	0	0	0	0	22	0
TCGA-EW-A1OY-01A-11D-A142-09	5	0	0	18	0	37	6	10	0	0	0	0	0
TCGA-EW-A1OZ-01A-11D-A142-09	8	6	0	32	0	0	0	9	0	0	0	0	17
TCGA-EW-A1P0-01A-11D-A142-09	0	0	5	0	0	13	0	0	7	0	0	0	0
TCGA-EW-A1P1-01A-31D-A14G-09	0	0	0	0	0	0	0	0	0	13	0	15	0
TCGA-EW-A1P3-01A-11D-A142-09	0	0	0	0	0	21	0	10	0	0	0	0	0
TCGA-EW-A1P4-01A-21D-A142-09	0	8	12	0	0	25	5	0	0	0	0	29	0
TCGA-EW-A1P5-01A-11D-A142-09	0	0	0	18	0	0	0	0	0	7	0	0	0
TCGA-EW-A1P6-01A-11D-A142-09	0	0	0	0	0	22	2	5	0	0	0	0	0
TCGA-EW-A1P7-01A-21D-A142-09	0	0	0	0	0	0	0	0	4	0	0	18	0
TCGA-EW-A1P8-01A-11D-A142-09	0	4	8	7	0	0	3	8	0	0	20	0	0
TCGA-EW-A1PA-01A-11D-A142-09	2	2	0	5	0	0	7	11	0	0	13	0	7
TCGA-EW-A1PB-01A-11D-A142-09	22	54	25	0	0	0	0	29	0	0	40	0	0
TCGA-EW-A1PD-01A-11D-A142-09	6	17	0	0	0	0	0	19	0	0	34	0	16
TCGA-EW-A1PE-01A-11D-A142-09	12	0	0	13	0	0	0	0	0	0	0	0	13
TCGA-EW-A1PG-01A-11D-A142-09	0	0	0	2	0	0	4	0	0	0	0	9	0
TCGA-EW-A1PH-01A-11D-A14K-09	0	0	12	16	0	0	7	6	0	0	0	17	0
TCGA-EW-A2FR-01A-11D-A21Q-09	5	10	0	11	0	13	0	14	0	0	0	0	0
TCGA-EW-A2FS-01A-11D-A17D-09	0	4	0	7	0	15	0	10	0	0	0	0	8
TCGA-EW-A2FV-01A-11D-A17D-09	0	0	0	4	0	11	5	0	7	0	0	0	9
TCGA-EW-A2FW-01A-11D-A17D-09	4	0	0	20	0	0	0	0	0	0	0	0	0
TCGA-EW-A423-01A-11D-A243-09	6	13	0	27	0	0	0	15	14	0	0	0	0
TCGA-EW-A6S9-01A-22D-A33E-09	0	0	0	7	0	12	3	4	0	0	0	0	0
TCGA-EW-A6SA-01A-21D-A32I-09	9	9	0	20	0	23	9	0	25	0	0	0	19
TCGA-EW-A6SB-01A-12D-A32I-09	0	5	0	23	0	0	6	10	0	0	0	35	0
TCGA-EW-A6SC-01A-12D-A32I-09	6	0	0	4	7	10	0	0	6	0	0	0	0
TCGA-EW-A6SD-01A-12D-A33E-09	18	14	8	11	10	0	0	0	0	9	0	0	0
TCGA-GI-A2C8-01A-11D-A16D-09	5	14	0	20	0	0	0	0	17	17	41	0	25
TCGA-GM-A2D9-01A-11D-A18P-09	231	148	96	0	0	0	0	129	0	0	0	0	0
TCGA-GM-A2DA-01A-11D-A18P-09	3	4	0	0	0	29	5	0	0	0	0	0	0
TCGA-GM-A2DB-01A-31D-A19Y-09	0	7	0	0	0	56	5	9	0	21	0	29	0
TCGA-GM-A2DC-01A-11D-A18P-09	0	0	0	8	0	18	0	0	0	0	0	0	0
TCGA-GM-A2DD-01A-11D-A17W-09	0	4	0	11	0	0	0	0	10	11	0	33	0
TCGA-GM-A2DF-01A-11D-A17W-09	3	5	0	6	0	20	3	0	11	0	0	0	0
TCGA-GM-A2DH-01A-11D-A17W-09	36	65	49	0	0	35	11	0	25	0	0	0	0
TCGA-GM-A2DI-01A-31D-A18P-09	26	17	11	0	0	0	9	11	0	0	0	0	0
TCGA-GM-A2DK-01A-21D-A17W-09	4	0	0	0	0	24	3	0	0	0	0	0	0
TCGA-GM-A2DL-01A-11D-A18P-09	5	3	0	7	0	0	2	9	0	17	0	0	7
TCGA-GM-A2DM-01A-11D-A17W-09	2	0	0	0	9	8	4	0	0	0	0	0	0
TCGA-GM-A2DN-01A-11D-A17W-09	1	0	0	6	0	0	0	6	0	0	0	0	8
TCGA-GM-A2DO-01A-11D-A19Y-09	69	66	29	0	0	0	17	42	0	0	0	0	0
TCGA-GM-A3NW-01A-21D-A228-09	22	14	21	15	0	0	5	18	0	0	0	0	0
TCGA-GM-A3XL-01A-11D-A22X-09	8	29	20	9	0	0	0	9	0	0	37	35	0
TCGA-GM-A4E0-01A-12D-A25Q-09	0	0	0	8	0	11	5	0	0	0	0	0	14
TCGA-GM-A5PV-01A-11D-A28B-09	9	0	0	0	0	15	4	0	0	0	12	0	0
TCGA-GM-A5PX-01A-12D-A28B-09	8	5	0	14	0	0	0	0	12	0	0	0	0
TCGA-HN-A2NL-01A-11D-A18P-09	0	8	0	0	16	48	0	0	0	0	0	0	20
TCGA-HN-A2OB-01A-21D-A27P-09	1	0	5	0	0	14	0	0	0	0	0	0	0
TCGA-JL-A3YX-01A-11D-A22X-09	15	4	8	11	0	0	0	0	0	8	0	0	0
TCGA-LD-A66U-01A-11D-A31U-09	0	0	0	14	0	0	0	0	13	10	0	0	0
TCGA-LD-A74U-01A-13D-A33E-09	129	55	95	0	0	0	18	51	0	0	0	0	0
TCGA-LD-A7W5-01A-22D-A351-09	8	0	14	12	0	18	5	0	0	0	0	0	0
TCGA-LD-A7W6-01A-81D-A351-09	3	0	0	0	0	32	0	12	0	0	0	0	0
TCGA-LD-A9QF-01A-32D-A41F-09	0	0	0	12	0	17	4	0	0	0	0	0	0
TCGA-LL-A440-01A-11D-A243-09	1	0	0	0	0	11	0	0	0	0	0	0	0
TCGA-LL-A50Y-01A-11D-A25Q-09	0	0	0	9	12	17	0	8	0	0	0	0	0
TCGA-LL-A5YL-01A-12D-A29N-09	21	9	0	20	0	0	16	25	0	0	0	0	0
TCGA-LL-A5YM-01A-11D-A28B-09	0	4	0	12	0	0	0	9	8	0	0	0	0
TCGA-LL-A5YN-01A-11D-A28B-09	0	0	0	9	0	0	0	8	9	0	0	0	11
TCGA-LL-A5YO-01A-21D-A28B-09	3	6	19	0	0	0	0	0	0	9	19	0	0
TCGA-LL-A5YP-01A-21D-A28B-09	7	0	14	0	0	0	0	0	16	17	25	0	19
TCGA-LL-A6FP-01A-11D-A31U-09	11	0	0	12	0	0	12	14	14	0	0	0	14
TCGA-LL-A6FQ-01A-11D-A31U-09	0	0	0	30	0	0	5	11	14	0	0	0	0
TCGA-LL-A6FR-01A-12D-A31U-09	0	3	0	0	9	27	5	0	0	0	0	0	0
TCGA-LL-A73Y-01A-11D-A33E-09	32	57	81	0	0	0	14	0	0	0	0	0	0
TCGA-LL-A73Z-01A-11D-A32I-09	0	0	0	12	0	0	0	0	15	0	0	31	0
TCGA-LL-A740-01A-21D-A32I-09	6	0	0	20	0	0	0	10	15	16	0	0	0
TCGA-LL-A7SZ-01A-32D-A351-09	6	0	0	12	15	19	7	0	0	0	0	0	0
TCGA-LL-A7T0-01A-31D-A351-09	5	6	0	25	12	0	8	0	0	0	0	0	14
TCGA-LL-A8F5-01A-11D-A36J-09	0	10	0	0	27	46	6	19	24	0	52	0	20
TCGA-LL-A9Q3-01A-11D-A41F-09	9	0	0	23	0	0	6	0	0	0	0	29	0
TCGA-OK-A5Q2-01A-11D-A27P-09	4	0	0	0	0	26	10	0	0	0	0	0	0
TCGA-OL-A5D6-01A-21D-A27P-09	5	0	0	0	0	37	5	7	0	0	0	0	0
TCGA-OL-A5D7-01A-11D-A27P-09	5	6	9	12	0	0	0	0	12	0	27	0	0
TCGA-OL-A5D8-01A-11D-A27P-09	3	0	0	12	0	0	0	0	0	0	0	19	0
TCGA-OL-A5DA-01A-11D-A27P-09	23	22	20	10	0	0	12	15	0	0	0	0	0
TCGA-OL-A5RU-01A-11D-A28B-09	0	0	0	25	0	0	0	16	0	0	0	0	0
TCGA-OL-A5RV-01A-12D-A28B-09	0	0	0	0	0	20	0	0	0	0	0	0	0
TCGA-OL-A5RW-01A-11D-A28B-09	35	58	81	0	0	0	0	27	0	0	50	0	0
TCGA-OL-A5RX-01A-11D-A28B-09	0	0	0	19	14	0	0	0	0	0	0	0	0
TCGA-OL-A5RY-01A-21D-A28B-09	1	2	0	6	0	0	0	0	0	6	0	0	0
TCGA-OL-A5RZ-01A-11D-A28B-09	11	8	0	36	0	0	13	11	0	0	23	0	31
TCGA-OL-A5S0-01A-11D-A28B-09	5	0	0	21	0	0	4	0	15	0	0	0	0
TCGA-OL-A66H-01A-11D-A29N-09	0	0	0	7	0	0	0	5	0	0	8	0	5
TCGA-OL-A66I-01A-21D-A29N-09	0	3	0	7	0	13	0	11	0	0	14	0	0
TCGA-OL-A66J-01A-11D-A29N-09	7	0	8	12	0	28	0	11	0	0	0	0	0
TCGA-OL-A66K-01A-11D-A29N-09	0	0	11	26	0	0	0	8	0	0	0	0	0
TCGA-OL-A66L-01A-12D-A31U-09	40	22	0	11	0	0	6	11	0	0	0	0	0
TCGA-OL-A66N-01A-12D-A31U-09	3	0	0	14	0	26	4	5	0	0	0	0	0
TCGA-OL-A66O-01A-11D-A31U-09	0	0	0	5	0	18	0	0	0	0	0	0	5
TCGA-OL-A66P-01A-11D-A31U-09	0	0	0	11	14	0	7	10	0	0	0	50	14
TCGA-OL-A6VO-01A-12D-A33E-09	0	0	6	13	0	0	0	0	0	0	0	12	0
TCGA-OL-A6VQ-01A-12D-A41F-09	25	0	20	10	0	0	0	0	0	0	0	0	37
TCGA-OL-A6VR-01A-32D-A33E-09	1	0	0	6	0	0	0	0	0	4	0	0	0
TCGA-OL-A97C-01A-32D-A41F-09	0	0	0	14	0	0	0	0	12	14	0	29	0
TCGA-PE-A5DC-01A-12D-A27P-09	5	0	23	19	0	0	0	17	0	0	29	32	19
TCGA-PE-A5DD-01A-12D-A27P-09	20	12	0	17	0	0	7	21	0	0	0	0	0
TCGA-PE-A5DE-01A-11D-A27P-09	232	110	138	0	0	0	70	132	0	0	0	0	0
TCGA-PL-A8LV-01A-21D-A41F-09	16	8	55	0	0	0	0	0	0	29	38	0	0
TCGA-PL-A8LX-01A-11D-A41F-09	0	0	0	13	13	0	0	0	6	0	12	0	0
TCGA-PL-A8LY-01A-11D-A41F-09	0	0	0	0	0	8	0	0	0	0	0	0	0
TCGA-PL-A8LZ-01A-31D-A36J-09	10	0	0	10	0	0	8	21	15	0	25	0	41
TCGA-S3-A6ZF-01A-32D-A32I-09	6	0	0	23	0	17	0	0	0	0	0	0	0
TCGA-S3-A6ZG-01A-22D-A32I-09	0	0	0	11	0	21	10	0	11	0	0	0	0
TCGA-S3-A6ZH-01A-22D-A32I-09	0	0	0	16	0	0	6	0	0	0	0	19	0
TCGA-S3-AA0Z-01A-11D-A41F-09	12	9	0	18	0	0	0	0	12	0	0	27	0
TCGA-S3-AA10-01A-21D-A41F-09	9	14	0	11	0	0	0	0	20	0	0	65	59
TCGA-S3-AA11-01A-31D-A41F-09	0	0	0	0	0	0	5	0	13	15	0	32	24
TCGA-S3-AA12-01A-11D-A41F-09	4	0	0	7	0	24	3	0	7	0	0	0	10
TCGA-S3-AA14-01A-11D-A41F-09	3	2	0	5	0	14	0	0	0	0	0	0	0
TCGA-S3-AA15-01A-11D-A41F-09	10	10	27	0	0	0	7	0	0	0	0	0	0
TCGA-S3-AA17-01A-11D-A41F-09	9	10	0	10	0	30	11	0	21	0	34	0	26
TCGA-UL-AAZ6-01A-11D-A41F-09	13	9	0	0	19	40	0	0	20	18	0	0	16
TCGA-UU-A93S-01A-21D-A41F-09	13	12	0	22	0	0	0	0	33	32	41	0	45
TCGA-V7-A7HQ-01A-11D-A33E-09	0	4	8	4	0	0	0	0	0	0	12	0	0
TCGA-W8-A86G-01A-21D-A36J-09	0	0	0	0	0	26	0	0	6	0	0	0	0
TCGA-WT-AB41-01A-11D-A41F-09	19	0	0	5	0	21	3	0	11	0	0	0	0
TCGA-WT-AB44-01A-11D-A41F-09	0	0	0	23	0	0	0	0	10	12	0	0	8
TCGA-XX-A899-01A-11D-A36J-09	10	10	0	0	0	0	13	0	9	0	0	0	8
TCGA-XX-A89A-01A-11D-A36J-09	45	63	86	0	0	0	18	35	0	0	0	0	0
TCGA-Z7-A8R5-01A-42D-A41F-09	0	0	0	18	0	16	0	0	0	0	0	0	0
TCGA-Z7-A8R6-01A-11D-A41F-09	28	13	14	14	0	0	9	9	11	0	0	0	0
